67650, 79662, 15144, 21003, 9641, 1805, 49756, 46648, 3059, 13483, 46757, 9356, 9240, 62252, 47223, 9564, 66339, 131297, 67052, 51150, 33422, 78250, 9266, 3310, 17223, 81679, 47195, 3660, 49665, 13408, 13479, 20085, 37276, 51691, 21367, 85362, 9780, 127616, 115413, 13649, 3139, 9777, 49829, 133756, 50065, 68372, 65738, 62053, 9663, 116320, 13504, 3577, 49953, 81224, 16875, 77561
Feature count is 56
Criterion1 result is ObjectIndex = 1477, Distance = -5.8684693053941370339885797195, Value = 0.7005644638836606838439295833
Boundary = -5.864683024981380054300851248
-7.490156
-5.927000
-8.082978
-8.082978
-8.082978
-8.082978
-8.082978
-8.082978
-8.082978
-8.082978
-8.082978
-8.082978
-8.082978
-3.519620
-8.082978
-8.082978
-8.082978
-8.082978
-8.082978
-6.632137
-8.082978
-8.082978
-8.082978
-8.082978
-8.082978
-8.082978
-8.082978
-8.082978
-8.082978
-8.082978
-8.082978
-8.082978
-8.082978
-7.078985
-8.082978
-5.094765
-8.082978
-8.082978
-5.105691
-8.082978
-8.082978
-4.471616
-8.082978
-8.082978
-8.082978
-8.082978
-8.082978
-8.082978
-8.082978
-8.082978
-8.082978
-8.082978
-8.082978
-7.790021
-8.082978
-6.906022
-1.883957
-8.082978
-1.000983
-7.822984
-8.082978
-8.082978
-8.082978
-8.082978
-8.082978
-8.082978
-8.082978
-8.082978
-8.082978
-8.082978
-8.082978
-8.082978
-8.082978
-8.082978
-7.122654
-4.465462
-8.082978
-8.082978
-8.082978
-6.767570
-8.082978
-8.082978
-8.082978
-7.758816
-8.082978
4.697276
-7.686095
-8.082978
-8.082978
-8.082978
-8.082978
-8.082978
-8.082978
-8.082978
-8.082978
-8.082978
-7.686095
-8.082978
-8.082978
-8.082978
-8.082978
-8.082978
-1.832226
-7.646279
-8.082978
-8.082978
-7.646279
-3.294859
-8.082978
-8.082978
-7.616674
-8.082978
-8.082978
-8.082978
-5.926767
-7.204269
-8.082978
-8.082978
-7.524737
-8.082978
-8.082978
-8.082978
-6.771854
-8.082978
-8.082978
-7.088038
-7.330864
-8.082978
-8.082978
-8.082978
-8.082978
-8.082978
-8.082978
-8.082978
-8.082978
-8.082978
-1.849342
-8.082978
-8.082978
-7.027564
-8.082978
-2.023017
-6.906022
-8.082978
-8.082978
-6.644902
-8.082978
-8.082978
-7.881377
-8.082978
-8.082978
-8.082978
-8.082978
-8.082978
-8.082978
-8.082978
-8.082978
-8.082978
-5.687944
-8.082978
-8.082978
-7.618866
-4.359089
-8.082978
-8.082978
-8.082978
-8.082978
-6.776784
-8.082978
-8.082978
-8.082978
-8.082978
-8.082978
-8.082978
-8.082978
-8.082978
-8.082978
-8.082978
-7.127854
-8.082978
-8.082978
-8.082978
-8.082978
-8.082978
-8.082978
-8.082978
-8.082978
-8.082978
-8.082978
-8.082978
-8.082978
-8.082978
-8.082978
-8.082978
-6.018056
-8.082978
-7.464263
-8.082978
-8.082978
-8.082978
-8.082978
-8.082978
-8.082978
-8.082978
-8.082978
-8.082978
-8.082978
-8.082978
-8.082978
-8.082978
-8.082978
-8.082978
-8.082978
-6.697750
-8.082978
-8.082978
-8.082978
-8.082978
-8.082978
-8.082978
-8.082978
-8.082978
-3.711384
-8.082978
-7.144947
-6.830442
-8.082978
-8.082978
-8.082978
-5.989104
-8.082978
-8.082978
-8.082978
-5.907336
-8.082978
-8.082978
-8.082978
-8.082978
-6.879490
-4.183502
-8.082978
-8.082978
-8.082978
-8.082978
-8.082978
-8.082978
-8.082978
-8.082978
-8.082978
-8.082978
-7.758816
0.211198
-8.082978
-8.082978
-8.082978
-8.082978
-8.082978
-1.103816
-8.082978
-8.082978
-8.082978
-8.082978
-8.082978
-8.082978
-8.082978
-8.082978
-8.082978
-4.781154
-8.082978
-8.082978
-3.080093
-8.082978
-8.082978
-8.082978
-8.082978
-7.464263
-5.690906
-8.082978
-8.082978
-8.082978
-8.082978
-8.082978
-8.082978
-8.082978
-7.464263
-8.082978
-8.082978
-7.027564
-6.457706
-8.082978
-8.082978
-8.082978
-8.082978
-8.082978
3.654230
-8.082978
-8.082978
-8.082978
-8.082978
-8.082978
-8.082978
-7.464263
-8.082978
-8.082978
-8.082978
-8.082978
-8.082978
-8.082978
-8.082978
-7.205439
-7.386913
-8.082978
-7.464263
-8.082978
-8.082978
-8.082978
2.055648
-1.639742
-8.082978
-8.082978
-8.082978
-8.082978
-7.618869
-8.082978
-8.082978
-8.082978
-8.082978
-8.082978
-8.082978
-8.082978
-8.082978
-8.082978
-8.082978
-8.082978
-8.082978
-6.375328
-8.082978
-8.082978
-8.082978
-8.082978
1.284912
-8.082978
-8.082978
-8.082978
-8.082978
-8.082978
-8.082978
-8.082978
-8.082978
-8.082978
-8.082978
-8.082978
-8.082978
-8.082978
-8.082978
-8.082978
-8.082978
-8.082978
-8.082978
-8.082978
-8.082978
-8.082978
-8.082978
-8.082978
-8.082978
-7.342520
-7.758816
-8.082978
-8.082978
-7.881835
-8.082978
-8.082978
-8.082978
-8.082978
-8.082978
-8.082978
-8.082978
-7.027564
2.281034
-8.082978
-8.082978
-8.082978
-7.790021
-8.082978
-8.082978
-8.082978
-8.082978
-8.082978
-8.082978
-5.671765
-8.082978
-8.082978
-8.082978
-8.082978
-8.082978
-8.082978
-8.082978
-8.082978
-8.082978
-7.646624
-8.082978
-8.082978
-8.082978
-6.658545
-8.082978
-8.082978
-8.082978
-8.082978
-8.082978
-3.108808
-8.082978
-8.082978
-8.082978
-8.082978
-7.593667
-8.082978
-4.206130
-8.082978
-8.082978
-7.790677
-6.680941
-8.082978
-8.082978
-8.082978
-8.082978
-8.082978
-8.082978
-8.082978
-8.082978
-8.082978
-8.082978
-8.082978
-8.082978
-8.082978
-8.082978
-8.082978
-8.082978
-8.082978
3.804057
-4.926522
-8.082978
-8.082978
-8.082978
-8.082978
-8.082978
-3.773498
-8.082978
0.629443
-8.082978
-8.082978
-8.082978
-8.082978
-8.082978
-8.082978
-8.082978
-8.082978
-6.509139
-8.082978
-8.082978
-3.070258
-8.082978
-8.082978
-6.159636
-8.082978
-4.126012
-8.082978
-8.082978
-8.082978
-8.082978
-8.082978
-7.758816
-8.082978
-8.082978
-8.082978
-7.120836
-8.082978
-8.082978
-8.082978
-7.646279
-3.465391
-2.800859
-8.082978
-8.082978
-8.082978
-8.082978
-8.082978
-6.906022
-8.082978
-8.082978
-8.082978
-8.082978
-8.082978
-8.082978
-8.082978
-8.082978
-5.706131
-6.018263
-5.352430
-8.082978
-8.082978
-8.082978
-8.082978
-8.082978
-8.082978
-8.082978
-8.082978
-8.082978
-8.082978
-8.082978
-3.695044
-4.564434
-8.082978
-8.082978
-8.082978
-8.082978
-1.608736
-8.082978
-8.082978
-8.082978
-8.082978
-8.082978
-8.082978
-7.319452
-8.082978
-8.082978
-8.082978
-8.082978
-8.082978
-8.082978
-8.082978
-8.082978
-8.082978
-8.082978
-8.082978
-8.082978
-8.082978
-8.082978
-8.082978
-8.082978
-8.082978
-8.082978
-7.464263
-8.082978
-6.382920
-8.082978
-8.082978
-6.116784
-8.082978
-7.677012
-8.082978
-8.082978
-6.068766
-6.666718
-7.132317
-8.082978
-8.082978
-8.082978
-8.082978
-8.082978
-0.477485
-8.082978
-8.082978
-7.171306
-7.205439
-8.082978
-8.082978
-4.051423
3.132279
-8.082978
-8.082978
-8.082978
-8.082978
-8.082978
-8.082978
-8.082978
-5.676616
-8.082978
-8.082978
-8.082978
-8.082978
1.113094
-8.082978
-8.082978
-8.082978
-8.082978
-7.850402
-8.082978
-4.562708
-8.082978
-1.066250
-8.082978
-8.082978
-8.082978
-7.877231
-7.233775
-8.082978
-6.359260
-8.082978
-6.434616
-8.082978
-8.082978
-8.082978
-8.082978
-8.082978
-7.677937
-7.650889
-8.082978
-8.082978
-7.758816
-8.082978
-8.082978
-8.082978
-8.082978
-8.082978
-8.082978
-1.341670
-8.082978
-8.082978
-7.852490
-8.082978
-8.082978
-8.082978
-8.082978
-8.082978
-8.082978
-8.082978
-7.224959
-5.841022
-8.082978
-8.082978
-8.082978
-8.082978
-8.082978
-8.082978
-8.082978
-8.082978
-7.357110
-8.082978
-7.297841
-8.082978
-8.082978
-8.082978
-8.082978
-8.082978
1.639795
-8.082978
-8.082978
-8.082978
-8.082978
-8.082978
-8.082978
-4.932871
-7.824154
-8.082978
-8.082978
-8.082978
-8.082978
-8.082978
-8.082978
-8.082978
-8.082978
-8.082978
-8.082978
-8.082978
-8.082978
-8.082978
-8.082978
-8.082978
-8.082978
-8.082978
-8.082978
-8.082978
-8.082978
-7.721687
-8.082978
-8.082978
1.786033
-8.082978
-7.518285
-7.181908
-8.082978
-8.082978
-8.082978
-8.082978
-8.082978
-8.082978
-8.082978
-8.082978
-8.082978
-8.082978
-8.082978
-8.082978
-8.082978
-8.082978
-7.207692
-8.082978
-8.082978
-8.082978
-8.082978
-8.082978
-7.191885
-8.082978
-8.082978
-8.082978
-8.082978
-8.082978
-5.419297
-8.082978
-8.082978
-8.082978
-8.082978
-8.082978
-8.082978
-8.082978
-8.082978
-8.082978
-8.082978
-8.082978
-8.082978
-8.082978
-8.082978
-8.082978
-8.082978
-8.082978
-7.849878
-8.082978
-8.082978
-2.417909
-8.082978
-8.082978
-8.082978
-8.082978
-8.082978
-8.082978
-8.082978
-8.082978
-8.082978
-8.082978
-8.082978
-8.082978
-8.082978
-8.082978
-8.082978
-1.827393
-8.082978
-8.082978
-8.082978
-8.082978
-8.082978
-8.082978
-8.082978
-8.082978
-6.086057
-8.082978
-8.082978
-8.082978
-6.703185
-8.082978
-8.082978
-8.082978
-1.848692
-8.082978
-8.082978
-8.082978
-8.082978
-8.082978
-8.082978
-8.082978
-6.509139
-8.082978
-8.082978
-8.082978
-8.082978
-2.376017
-8.082978
-6.906022
-8.082978
-8.082978
-8.082978
-8.082978
-5.172019
-8.082978
-8.082978
-8.082978
-8.082978
-8.082978
-8.082978
-8.082978
-8.082978
4.702711
-8.082978
-6.431162
-8.082978
-8.082978
-8.082978
-7.850402
-8.082978
-7.123217
-8.082978
-8.082978
-8.082978
-8.082978
-7.190046
-8.082978
-6.073896
-8.082978
-8.082978
-8.082978
-8.082978
-8.082978
-8.082978
2.499426
-8.082978
-8.082978
-8.082978
-8.082978
-8.082978
-8.082978
-8.082978
-8.082978
-8.082978
-6.645832
-8.082978
-8.082978
-8.082978
-8.082978
-8.082978
-8.082978
-8.082978
-8.082978
-8.082978
-8.082978
-8.082978
-8.082978
-8.082978
-8.082978
-8.082978
-8.082978
-8.082978
-4.127501
-8.082978
-0.617168
-7.464263
-8.082978
-7.387193
-8.082978
-2.177246
-8.082978
-6.871441
-8.082978
-8.082978
-8.082978
-8.082978
-8.082978
-8.082978
-8.082978
-8.082978
-5.310085
-8.082978
-8.082978
-8.082978
-5.425581
-8.082978
-8.082978
-4.884676
-8.082978
-8.082978
-8.082978
-8.082978
-8.082978
-8.082978
-8.082978
-8.082978
-8.082978
-8.082978
-8.082978
1.636214
-6.772623
-8.082978
-8.082978
-0.822905
-8.082978
-8.082978
-8.082978
-8.082978
-8.082978
-7.824154
-8.082978
-8.082978
-8.082978
-7.824154
-8.082978
-8.082978
-8.082978
-8.082978
-7.244533
-3.688395
-8.082978
-8.082978
-8.082978
-8.082978
-7.204269
-7.379913
-8.082978
-8.082978
-8.082978
-8.082978
-7.464263
-8.082978
-8.082978
-8.082978
-7.851969
-4.867009
-8.082978
-8.082978
-8.082978
-8.082978
-7.822984
-8.082978
-8.082978
-8.082978
-8.082978
-6.785810
-8.082978
-8.082978
-8.082978
-8.082978
-7.852490
-8.082978
-8.082978
-8.082978
-8.082978
-8.082978
-8.082978
-8.082978
-8.082978
-8.082978
-8.082978
-7.027564
-8.082978
-1.771839
-8.082978
-7.790021
-5.994599
-8.082978
-8.082978
-8.082978
-8.082978
-8.082978
-8.082978
-8.082978
-8.082978
-2.537867
-8.082978
-8.082978
-8.082978
-8.082978
-6.240016
0.127325
-8.082978
-8.082978
-4.930602
-8.082978
-7.080243
-8.082978
-8.082978
-8.082978
-8.082978
-8.082978
-8.082978
-8.082978
-7.877693
-7.553993
-8.082978
-7.094896
-8.082978
-8.082978
-8.082978
-8.082978
-8.082978
-8.082978
-8.082978
-8.082978
-7.258622
-8.082978
-8.082978
-8.082978
-8.082978
-8.082978
-8.082978
-8.082978
-8.082978
-8.082978
-8.082978
-7.758816
-8.082978
-7.319914
-8.082978
-8.082978
-4.833439
-8.082978
-7.641419
-8.082978
-8.082978
-8.082978
-8.082978
-7.464263
-5.839339
-8.082978
-8.082978
-8.082978
-8.082978
-8.082978
-8.082978
-8.082978
-8.082978
-8.082978
2.251829
-8.082978
-5.812466
-8.082978
-4.418435
-8.082978
-8.082978
3.429215
-8.082978
-8.082978
-8.082978
-7.413584
-8.082978
-6.514802
-8.082978
-6.723710
-8.082978
-7.641419
-8.082978
-8.082978
-8.082978
-8.082978
-5.580515
-8.082978
-8.082978
-7.464263
-8.082978
-8.082978
-4.555337
-8.082978
-8.082978
-8.082978
-6.357839
-8.082978
-8.082978
-8.082978
-8.082978
-8.082978
3.795495
-8.082978
-8.082978
-8.082978
-8.082978
-8.082978
-8.082978
-8.082978
-8.082978
-8.082978
-7.524737
-8.082978
-8.082978
-8.082978
-5.988557
-8.082978
-8.082978
-8.082978
-8.082978
-8.082978
-8.082978
-8.082978
-8.082978
-8.082978
-8.082978
-8.082978
-8.082978
-8.082978
-8.082978
-8.082978
-7.464263
-8.082978
-8.082978
-8.082978
-8.082978
-0.862180
-8.082978
-8.082978
-8.082978
-8.082978
-8.082978
-4.469898
-8.082978
-8.082978
-8.082978
-5.199336
-8.082978
-8.082978
-8.082978
1.458358
-8.082978
-8.082978
-7.758816
-8.082978
-8.082978
-8.082978
-8.082978
-8.082978
-7.061705
2.183540
-8.082978
-8.082978
-8.082978
-8.082978
-8.082978
-8.082978
-7.528328
-8.082978
-8.082978
-8.082978
-7.085828
-7.484024
-8.082978
-8.082978
-7.881835
-8.082978
-8.082978
-8.082978
-8.082978
-8.082978
-8.082978
-8.082978
-5.860897
-8.082978
-8.082978
-8.082978
-8.082978
-8.082978
-8.082978
-8.082978
-8.082978
-8.082978
-8.082978
-8.082978
-8.082978
-8.082978
-8.082978
-8.082978
-7.187775
-8.082978
-7.004116
-8.082978
-8.082978
-8.082978
-8.082978
-8.082978
-8.082978
-8.082978
-8.082978
-8.082978
-8.082978
0.255406
-5.812447
-8.082978
-8.082978
-8.082978
-8.082978
-8.082978
1.849351
-8.082978
-8.082978
-8.082978
-8.082978
-8.082978
-8.082978
-8.082978
-8.082978
-8.082978
-7.428730
-8.082978
-8.082978
-8.082978
-8.082978
-8.082978
-8.082978
-8.082978
-8.082978
-8.082978
-8.082978
-8.082978
-8.082978
-6.945354
-8.082978
-7.758816
-8.082978
-8.082978
-2.726198
-8.082978
5.773322
-8.082978
-8.082978
-7.686095
-8.082978
-8.082978
-8.082978
-2.334620
-8.082978
-8.082978
-8.082978
-7.824154
-8.082978
-8.082978
-8.082978
-8.082978
-8.082978
-8.082978
-8.082978
-8.082978
-5.465351
-8.082978
-8.082978
-7.790677
-8.082978
-8.082978
-7.391862
-4.507960
-8.082978
-8.082978
-8.082978
-8.082978
-8.082978
-8.082978
1.824852
-8.082978
-8.082978
-8.082978
-8.082978
-8.082978
-8.082978
-8.082978
-8.082978
-8.082978
-4.803120
-8.082978
-8.082978
-8.082978
-8.082978
-8.082978
-8.082978
-8.082978
-8.082978
-8.082978
-8.082978
3.450467
-8.082978
-8.082978
-8.082978
-8.082978
-8.082978
-6.924120
-6.333922
-8.082978
-8.082978
-8.082978
-7.686095
-8.082978
-8.082978
-8.082978
-2.588061
-8.082978
-8.082978
-8.082978
-8.082978
-8.082978
-8.082978
-8.082978
-8.082978
-8.082978
-8.082978
-6.198967
-8.082978
-8.082978
-8.082978
-8.082978
-8.082978
-8.082978
-8.082978
-8.082978
-8.082978
-8.082978
-8.082978
-8.082978
-8.082978
-8.082978
-8.082978
-8.082978
-8.082978
-2.424733
-8.082978
-8.082978
-8.082978
-5.826802
-8.082978
-8.082978
-6.461528
-8.082978
4.623634
-8.082978
-8.082978
-8.082978
-8.082978
-7.464263
-5.602856
1.974262
-8.082978
-8.082978
-8.082978
-8.082978
-8.082978
-8.082978
-8.082978
-8.082978
-5.836652
-8.082978
-8.082978
-6.659609
-8.082978
-8.082978
-8.082978
-8.082978
-8.082978
-8.082978
-8.082978
-8.082978
2.480458
-8.082978
-8.082978
-8.082978
-8.082978
-8.082978
-8.082978
-7.284988
-8.082978
-8.082978
-8.082978
-8.082978
-8.082978
-8.082978
-8.082978
-8.082978
-8.082978
-8.082978
-7.245238
-3.709307
-5.278832
-7.881377
-5.943342
-8.082978
-8.082978
-8.082978
-8.082978
-8.082978
-8.082978
-8.082978
-0.964305
-8.082978
-8.082978
-1.136189
-5.848383
-8.082978
-8.082978
-8.082978
-8.082978
-8.082978
-8.082978
-8.082978
-8.082978
-7.464263
-7.852490
-8.082978
-8.082978
-8.082978
-7.852490
-8.082978
-8.082978
2.285104
-8.082978
-8.082978
-7.264743
-8.082978
-8.082978
-8.082978
-8.082978
-8.082978
-8.082978
-8.082978
-8.082978
-7.790021
-8.082978
-8.082978
-8.082978
-7.464263
-8.082978
2.967657
-8.082978
-8.082978
-8.082978
-8.082978
-8.082978
-4.081673
-8.082978
-8.082978
-7.464263
-8.082978
-8.082978
-5.305183
-8.082978
-8.082978
-8.082978
-8.082978
-6.509139
-8.082978
-8.082978
-8.082978
-8.082978
-8.082978
-5.524770
-8.082978
-8.082978
-8.082978
-8.082978
-8.082978
-8.082978
4.228308
-8.082978
-7.824154
-7.478157
-7.524737
-7.824154
-8.082978
-8.082978
-7.824154
-7.881835
-8.082978
-8.082978
-8.082978
-8.082978
-8.082978
-8.082978
-8.082978
-8.082978
-8.082978
-8.082978
-8.082978
-8.082978
-6.227356
-7.464263
-8.082978
-8.082978
-7.670095
-4.646836
-8.082978
-8.082978
-8.082978
-8.082978
-8.082978
-8.082978
-6.133552
-8.082978
-8.082978
-8.082978
-7.323821
-5.868469
-8.082978
-7.852490
-8.082978
-8.082978
-8.082978
-7.464263
-8.082978
-8.082978
-8.082978
-7.849354
-8.082978
-7.646684
-8.082978
-8.082978
-8.082978
-8.082978
-8.082978
-8.082978
1.621899
-8.082978
-8.082978
-8.082978
-8.082978
-8.082978
-8.082978
-8.082978
-8.082978
-8.082978
-8.082978
-8.082978
-8.082978
-8.082978
-8.082978
-8.082978
-8.082978
-8.082978
-8.082978
-8.082978
-8.082978
-8.082978
-8.082978
-8.082978
-7.464263
-8.082978
-4.965337
-8.082978
-8.082978
-8.082978
-8.082978
-8.082978
-8.082978
-8.082978
-8.082978
-8.082978
-8.082978
4.799776
-8.082978
-5.825700
-8.082978
-5.312554
-8.082978
-8.082978
-8.082978
-8.082978
-8.082978
-8.082978
-8.082978
-8.082978
-8.082978
-8.082978
-6.748788
-8.082978
-8.082978
-8.082978
-8.082978
-8.082978
-8.082978
-8.082978
-8.082978
-8.082978
-6.332786
-8.082978
-8.082978
-8.082978
-8.082978
-8.082978
-8.082978
-8.082978
-8.082978
-8.082978
-8.082978
-8.082978
-8.082978
-8.082978
-8.082978
-2.570574
4.451390
-8.082978
-8.082978
-8.082978
-8.082978
-8.082978
-8.082978
-8.082978
-8.082978
-8.082978
-8.082978
-8.082978
-2.119840
-8.082978
-8.082978
2.491291
-3.468185
-8.082978
-8.082978
-8.082978
-8.082978
-8.082978
-8.082978
-8.082978
-8.082978
-8.082978
-8.082978
-8.082978
-8.082978
-8.082978
-8.082978
-8.082978
-8.082978
-8.082978
-7.105100
-8.082978
-8.082978
-2.274517
-8.082978
-8.082978
-6.013426
-8.082978
-8.082978
-8.082978
-8.082978
-8.082978
-8.082978
-8.082978
-8.082978
-8.082978
-8.082978
-8.082978
-8.082978
-8.082978
-8.082978
-8.082978
-5.943790
-8.082978
-8.082978
-8.082978
-8.082978
-8.082978
-8.082978
-8.082978
-8.082978
-7.758816
-8.082978
-8.082978
5.162722
-8.082978
-7.524142
-8.082978
-8.082978
-6.498433
-8.082978
-8.082978
-6.428642
-8.082978
-8.082978
-7.511901
-6.350654
-8.082978
-8.082978
-8.082978
-8.082978
-6.304840
-8.082978
-8.082978
-8.082978
-8.082978
-6.767570
-8.082978
-7.671019
1.272663
-8.082978
-8.082978
-8.082978
-8.082978
-1.548569
-8.082978
-8.082978
-7.464263
-8.082978
-8.082978
-8.082978
-8.082978
-8.082978
-8.082978
-8.082978
-8.082978
-8.082978
-6.216183
-8.082978
-8.082978
-8.082978
-8.082978
-5.450305
-8.082978
-7.716024
-8.082978
-8.082978
-6.997012
-8.082978
-8.082978
-8.082978
-8.082978
-8.082978
-8.082978
-8.082978
-8.082978
-8.082978
-7.055911
-6.027114
-8.082978
-8.082978
-8.082978
-8.082978
1.938790
-8.082978
-8.082978
-5.740169
-8.082978
-8.082978
-8.082978
-8.082978
-8.082978
-8.082978
-8.082978
-8.082978
-8.082978
-8.082978
-8.082978
-8.082978
-8.082978
-8.082978
-8.082978
-8.082978
-8.082978
-5.611304
-8.082978
-8.082978
-8.082978
-8.082978
-8.082978
-6.769666
-8.082978
-8.082978
-8.082978
-8.082978
-8.082978
-8.082978
-8.082978
-8.082978
-8.082978
-8.082978
-8.082978
-8.082978
-8.082978
-8.082978
-8.082978
-8.082978
-8.082978
-8.082978
-8.082978
-8.082978
-8.082978
-8.082978
-8.082978
-8.082978
-8.082978
-8.082978
-8.082978
-8.082978
-8.082978
-8.082978
-6.504775
-8.082978
-8.082978
-4.647915
-8.082978
-8.082978
-8.082978
-8.082978
-8.082978
-8.082978
-2.248647
-6.226360
-8.082978
-8.082978
-8.082978
-8.082978
-5.282452
-8.082978
-8.082978
-8.082978
-6.727002
-8.082978
-8.082978
-8.082978
-7.292161
4.681295
-8.082978
-7.027564
-8.082978
-8.082978
-8.082978
-1.248689
-8.082978
-8.082978
-8.082978
-8.082978
-8.082978
-8.082978
-8.082978
-8.082978
-8.082978
-8.082978
-8.082978
-8.082978
-8.082978
-8.082978
-8.082978
-8.082978
-8.082978
-5.909415
-8.082978
-8.082978
-8.082978
-8.082978
-8.082978
-8.082978
-8.082978
-8.082978
-8.082978
-8.082978
-8.082978
-7.748554
-8.082978
-8.082978
-8.082978
-8.082978
-8.082978
-3.753012
-8.082978
-5.915272
-8.082978
-8.082978
-8.082978
-8.082978
-8.082978
-8.082978
-8.082978
-8.082978
-8.082978
-8.082978
-4.120720
-8.082978
-8.082978
-8.082978
-8.082978
-8.082978
-8.082978
-8.082978
-8.082978
-8.082978
-8.082978
-8.082978
-8.082978
-8.082978
-8.082978
-0.191647
-8.082978
-6.407850
-8.082978
-8.082978
-8.082978
-8.082978
-8.082978
-8.082978
-8.082978
-7.790021
-8.082978
-8.082978
-8.082978
-8.082978
-4.987638
-8.082978
-4.063063
-8.082978
-8.082978
-8.082978
-8.082978
-8.082978
-8.082978
-8.082978
-8.082978
-6.312485
-8.082978
-8.082978
-8.082978
-8.082978
-8.082978
-8.082978
-8.082978
-8.082978
-8.082978
-8.082978
-7.233775
-8.082978
-8.082978
-8.082978
-8.082978
-7.263285
-8.082978
-8.082978
