24234, 9675, 66656, 55130, 9635, 47340, 18062, 9200, 9234, 9474, 46844, 103110, 46693, 106277, 102460, 46701, 9224, 48847, 66125, 7917, 9188, 81544, 6414, 38535, 106908, 13312, 136478, 9260, 9466, 78440, 66727, 81772
Feature count is 32
Criterion1 result is ObjectIndex = 496, Distance = -2.8958272439494680113078271347, Value = 0.6679911427022780500814794459
Boundary = -2.8934737254087043722270078136
-4.200548
-2.636903
-4.519656
-4.519656
-4.519656
-4.519656
-4.519656
-4.295896
-4.519656
-4.519656
-4.519656
-4.519656
-4.519656
-2.843132
-4.519656
-4.519656
-4.519656
-4.519656
-4.519656
-3.244876
-4.519656
-4.519656
-4.519656
-4.519656
-4.519656
-4.519656
-4.519656
-4.519656
-4.519656
-4.008998
-4.519656
-4.519656
-4.519656
-2.969845
-4.519656
-0.325390
-4.519656
-4.519656
-1.793624
-4.519656
-4.519656
-3.240968
-4.519656
-4.519656
-4.519656
-4.519656
-4.519656
-4.519656
-4.519656
-4.519656
-4.519656
-4.519656
-4.519656
-4.001236
-3.387526
-4.519656
-0.677169
-4.519656
0.417569
-4.267793
-4.519656
-4.008998
-4.519656
-4.519656
-4.519656
-4.519656
-4.519656
-4.519656
-4.519656
-4.519656
-4.519656
-4.519656
-4.519656
-4.519656
-4.519656
-3.509404
-4.519656
-4.519656
-4.519656
-2.400782
-4.519656
-4.519656
-4.519656
-4.519656
-4.519656
1.909812
-4.171866
-4.519656
-4.519656
-4.519656
-4.519656
-4.519656
-4.519656
-4.519656
-4.267793
-4.519656
-4.171866
-4.519656
-4.519656
-4.519656
-4.519656
-4.519656
-2.235325
-3.922839
-4.519656
-4.519656
-4.042246
-0.130133
-4.519656
-4.519656
-4.519656
-4.519656
-4.519656
-4.519656
-2.786464
-3.243515
-4.519656
-4.519656
-3.867728
-4.519656
-4.519656
-4.519656
-3.884131
-4.519656
-4.519656
-4.200548
-4.325346
-4.519656
-4.519656
-4.519656
-4.519656
-4.124220
-4.519656
-4.519656
-4.296410
-4.519656
-1.720428
-4.519656
-4.519656
-2.373119
-4.519656
-0.700320
-4.171866
-4.519656
-4.519656
-3.607924
-4.519656
-4.519656
-4.051821
-4.519656
-4.519656
-4.519656
-4.519656
-4.519656
-4.519656
-4.519656
-4.519656
-4.519656
-3.483895
-4.519656
-4.519656
-3.660207
-2.775652
-4.519656
-4.519656
-4.519656
-4.519656
-2.953830
-4.519656
-4.519656
-4.008998
-4.519656
-4.519656
-4.519656
-4.519656
-4.519656
-4.519656
-4.519656
-2.751403
-4.519656
-4.519656
-4.519656
-4.519656
-4.519656
-4.519656
-4.519656
-4.126034
-4.519656
-4.519656
-4.519656
-4.519656
-4.519656
-4.519656
-4.519656
-4.072906
-4.519656
-4.519656
-4.519656
-4.031309
-4.519656
-4.519656
-4.519656
-4.204126
-4.519656
-4.519656
-4.519656
-4.519656
-4.519656
-4.519656
-4.519656
-4.519656
-4.519656
-4.519656
-3.724859
-4.519656
-4.519656
-4.519656
-4.519656
-4.519656
-4.519656
-4.519656
-4.519656
-0.886994
-4.054931
-4.319887
-4.295896
-4.519656
-4.519656
-4.519656
-2.185271
-4.519656
-4.519656
-4.519656
-2.318829
-4.519656
-4.519656
-4.519656
-4.519656
-3.868637
-3.307390
-4.519656
-4.008998
-4.519656
-4.295896
-4.519656
-4.519656
-4.519656
-4.519656
-4.519656
-4.519656
-4.519656
0.291036
-4.519656
-4.519656
-4.519656
-4.519656
-4.519656
-0.320161
-4.519656
-4.519656
-4.519656
-4.519656
-4.519656
-4.519656
-4.519656
-4.519656
-4.519656
-2.160889
-4.519656
-4.519656
-1.418915
-4.519656
-4.519656
-4.519656
-4.519656
-4.519656
-3.385400
-4.519656
-4.519656
-4.519656
-4.519656
-4.519656
-4.519656
-4.519656
-4.519656
-4.519656
-4.519656
-3.852758
-3.348637
-4.519656
-4.519656
-4.519656
-4.519656
-4.519656
0.957760
-4.519656
-4.519656
-4.519656
-4.519656
-4.519656
-4.519656
-4.171866
-4.519656
-4.519656
-4.519656
-4.519656
-4.519656
-4.519656
-4.519656
-4.519656
-4.008998
-4.519656
-4.519656
-4.519656
-4.519656
-4.263164
1.584763
-1.283492
-4.008998
-4.519656
-4.519656
-4.519656
-4.519656
-4.519656
-4.519656
-4.519656
-4.519656
-4.519656
-4.519656
-4.519656
-4.519656
-4.519656
-4.519656
-4.519656
-4.519656
-3.570729
-4.519656
-4.519656
-4.519656
-4.519656
0.273370
-4.519656
-4.519656
-4.519656
-4.519656
-4.519656
-4.519656
-4.519656
-4.519656
-4.519656
-4.519656
-4.519656
-4.519656
-4.519656
-4.519656
-4.519656
-3.810599
-4.519656
-4.519656
-4.519656
-4.519656
-4.519656
-4.519656
-4.519656
-4.519656
-3.360892
-3.802492
-4.519656
-4.519656
-4.519656
-4.519656
-4.519656
-4.519656
-4.519656
-4.519656
-4.519656
-4.519656
-4.204126
0.007631
-4.519656
-4.519656
-4.519656
-2.793898
-4.519656
-4.519656
-4.519656
-4.519656
-4.519656
-4.519656
-2.723947
-4.519656
-4.519656
-4.519656
-4.519656
-4.519656
-4.519656
-4.519656
-4.519656
-4.519656
-4.126947
-4.519656
-4.519656
-4.519656
-4.068854
-4.519656
-4.519656
-4.519656
-4.519656
-4.519656
-3.294112
-4.238370
-4.519656
-4.519656
-4.519656
-4.008998
-4.519656
-2.196275
-3.785237
-4.519656
-4.519656
-3.080182
-4.519656
-4.519656
-4.519656
-4.519656
-4.519656
-4.519656
-4.519656
-4.519656
-4.519656
-4.519656
-4.519656
-4.519656
-4.519656
-4.519656
-4.519656
-4.519656
-4.519656
3.375462
-2.811704
-4.519656
-4.519656
-4.519656
-4.519656
-4.519656
-3.096431
-4.519656
-0.220846
-4.519656
-4.519656
-4.519656
-4.519656
-4.519656
-4.519656
-4.519656
-4.519656
-3.520462
-4.519656
-4.519656
-2.728877
-4.519656
-4.519656
-4.267793
-4.519656
-2.078450
-4.519656
-4.519656
-4.519656
-4.519656
-4.519656
-4.519656
-4.519656
-4.519656
-4.519656
-3.249339
-4.519656
-4.519656
-4.519656
-4.001236
-4.008998
-2.349151
-4.519656
-4.519656
-4.519656
-4.519656
-4.519656
-4.096352
-4.519656
-4.519656
-4.519656
-4.519656
-4.519656
-4.519656
-4.519656
-4.519656
-1.723084
-2.895827
-1.408772
-4.519656
-4.519656
-4.519656
-4.519656
-4.519656
-4.519656
-4.519656
-4.519656
-4.519656
-4.519656
-4.519656
-0.703853
-2.285687
-4.519656
-4.519656
-4.519656
-4.519656
-1.305417
-4.519656
-4.267793
-4.296410
-4.519656
-4.519656
-4.519656
-4.128043
-4.519656
-4.519656
-4.519656
-4.519656
-4.519656
-4.519656
-4.519656
-4.519656
-4.519656
-4.519656
-4.519656
-4.519656
-4.519656
-4.519656
-4.519656
-4.519656
-4.519656
-4.519656
-4.519656
-4.519656
-2.451449
-4.519656
-4.519656
-3.897953
-4.519656
-3.750967
-4.519656
-4.519656
-2.102018
-3.241455
-3.849146
-4.519656
-4.519656
-4.519656
-4.519656
-4.519656
0.856258
-4.519656
-4.519656
-3.071500
-4.267217
-4.519656
-4.519656
-0.118916
0.082125
-4.519656
-4.519656
-4.519656
-4.519656
-4.519656
-4.519656
-4.519656
-1.991498
-4.519656
-4.519656
-4.519656
-4.519656
1.515057
-4.519656
-4.229317
-4.519656
-4.519656
-2.435473
-4.519656
-0.737920
-4.519656
-0.029160
-4.519656
-4.519656
-4.519656
-4.008998
-4.296410
-4.519656
-3.685705
-4.519656
-2.269034
-4.519656
-4.519656
-4.519656
-4.519656
-4.519656
-4.043457
-4.519656
-4.519656
-4.519656
-2.190004
-4.519656
-4.519656
-4.519656
-4.519656
-4.519656
-4.519656
-2.891120
-4.519656
-4.519656
-4.519656
-4.519656
-4.519656
-4.519656
-4.519656
-4.320344
-4.519656
-4.519656
-3.747647
-3.526676
-4.519656
-4.519656
-4.519656
-4.519656
-4.519656
-4.519656
-4.519656
-4.519656
-4.519656
-4.519656
-3.785751
-4.519656
-4.519656
-4.519656
-4.519656
-4.325346
0.789018
-4.519656
-4.519656
-4.519656
-4.519656
-4.519656
-4.519656
-2.467169
-4.519656
-4.519656
-4.519656
-4.519656
-4.519656
-4.519656
-4.519656
-4.519656
-4.519656
-4.519656
-4.519656
-4.519656
-4.519656
-4.519656
-4.519656
-4.519656
-4.519656
-4.519656
-4.519656
-4.519656
-4.519656
-4.519656
-4.519656
-4.519656
2.227725
-4.519656
-4.204126
-2.247733
-4.519656
-4.519656
-4.519656
-4.519656
-4.519656
-4.519656
-4.519656
-4.519656
-4.519656
-4.519656
-4.519656
-4.519656
-4.519656
-4.519656
-3.454702
-4.519656
-4.519656
-4.519656
-4.519656
-4.519656
-4.318513
-4.519656
-4.519656
-4.519656
-4.519656
-4.519656
-0.148422
-4.519656
-4.519656
-4.519656
-4.519656
-4.519656
-4.295896
-4.519656
-4.519656
-4.519656
-4.519656
-4.519656
-4.519656
-4.519656
-4.519656
-4.320344
-4.519656
-4.519656
-4.519656
-4.519656
-4.519656
-1.786065
-4.519656
-4.519656
-4.519656
-4.519656
-4.519656
-4.519656
-4.519656
-4.519656
-4.519656
-4.519656
-4.519656
-4.519656
-4.519656
-4.519656
-4.519656
-0.042001
-4.519656
-4.519656
-4.519656
-4.519656
-4.519656
-4.519656
-4.519656
-4.519656
-3.324968
-4.519656
-4.519656
-4.519656
-3.618563
-4.519656
-4.519656
-4.519656
-0.114428
-4.519656
-4.519656
-4.519656
-4.519656
-4.519656
-4.519656
-4.519656
-4.519656
-4.519656
-4.519656
-4.519656
-4.320344
-1.204773
-4.519656
-3.241455
-4.519656
-4.519656
-4.519656
-4.519656
-2.161758
-4.519656
-4.519656
-4.519656
-4.519656
-4.519656
-4.519656
-4.519656
-4.519656
-0.391630
-4.519656
-3.209208
-4.519656
-4.519656
-4.519656
-4.318513
-4.519656
-2.630727
-4.519656
-4.519656
-4.519656
-4.519656
-2.843175
-4.519656
-3.870764
-4.519656
-4.519656
-4.519656
-4.519656
-4.519656
-4.519656
1.548273
-4.519656
-4.519656
-4.519656
-4.519656
-4.519656
-4.519656
-4.519656
-4.519656
-4.519656
-1.854533
-4.519656
-4.519656
-4.519656
-4.519656
-4.519656
-4.519656
-4.519656
-4.008998
-4.519656
-4.519656
-4.519656
-4.519656
-4.519656
-4.519656
-4.519656
-4.519656
-4.519656
-1.219600
-4.519656
1.920404
-3.856336
-4.519656
-3.242137
-4.519656
0.025131
-4.519656
-4.054931
-4.519656
-4.519656
-4.267217
-4.519656
-4.519656
-4.519656
-4.519656
-4.519656
-2.547188
-4.325346
-4.519656
-4.519656
-3.075800
-4.519656
-4.519656
-2.246469
-4.519656
-4.519656
-4.519656
-4.519656
-4.519656
-4.519656
-4.519656
-4.519656
-4.519656
-4.519656
-4.519656
-0.088264
-4.519656
-4.519656
-4.519656
-2.114791
-4.519656
-4.519656
-4.519656
-4.519656
-4.519656
-4.263164
-4.519656
-4.519656
-4.323532
-4.519656
-4.519656
-4.519656
-4.519656
-4.519656
-4.295896
-2.749476
-4.323532
-4.519656
-4.519656
-4.519656
-4.171866
-2.671668
-4.519656
-4.519656
-4.519656
-4.519656
-4.204126
-4.519656
-4.519656
-4.519656
-4.519656
-2.582394
-4.519656
-4.519656
-4.519656
-4.519656
-3.973467
-4.519656
-4.519656
-4.519656
-4.519656
-4.007374
-4.519656
-4.519656
-4.519656
-4.519656
-4.296410
-4.519656
-4.519656
-4.519656
-4.519656
-4.519656
-4.519656
-4.519656
-4.519656
-4.519656
-4.519656
-3.852758
-4.519656
-2.835689
-4.519656
-4.238370
-3.289697
-4.519656
-4.519656
-4.519656
-4.519656
-4.519656
-4.519656
-4.519656
-4.519656
-1.037260
-4.519656
-4.519656
-4.519656
-4.519656
-1.783478
1.088069
-4.519656
-4.519656
-3.300874
-4.519656
-4.128043
-4.519656
-4.519656
-4.519656
-4.519656
-4.008998
-4.519656
-4.519656
-4.519656
-3.235008
-4.094457
-3.497844
-4.519656
-4.519656
-4.519656
-4.519656
-4.519656
-4.519656
-4.519656
-4.519656
-4.296410
-4.519656
-4.519656
-4.267793
-4.519656
-4.519656
-4.519656
-4.519656
-4.519656
-4.519656
-4.008998
-4.519656
-4.519656
-4.519656
-4.519656
-4.519656
-1.752888
-4.519656
-3.762786
-4.519656
-4.519656
-4.519656
-4.519656
-4.204126
-3.587997
-4.519656
-4.519656
-4.519656
-4.519656
-4.519656
-4.519656
-4.519656
-4.519656
-4.519656
1.876048
-4.519656
-3.132557
-4.519656
-4.036310
-4.519656
-4.519656
3.068596
-4.519656
-4.519656
-4.519656
-4.519656
-4.519656
-4.263164
-4.519656
-2.833944
-4.519656
-4.295896
-4.519656
-4.519656
-4.519656
-4.519656
-3.356985
-4.519656
-4.519656
-4.323532
-4.519656
-4.519656
-2.754073
-4.519656
-4.519656
-4.519656
-2.170407
-4.519656
-4.519656
-4.519656
-4.519656
-4.325346
1.422146
-4.519656
-4.519656
-4.519656
-4.519656
-4.519656
-4.519656
-4.519656
-4.519656
-4.519656
-4.519656
-4.519656
-4.519656
-4.519656
-3.295556
-4.519656
-4.519656
-4.519656
-4.519656
-4.519656
-4.519656
-4.519656
-4.519656
-4.230621
-4.519656
-4.519656
-4.519656
-4.519656
-4.519656
-4.519656
-4.519656
-4.519656
-4.519656
-4.519656
-4.321257
-0.097871
-4.519656
-4.519656
-4.519656
-4.519656
-4.519656
-0.077597
-4.519656
-4.519656
-4.519656
-1.427762
-4.519656
-4.519656
-4.519656
0.916121
-4.519656
-4.519656
-3.844145
-4.519656
-4.519656
-4.519656
-4.519656
-4.519656
-0.389227
1.203244
-4.519656
-4.519656
-4.296410
-4.519656
-4.519656
-4.519656
-3.291834
-4.295896
-4.519656
-4.519656
-3.872591
-4.519656
-4.519656
-4.519656
-4.325346
-4.519656
-4.519656
-4.519656
-4.519656
-4.519656
-4.519656
-4.519656
-2.849300
-4.519656
-3.344961
-4.519656
-4.519656
-3.644535
-4.519656
-4.519656
-4.519656
-4.519656
-4.519656
-4.519656
-4.321257
-4.519656
-4.073483
-4.519656
-3.155626
-4.519656
-4.011301
-4.519656
-4.519656
-4.519656
-4.519656
-4.519656
-4.519656
-4.519656
-4.519656
-4.519656
-4.519656
-0.450598
-2.526695
-4.295896
-4.519656
-4.519656
-4.519656
-4.519656
0.260529
-4.325346
-4.519656
-4.519656
-4.519656
-4.519656
-4.519656
-4.519656
-4.519656
-4.519656
-4.126034
-4.519656
-4.519656
-4.267217
-4.519656
-4.519656
-4.519656
-4.519656
-4.519656
-4.008998
-4.519656
-4.519656
-4.519656
-2.762408
-4.519656
-4.267217
-4.519656
-4.519656
-1.786624
-4.519656
3.581742
-4.519656
-4.519656
-4.171866
-4.519656
-4.519656
-4.519656
-1.215846
-4.519656
-4.519656
-4.519656
-4.519656
-4.519656
-4.519656
-4.519656
-4.519656
-4.519656
-4.519656
-4.519656
-4.008998
-1.231009
-4.519656
-4.519656
-4.295896
-4.519656
-4.519656
-3.765896
-1.709547
-4.519656
-4.519656
-4.519656
-4.519656
-4.519656
-4.519656
1.206571
-4.519656
-4.519656
-4.519656
-4.519656
-4.519656
-4.519656
-4.519656
-4.519656
-4.519656
-2.270321
-4.519656
-4.325346
-4.519656
-4.519656
-4.519656
-4.519656
-4.519656
-4.008998
-4.519656
-4.171866
2.696620
-4.519656
-4.519656
-4.519656
-4.519656
-4.519656
-3.268788
-3.431083
-4.519656
-4.519656
-4.519656
-3.972554
-4.519656
-4.519656
-4.519656
-1.145216
-4.519656
-4.519656
-4.519656
-4.519656
-4.519656
-4.519656
-4.519656
-4.519656
-4.519656
-4.519656
-3.242993
-4.295896
-4.519656
-4.519656
-4.519656
-4.519656
-4.519656
-4.519656
-4.519656
-4.519656
-4.519656
-4.519656
-4.519656
-4.519656
-4.519656
-4.320344
-4.519656
-4.519656
-2.654686
-4.519656
-4.519656
-4.519656
-2.928396
-4.519656
-4.519656
-4.519656
-4.519656
2.995586
-4.519656
-4.519656
-4.519656
-4.519656
-4.519656
-4.068481
-0.097138
-4.519656
-4.519656
-4.519656
-4.519656
-4.519656
-4.519656
-4.519656
-4.519656
-3.315445
-4.519656
-4.519656
-2.534486
-4.519656
-4.519656
-4.519656
-4.519656
-4.519656
-4.519656
-4.519656
-4.519656
-0.728627
-4.519656
-4.519656
-4.519656
-4.519656
-4.519656
-4.519656
-4.519656
-4.519656
-4.519656
-4.519656
-4.519656
-4.519656
-4.519656
-4.519656
-4.519656
-4.519656
-4.519656
-4.238370
-0.772470
-1.630349
-4.519656
-3.038375
-4.519656
-4.519656
-4.519656
-4.519656
-4.519656
-4.519656
-4.519656
-1.839889
-4.519656
-4.519656
-0.229937
-3.563202
-4.519656
-4.519656
-4.519656
-4.519656
-3.919261
-4.519656
-4.519656
-4.519656
-3.707141
-3.903186
-4.519656
-4.519656
-4.519656
-4.102099
-4.519656
-4.519656
0.909747
-4.519656
-4.519656
-4.293836
-4.519656
-4.519656
-4.519656
-4.519656
-4.519656
-4.519656
-4.519656
-4.008998
-4.323532
-4.519656
-4.519656
-4.519656
-4.519656
-4.519656
3.606110
-4.519656
-4.519656
-4.519656
-4.519656
-4.519656
-3.095900
-4.321257
-4.519656
-4.519656
-4.519656
-4.519656
-2.158202
-4.519656
-4.008998
-4.519656
-4.323532
-3.645177
-4.519656
-4.519656
-4.519656
-4.519656
-4.519656
-1.472844
-4.519656
-4.519656
-4.519656
-4.519656
-4.519656
-4.519656
2.556119
-4.519656
-4.072906
-4.096584
-4.519656
-4.519656
-4.519656
-4.519656
-4.519656
-3.629732
-4.519656
-4.519656
-4.519656
-4.519656
-4.519656
-4.519656
-4.519656
-4.519656
-4.519656
-4.008998
-4.519656
-4.519656
-1.366537
-4.008998
-4.519656
-4.519656
-4.318972
-1.923019
-4.519656
-4.519656
-4.519656
-4.519656
-4.519656
-3.802492
-3.275774
-4.519656
-4.519656
-4.519656
-3.008720
-2.404042
-4.519656
-4.519656
-4.519656
-4.267217
-4.519656
-4.171866
-4.519656
-4.519656
-4.519656
-4.263164
-4.519656
-4.519656
-4.519656
-4.519656
-4.519656
-4.519656
-4.519656
-4.519656
3.066690
-4.519656
-4.519656
-4.519656
-4.519656
-4.519656
-4.519656
-4.519656
-4.519656
-4.519656
-4.295896
-4.519656
-4.519656
-4.519656
-4.519656
-4.519656
-4.519656
-4.519656
-4.519656
-4.519656
-3.785237
-4.519656
-4.519656
-4.519656
-3.739401
-4.519656
-1.757522
-4.519656
-4.519656
-4.519656
-4.519656
-4.320344
-4.519656
-4.519656
-4.519656
-4.519656
-4.519656
0.925254
-4.519656
-3.980366
-4.519656
0.089368
-4.519656
-4.519656
-4.519656
-4.519656
-4.519656
-4.519656
-4.519656
-4.171866
-4.519656
-4.519656
-2.656069
-4.519656
-4.519656
-4.519656
-4.519656
-4.519656
-4.519656
-4.519656
-4.519656
-4.519656
-3.296991
-4.519656
-4.519656
-4.519656
-4.519656
-4.519656
-4.519656
-4.519656
-4.519656
-4.519656
-4.519656
-4.519656
-4.519656
-4.519656
-4.519656
-2.539769
0.393643
-4.519656
-4.519656
-4.519656
-4.519656
-4.519656
-4.519656
-4.519656
-4.008998
-4.519656
-4.519656
-4.519656
-1.669129
-4.519656
-4.519656
1.737711
-0.979313
-4.519656
-4.519656
-4.519656
-4.519656
-4.519656
-4.519656
-4.008998
-4.519656
-4.519656
-4.519656
-4.519656
-4.519656
-4.519656
-4.519656
-4.519656
-4.519656
-4.519656
-4.519656
-4.519656
-4.519656
-0.436331
-4.519656
-4.519656
-4.320344
-4.519656
-4.519656
-4.519656
-4.267217
-4.519656
-4.519656
-4.519656
-4.519656
-4.519656
-4.519656
-4.519656
-4.519656
-4.519656
-4.519656
-4.519656
-4.001236
-4.519656
-4.519656
-4.519656
-4.519656
-4.519656
-4.519656
-4.519656
-4.295896
-4.054931
-4.519656
-4.519656
3.706663
-4.519656
-4.231921
-4.519656
-4.519656
-2.683568
-4.519656
-4.519656
-3.576672
-4.519656
-4.519656
-4.519656
-1.480480
-4.519656
-4.519656
-4.519656
-4.519656
-1.961595
-4.519656
-4.519656
-4.519656
-4.519656
-4.171866
-4.519656
-3.785237
1.955427
-4.519656
-4.519656
-4.519656
-4.519656
-0.284800
-4.519656
-4.519656
-4.267793
-4.519656
-4.519656
-4.519656
-4.519656
-4.519656
-4.519656
-4.519656
-4.519656
-4.519656
-3.492070
-4.519656
-4.519656
-4.519656
-4.519656
-3.270653
-4.519656
-3.185175
-4.519656
-4.519656
-3.659899
-4.519656
-4.519656
-4.519656
-4.519656
-4.519656
-4.519656
-4.519656
-4.519656
-4.519656
-1.737689
-2.922115
-4.519656
-4.519656
-4.519656
-4.519656
0.341761
-4.519656
-4.519656
-1.302383
-4.519656
-4.519656
-4.519656
-4.519656
-4.519656
-4.519656
-4.519656
-4.519656
-4.519656
-4.519656
-4.519656
-4.519656
-4.519656
-4.204126
-4.519656
-4.519656
-4.519656
-3.177590
-4.519656
-4.519656
-4.519656
-4.519656
-4.519656
-2.272883
-4.519656
-4.519656
-4.519656
-4.519656
-4.519656
-4.296410
-4.519656
-4.519656
-4.519656
-4.519656
-4.519656
-4.519656
-4.325346
-4.519656
-3.785237
-4.519656
-4.519656
-4.519656
-4.519656
-4.519656
-4.519656
-4.519656
-4.519656
-4.519656
-4.519656
-4.519656
-4.519656
-4.519656
-4.519656
-4.519656
-2.525325
-4.519656
-4.519656
-1.580129
-4.519656
-4.519656
-4.519656
-4.519656
-4.519656
-4.519656
1.278199
-2.833558
-4.519656
-4.519656
-4.519656
-4.519656
-2.551495
-4.519656
-4.519656
-4.519656
-3.211031
-4.519656
-4.519656
-4.519656
-3.726443
4.230621
-4.519656
-4.519656
-4.519656
-4.519656
-4.519656
1.218264
-4.519656
-4.519656
-4.519656
-4.519656
-4.519656
-4.519656
-4.519656
-4.519656
-4.519656
-4.519656
-4.519656
-4.519656
-4.008998
-4.519656
-4.519656
-4.519656
-4.519656
-3.752506
-4.519656
-4.519656
-4.519656
-4.519656
-4.519656
-4.295896
-4.519656
-4.519656
-4.519656
-4.519656
-3.809686
-3.783177
-4.519656
-4.519656
-4.519656
-4.519656
-4.519656
-2.406991
-4.519656
-3.099433
-4.519656
-4.519656
-4.519656
-4.519656
-4.519656
-4.042246
-4.519656
-4.519656
-4.519656
-4.519656
-0.391864
-4.519656
-4.519656
-4.519656
-4.519656
-4.519656
-4.519656
-4.519656
-4.519656
-4.519656
-4.519656
-4.519656
-4.519656
-4.519656
-4.519656
0.246137
-4.519656
-1.743818
-4.519656
-4.519656
-4.519656
-4.519656
-4.519656
-4.519656
-4.519656
-4.008998
-4.519656
-4.519656
-4.519656
-4.295896
-1.565908
-4.519656
-2.836895
-4.519656
-4.519656
-4.519656
-4.519656
-4.519656
-4.519656
-4.519656
-4.519656
-3.809686
-4.519656
-4.519656
-4.519656
-4.519656
-4.519656
-4.519656
-4.519656
-4.519656
-4.519656
-4.519656
-3.579246
-4.519656
-4.519656
-4.519656
-4.519656
-2.493791
-4.519656
-4.519656
