67135, 47302, 9630, 58554, 32617, 71910, 9480, 133549, 46996, 4442, 9280, 66539, 68622, 102534, 78234, 46664, 51180, 133775, 8153, 47243, 103945, 46592
Feature count is 22
Criterion1 result is ObjectIndex = 1650, Distance = -1.8573032647438254582762812533, Value = 0.6709881494223286974511067475
Boundary = -1.8566764500033865188848706835
-3.086086
-1.615601
-3.086086
-3.086086
-3.086086
-3.086086
-3.086086
-3.086086
-3.086086
-3.086086
-3.086086
-3.086086
-3.086086
-2.018824
-3.086086
-3.086086
-3.086086
-3.086086
-3.086086
-2.199851
-3.086086
-3.086086
-3.086086
-3.086086
-3.086086
-3.086086
-3.086086
-3.086086
-3.086086
-3.086086
-3.086086
-3.086086
-3.086086
-2.834799
-3.086086
-0.887054
-3.086086
-3.086086
-1.427197
-3.086086
-3.086086
-1.599324
-3.086086
-3.086086
-3.086086
-3.086086
-3.086086
-3.086086
-3.086086
-3.086086
-3.086086
-3.086086
-3.086086
-3.086086
-2.607704
-2.866929
0.357048
-3.086086
0.730052
-2.419009
-3.086086
-3.086086
-3.086086
-3.086086
-3.086086
-3.086086
-3.086086
-3.086086
-3.086086
-3.086086
-3.086086
-3.086086
-3.086086
-3.086086
-2.766978
-2.575079
-3.086086
-3.086086
-3.086086
-3.086086
-3.086086
-3.086086
-3.086086
-3.086086
-3.086086
1.823583
-2.451139
-3.086086
-3.086086
-3.086086
-3.086086
-3.086086
-2.891323
-3.086086
-3.086086
-3.086086
-2.451139
-3.086086
-3.086086
-3.086086
-3.086086
-3.086086
-1.539331
-2.450947
-3.086086
-3.086086
-2.889508
0.625707
-3.086086
-3.086086
-2.453598
-3.086086
-3.086086
-3.086086
-1.434475
-2.834799
-3.086086
-3.086086
-2.831336
-3.086086
-3.086086
-3.086086
-2.670296
-3.086086
-3.086086
-2.887231
-2.834799
-3.086086
-3.086086
-3.086086
-3.086086
-3.086086
-3.086086
-3.086086
-2.588084
-3.086086
-0.719547
-3.086086
-3.086086
-1.976229
-3.086086
0.482449
-2.451139
-3.086086
-3.086086
-2.644171
-3.086086
-3.086086
-3.086086
-3.086086
-3.086086
-3.086086
-3.086086
-3.086086
-3.086086
-3.086086
-3.086086
-3.086086
-2.769842
-3.086086
-3.086086
-2.291460
-2.579477
-3.086086
-3.086086
-3.086086
-3.086086
-2.199851
-3.086086
-3.086086
-2.334490
-3.086086
-3.086086
-3.086086
-3.086086
-3.086086
-3.086086
-3.086086
-2.067334
-3.086086
-3.086086
-3.086086
-3.086086
-3.086086
-3.086086
-3.086086
-2.834799
-3.086086
-3.086086
-3.086086
-3.086086
-3.086086
-3.086086
-3.086086
-2.859750
-3.086086
-3.086086
-3.086086
-2.889508
-3.086086
-3.086086
-3.086086
-3.086086
-3.086086
-3.086086
-3.086086
-3.086086
-3.086086
-3.086086
-3.086086
-3.086086
-3.086086
-3.086086
-2.891323
-3.086086
-3.086086
-3.086086
-3.086086
-3.086086
-3.086086
-3.086086
-3.086086
-0.580660
-2.586973
-2.588084
-2.888599
-3.086086
-3.086086
-3.086086
-0.980653
-3.086086
-3.086086
-3.086086
-1.343341
-3.086086
-3.086086
-3.086086
-3.086086
-1.836349
-1.804829
-3.086086
-3.086086
-3.086086
-2.868960
-3.086086
-3.086086
-3.086086
-3.086086
-3.086086
-3.086086
-3.086086
0.887319
-3.086086
-3.086086
-3.086086
-3.086086
-3.086086
-0.975722
-3.086086
-3.086086
-3.086086
-3.086086
-3.086086
-3.086086
-3.086086
-3.086086
-3.086086
-1.355643
-3.086086
-3.086086
-1.419587
-3.086086
-3.086086
-3.086086
-3.086086
-3.086086
-2.271840
-3.086086
-3.086086
-3.086086
-3.086086
-3.086086
-3.086086
-3.086086
-2.769842
-3.086086
-3.086086
-2.668074
-1.810258
-3.086086
-3.086086
-3.086086
-3.086086
-3.086086
0.918125
-3.086086
-3.086086
-3.086086
-3.086086
-3.086086
-3.086086
-3.086086
-3.086086
-3.086086
-3.086086
-3.086086
-3.086086
-3.086086
-3.086086
-3.086086
-3.086086
-3.086086
-3.086086
-3.086086
-3.086086
-3.086086
1.006903
0.015993
-2.588084
-3.086086
-3.086086
-3.086086
-3.086086
-3.086086
-3.086086
-3.086086
-3.086086
-3.086086
-3.086086
-3.086086
-3.086086
-3.086086
-3.086086
-3.086086
-3.086086
-2.131287
-3.086086
-3.086086
-3.086086
-3.086086
0.560289
-3.086086
-3.086086
-3.086086
-3.086086
-3.086086
-3.086086
-3.086086
-3.086086
-3.086086
-3.086086
-3.086086
-3.086086
-3.086086
-3.086086
-3.086086
-3.086086
-3.086086
-2.833070
-3.086086
-3.086086
-3.086086
-3.086086
-3.086086
-3.086086
-3.086086
-1.835377
-3.086086
-3.086086
-2.834799
-3.086086
-3.086086
-3.086086
-3.086086
-3.086086
-3.086086
-3.086086
-2.586973
0.663331
-3.086086
-3.086086
-3.086086
-2.670561
-3.086086
-3.086086
-3.086086
-3.086086
-3.086086
-3.086086
-1.430600
-3.086086
-3.086086
-3.086086
-3.086086
-3.086086
-3.086086
-3.086086
-3.086086
-3.086086
-2.199707
-3.086086
-3.086086
-3.086086
-3.086086
-3.086086
-3.086086
-3.086086
-3.086086
-3.086086
-1.835377
-3.086086
-3.086086
-3.086086
-3.086086
-2.109168
-3.086086
-0.711398
-2.588084
-3.086086
-2.868960
-2.571443
-3.086086
-3.086086
-3.086086
-3.086086
-3.086086
-3.086086
-3.086086
-3.086086
-3.086086
-3.086086
-3.086086
-3.086086
-3.086086
-3.086086
-3.086086
-3.086086
-3.086086
2.145058
-3.086086
-3.086086
-3.086086
-3.086086
-3.086086
-3.086086
-2.161249
-3.086086
-0.382262
-3.086086
-3.086086
-3.086086
-3.086086
-3.086086
-3.086086
-3.086086
-3.086086
-2.451139
-3.086086
-3.086086
-1.139810
-3.086086
-3.086086
-2.889508
-3.086086
-1.258070
-3.086086
-3.086086
-3.086086
-3.086086
-3.086086
-3.086086
-3.086086
-3.086086
-3.086086
-2.868960
-3.086086
-3.086086
-3.086086
-3.086086
-2.044186
-1.311113
-3.086086
-3.086086
-3.086086
-3.086086
-3.086086
-2.866929
-3.086086
-3.086086
-3.086086
-3.086086
-3.086086
-3.086086
-3.086086
-3.086086
-1.173242
-0.313195
-1.685064
-3.086086
-3.086086
-3.086086
-3.086086
-3.086086
-3.086086
-3.086086
-3.086086
-3.086086
-3.086086
-3.086086
-1.641467
-2.418154
-3.086086
-3.086086
-3.086086
-3.086086
0.066973
-3.086086
-3.086086
-3.086086
-3.086086
-3.086086
-3.086086
-2.670296
-3.086086
-3.086086
-3.086086
-3.086086
-3.086086
-3.086086
-3.086086
-3.086086
-2.833070
-3.086086
-3.086086
-3.086086
-3.086086
-3.086086
-3.086086
-3.086086
-3.086086
-3.086086
-2.866929
-3.086086
-2.297073
-3.086086
-3.086086
-1.191270
-3.086086
-2.167721
-3.086086
-3.086086
-1.851742
-1.816047
-2.891323
-2.868960
-3.086086
-3.086086
-3.086086
-3.086086
-0.631683
-3.086086
-3.086086
-3.086086
-2.891323
-3.086086
-3.086086
-0.328089
1.679229
-3.086086
-3.086086
-3.086086
-3.086086
-3.086086
-3.086086
-3.086086
-1.214080
-3.086086
-3.086086
-3.086086
-3.086086
2.202023
-3.086086
-3.086086
-3.086086
-3.086086
-2.271840
-3.086086
-0.771113
-3.086086
-1.045824
-3.086086
-3.086086
-3.086086
-3.086086
-2.868960
-3.086086
-2.341786
-3.086086
-2.375824
-3.086086
-3.086086
-3.086086
-3.086086
-3.086086
-1.923796
-3.086086
-3.086086
-3.086086
-1.381568
-3.086086
-3.086086
-3.086086
-3.086086
-3.086086
-3.086086
-1.856050
-3.086086
-3.086086
-2.412940
-3.086086
-3.086086
-3.086086
-3.086086
-2.588084
-3.086086
-3.086086
-2.199851
-2.025390
-3.086086
-3.086086
-3.086086
-3.086086
-3.086086
-3.086086
-3.086086
-3.086086
-3.086086
-3.086086
-2.333380
-3.086086
-3.086086
-3.086086
-3.086086
-2.891323
-0.164240
-2.868960
-3.086086
-3.086086
-3.086086
-3.086086
-3.086086
-1.783917
-2.833070
-3.086086
-3.086086
-3.086086
-3.086086
-3.086086
-3.086086
-3.086086
-3.086086
-3.086086
-3.086086
-3.086086
-3.086086
-3.086086
-3.086086
-3.086086
-3.086086
-3.086086
-3.086086
-3.086086
-3.086086
-3.086086
-3.086086
-3.086086
1.006586
-3.086086
-2.833070
-2.670561
-3.086086
-3.086086
-3.086086
-3.086086
-3.086086
-3.086086
-3.086086
-3.086086
-3.086086
-3.086086
-3.086086
-3.086086
-3.086086
-3.086086
-2.195632
-3.086086
-3.086086
-3.086086
-3.086086
-3.086086
-2.548361
-3.086086
-3.086086
-3.086086
-3.086086
-3.086086
-1.004444
-3.086086
-3.086086
-3.086086
-3.086086
-3.086086
-3.086086
-3.086086
-3.086086
-3.086086
-3.086086
-3.086086
-3.086086
-3.086086
-3.086086
-3.086086
-3.086086
-3.086086
-3.086086
-3.086086
-3.086086
-1.072515
-3.086086
-3.086086
-3.086086
-3.086086
-3.086086
-3.086086
-3.086086
-3.086086
-3.086086
-3.086086
-3.086086
-3.086086
-3.086086
-3.086086
-3.086086
0.275386
-3.086086
-3.086086
-3.086086
-3.086086
-3.086086
-3.086086
-3.086086
-3.086086
-2.335068
-3.086086
-3.086086
-3.086086
-1.610588
-3.086086
-3.086086
-3.086086
0.329889
-3.086086
-3.086086
-3.086086
-3.086086
-3.086086
-3.086086
-3.086086
-2.670296
-3.086086
-3.086086
-3.086086
-3.086086
0.266574
-3.086086
-1.101505
-3.086086
-3.086086
-3.086086
-3.086086
-1.569332
-3.086086
-3.086086
-3.086086
-3.086086
-3.086086
-3.086086
-3.086086
-3.086086
0.139487
-3.086086
-2.042638
-3.086086
-3.086086
-3.086086
-2.604999
-3.086086
-1.610588
-3.086086
-3.086086
-3.086086
-3.086086
-2.769842
-3.086086
-1.722227
-3.086086
-3.086086
-3.086086
-3.086086
-3.086086
-2.832493
1.526706
-3.086086
-3.086086
-3.086086
-3.086086
-3.086086
-3.086086
-3.086086
-3.086086
-3.086086
-1.753734
-3.086086
-3.086086
-3.086086
-3.086086
-3.086086
-3.086086
-3.086086
-2.588084
-3.086086
-3.086086
-3.086086
-3.086086
-3.086086
-3.086086
-3.086086
-3.086086
-3.086086
-0.897980
-3.086086
0.665148
-2.451139
-3.086086
-2.572355
-3.086086
0.015039
-3.086086
-2.586973
-3.086086
-3.086086
-3.086086
-3.086086
-3.086086
-3.086086
-3.086086
-3.086086
-2.054713
-3.086086
-3.086086
-3.086086
-2.253651
-3.086086
-3.086086
-1.438441
-3.086086
-3.086086
-3.086086
-3.086086
-3.086086
-3.086086
-3.086086
-3.086086
-3.086086
-3.086086
-3.086086
0.527376
-2.419009
-3.086086
-3.086086
-1.403858
-3.086086
-3.086086
-3.086086
-3.086086
-3.086086
-2.588084
-3.086086
-3.086086
-3.086086
-2.833070
-3.086086
-3.086086
-3.086086
-3.086086
-2.868960
-1.418656
-3.086086
-3.086086
-3.086086
-3.086086
-2.670296
-1.183113
-3.086086
-3.086086
-3.086086
-3.086086
-2.868960
-3.086086
-3.086086
-3.086086
-3.086086
-1.869847
-3.086086
-3.086086
-3.086086
-3.086086
-2.670296
-3.086086
-3.086086
-3.086086
-3.086086
-2.116831
-3.086086
-3.086086
-3.086086
-3.086086
-2.861297
-3.086086
-3.086086
-3.086086
-3.086086
-3.086086
-3.086086
-3.086086
-3.086086
-3.086086
-3.086086
-3.086086
-3.086086
-1.970248
-3.086086
-2.702282
-2.145058
-3.086086
-3.086086
-3.086086
-3.086086
-3.086086
-3.086086
-3.086086
-2.866929
-0.890317
-3.086086
-3.086086
-3.086086
-3.086086
-1.135329
-0.134638
-3.086086
-3.086086
-1.117598
-3.086086
-2.766978
-3.086086
-3.086086
-3.086086
-3.086086
-2.588084
-3.086086
-3.086086
-2.861297
-2.139290
-3.086086
-2.166732
-3.086086
-3.086086
-3.086086
-3.086086
-3.086086
-3.086086
-3.086086
-3.086086
-3.086086
-3.086086
-3.086086
-2.866929
-3.086086
-3.086086
-3.086086
-3.086086
-3.086086
-3.086086
-3.086086
-2.586973
-3.086086
-3.086086
-3.086086
-3.086086
-1.367935
-3.086086
-3.086086
-3.086086
-3.086086
-3.086086
-3.086086
-2.670296
-1.583615
-3.086086
-3.086086
-3.086086
-3.086086
-3.086086
-3.086086
-3.086086
-3.086086
-3.086086
1.772727
-3.086086
-1.692969
-3.086086
-2.139727
-3.086086
-3.086086
0.501094
-3.086086
-3.086086
-3.086086
-3.086086
-3.086086
-2.315649
-3.086086
-2.073441
-3.086086
-3.086086
-3.086086
-3.086086
-3.086086
-3.086086
-0.993377
-3.086086
-3.086086
-3.086086
-3.086086
-2.670296
-1.646234
-3.086086
-3.086086
-3.086086
-0.848122
-3.086086
-3.086086
-2.617673
-3.086086
-2.575079
1.255510
-3.086086
-3.086086
-3.086086
-3.086086
-3.086086
-3.086086
-3.086086
-3.086086
-3.086086
-3.086086
-3.086086
-3.086086
-3.086086
-0.875797
-3.086086
-3.086086
-3.086086
-3.086086
-3.086086
-3.086086
-3.086086
-3.086086
-3.086086
-3.086086
-3.086086
-3.086086
-3.086086
-3.086086
-3.086086
-2.451139
-3.086086
-3.086086
-3.086086
-2.588084
0.360324
-3.086086
-3.086086
-3.086086
-3.086086
-3.086086
-1.006063
-3.086086
-3.086086
-3.086086
-1.539779
-3.086086
-3.086086
-3.086086
-0.971257
-3.086086
-3.086086
-2.107621
-3.086086
-3.086086
-3.086086
-3.086086
-3.086086
-1.477682
0.295555
-3.086086
-3.086086
-3.086086
-3.086086
-3.086086
-3.086086
-2.145058
-3.086086
-3.086086
-3.086086
-2.451139
-2.887687
-3.086086
-3.086086
-2.834799
-3.086086
-3.086086
-3.086086
-3.086086
-3.086086
-3.086086
-3.086086
-2.702282
-3.086086
-2.369847
-3.086086
-3.086086
-2.868960
-3.086086
-3.086086
-3.086086
-3.086086
-3.086086
-3.086086
-2.834799
-3.086086
-3.086086
-3.086086
-2.604885
-3.086086
-2.570400
-3.086086
-3.086086
-3.086086
-3.086086
-3.086086
-3.086086
-3.086086
-3.086086
-3.086086
-3.086086
-0.255655
-1.536044
-2.891323
-3.086086
-3.086086
-3.086086
-3.086086
-0.338820
-3.086086
-3.086086
-3.086086
-3.086086
-3.086086
-3.086086
-3.086086
-3.086086
-3.086086
-2.834799
-3.086086
-3.086086
-2.833070
-3.086086
-3.086086
-3.086086
-3.086086
-3.086086
-3.086086
-3.086086
-3.086086
-3.086086
-2.516826
-3.086086
-2.834799
-3.086086
-3.086086
-2.586973
-3.086086
2.888599
-3.086086
-3.086086
-2.451139
-3.086086
-3.086086
-3.086086
-0.645424
-3.086086
-3.086086
-3.086086
-2.833070
-3.086086
-3.086086
-3.086086
-3.086086
-3.086086
-3.086086
-3.086086
-3.086086
-1.080159
-3.086086
-3.086086
-2.834799
-3.086086
-3.086086
-2.369847
-1.049660
-3.086086
-3.086086
-3.086086
-3.086086
-3.086086
-3.086086
0.732935
-3.086086
-3.086086
-3.086086
-3.086086
-3.086086
-3.086086
-3.086086
-3.086086
-3.086086
-0.864582
-3.086086
-3.086086
-3.086086
-3.086086
-3.086086
-3.086086
-2.891323
-3.086086
-3.086086
-2.866929
2.569490
-3.086086
-3.086086
-3.086086
-3.086086
-3.086086
-1.790638
-2.483404
-3.086086
-3.086086
-3.086086
-2.199851
-3.086086
-3.086086
-3.086086
-0.587273
-3.086086
-3.086086
-3.086086
-3.086086
-3.086086
-3.086086
-3.086086
-3.086086
-3.086086
-3.086086
-1.554723
-2.868960
-3.086086
-3.086086
-3.086086
-3.086086
-3.086086
-3.086086
-3.086086
-3.086086
-3.086086
-3.086086
-2.570400
-3.086086
-3.086086
-3.086086
-3.086086
-3.086086
-1.855575
-3.086086
-3.086086
-3.086086
-1.537202
-3.086086
-2.588084
-2.866929
-3.086086
2.451139
-3.086086
-3.086086
-3.086086
-3.086086
-2.889508
-1.931845
-0.070714
-3.086086
-3.086086
-3.086086
-3.086086
-3.086086
-3.086086
-3.086086
-3.086086
-2.333957
-3.086086
-3.086086
-1.427137
-3.086086
-3.086086
-3.086086
-3.086086
-3.086086
-3.086086
-3.086086
-3.086086
0.104865
-3.086086
-3.086086
-3.086086
-3.086086
-3.086086
-3.086086
-3.086086
-3.086086
-3.086086
-3.086086
-3.086086
-3.086086
-3.086086
-3.086086
-3.086086
-3.086086
-3.086086
-1.998756
-0.897380
-2.769842
-3.086086
-1.038316
-3.086086
-3.086086
-3.086086
-3.086086
-3.086086
-3.086086
-3.086086
-0.814991
-3.086086
-3.086086
0.825930
-1.619469
-3.086086
-3.086086
-3.086086
-3.086086
-2.344063
-3.086086
-3.086086
-3.086086
-2.866929
-2.195814
-3.086086
-3.086086
-3.086086
-2.412940
-3.086086
-3.086086
1.015704
-3.086086
-3.086086
-2.670296
-3.086086
-3.086086
-3.086086
-3.086086
-3.086086
-3.086086
-3.086086
-2.868960
-3.086086
-3.086086
-3.086086
-3.086086
-3.086086
-3.086086
1.673074
-3.086086
-3.086086
-3.086086
-3.086086
-3.086086
-1.149353
-3.086086
-3.086086
-3.086086
-3.086086
-3.086086
-1.245651
-3.086086
-2.588084
-3.086086
-2.588084
-1.680702
-3.086086
-3.086086
-3.086086
-3.086086
-3.086086
-2.586973
-3.086086
-3.086086
-3.086086
-3.086086
-3.086086
-3.086086
1.673269
-3.086086
-2.891323
-2.326380
-3.086086
-2.833070
-2.588084
-2.866929
-2.586973
-1.837683
-3.086086
-3.086086
-3.086086
-3.086086
-3.086086
-3.086086
-3.086086
-3.086086
-3.086086
-3.086086
-3.086086
-3.086086
-0.100628
-3.086086
-2.868960
-3.086086
-2.383173
-2.217445
-3.086086
-3.086086
-3.086086
-3.086086
-3.086086
-2.638307
-2.670296
-3.086086
-3.086086
-3.086086
-2.769842
-2.271840
-3.086086
-2.861297
-3.086086
-3.086086
-2.586973
-2.451139
-3.086086
-3.086086
-3.086086
-3.086086
-3.086086
-2.868960
-3.086086
-3.086086
-3.086086
-3.086086
-3.086086
-3.086086
0.878620
-3.086086
-3.086086
-3.086086
-3.086086
-3.086086
-3.086086
-3.086086
-3.086086
-3.086086
-3.086086
-3.086086
-3.086086
-3.086086
-3.086086
-3.086086
-3.086086
-3.086086
-3.086086
-3.086086
-3.086086
-3.086086
-3.086086
-3.086086
-2.891323
-3.086086
-1.719015
-2.861297
-3.086086
-3.086086
-3.086086
-3.086086
-3.086086
-3.086086
-3.086086
-3.086086
-3.086086
1.372476
-3.086086
-2.766978
-3.086086
-1.552138
-3.086086
-3.086086
-3.086086
-3.086086
-3.086086
-3.086086
-3.086086
-2.670296
-3.086086
-3.086086
-1.629455
-3.086086
-3.086086
-3.086086
-3.086086
-3.086086
-3.086086
-3.086086
-3.086086
-3.086086
-1.400746
-3.086086
-3.086086
-3.086086
-3.086086
-3.086086
-3.086086
-3.086086
-3.086086
-3.086086
-3.086086
-3.086086
-3.086086
-3.086086
-2.868960
-1.214889
-0.062591
-3.086086
-3.086086
-3.086086
-3.086086
-3.086086
-3.086086
-3.086086
-3.086086
-3.086086
-3.086086
-3.086086
-0.110061
-3.086086
-3.086086
0.949870
-1.128755
-3.086086
-3.086086
-3.086086
-3.086086
-3.086086
-3.086086
-2.607704
-3.086086
-3.086086
-3.086086
-3.086086
-3.086086
-3.086086
-3.086086
-3.086086
-3.086086
-3.086086
-3.086086
-3.086086
-3.086086
-0.116664
-3.086086
-3.086086
-2.664986
-3.086086
-3.086086
-3.086086
-3.086086
-3.086086
-3.086086
-3.086086
-3.086086
-3.086086
-3.086086
-3.086086
-3.086086
-3.086086
-3.086086
-3.086086
-2.371545
-3.086086
-3.086086
-3.086086
-3.086086
-3.086086
-3.086086
-3.086086
-2.868960
-2.586973
-3.086086
-3.086086
3.086086
-3.086086
-2.692021
-3.086086
-3.086086
-2.543506
-3.086086
-3.086086
-1.857303
-3.086086
-3.086086
-3.086086
-1.772727
-3.086086
-3.086086
-3.086086
-3.086086
-1.921271
-3.086086
-3.086086
-3.086086
-3.086086
-2.471441
-3.086086
-2.588084
1.260520
-3.086086
-3.086086
-3.086086
-3.086086
-0.346942
-3.086086
-3.086086
-3.086086
-3.086086
-3.086086
-3.086086
-3.086086
-3.086086
-3.086086
-3.086086
-3.086086
-3.086086
-2.451139
-3.086086
-3.086086
-3.086086
-3.086086
-2.483404
-3.086086
-2.588084
-3.086086
-3.086086
-2.833070
-3.086086
-3.086086
-3.086086
-3.086086
-3.086086
-3.086086
-3.086086
-3.086086
-3.086086
-1.394733
-2.670296
-3.086086
-3.086086
-3.086086
-3.086086
0.523477
-3.086086
-3.086086
-0.086858
-3.086086
-3.086086
-3.086086
-3.086086
-3.086086
-3.086086
-3.086086
-3.086086
-3.086086
-3.086086
-3.086086
-3.086086
-3.086086
-3.086086
-2.588084
-3.086086
-3.086086
-1.748523
-3.086086
-3.086086
-3.086086
-3.086086
-3.086086
-2.335686
-3.086086
-3.086086
-3.086086
-3.086086
-3.086086
-2.868960
-3.086086
-3.086086
-3.086086
-3.086086
-3.086086
-3.086086
-3.086086
-3.086086
-2.362184
-3.086086
-3.086086
-3.086086
-3.086086
-3.086086
-3.086086
-3.086086
-3.086086
-2.588084
-3.086086
-3.086086
-3.086086
-3.086086
-3.086086
-3.086086
-1.715731
-3.086086
-3.086086
-0.986228
-3.086086
-3.086086
-3.086086
-3.086086
-3.086086
-3.086086
-0.969971
-2.055804
-3.086086
-3.086086
-3.086086
-3.086086
-1.821715
-3.086086
-3.086086
-3.086086
-2.586973
-3.086086
-3.086086
-3.086086
-2.450994
2.861297
-3.086086
-2.866929
-3.086086
-3.086086
-3.086086
1.050117
-3.086086
-3.086086
-3.086086
-3.086086
-3.086086
-3.086086
-3.086086
-3.086086
-3.086086
-3.086086
-3.086086
-3.086086
-3.086086
-3.086086
-3.086086
-3.086086
-3.086086
-3.086086
-3.086086
-3.086086
-3.086086
-3.086086
-3.086086
-3.086086
-3.086086
-3.086086
-3.086086
-3.086086
-2.588084
-2.834799
-3.086086
-3.086086
-3.086086
-3.086086
-3.086086
-0.637696
-3.086086
-2.256376
-3.086086
-3.086086
-3.086086
-3.086086
-3.086086
-3.086086
-3.086086
-3.086086
-3.086086
-3.086086
-1.287889
-3.086086
-3.086086
-3.086086
-3.086086
-3.086086
-3.086086
-3.086086
-3.086086
-3.086086
-3.086086
-3.086086
-3.086086
-3.086086
-3.086086
0.268538
-3.086086
-1.979262
-3.086086
-3.086086
-3.086086
-3.086086
-3.086086
-3.086086
-3.086086
-2.333333
-3.086086
-3.086086
-3.086086
-3.086086
-1.374132
-3.086086
-1.611581
-3.086086
-3.086086
-3.086086
-3.086086
-3.086086
-3.086086
-3.086086
-3.086086
-2.588084
-3.086086
-3.086086
-3.086086
-3.086086
-3.086086
-3.086086
-3.086086
-3.086086
-3.086086
-3.086086
-2.139194
-3.086086
-3.086086
-3.086086
-3.086086
-2.544897
-3.086086
-3.086086
