48384, 46871, 66912, 69425, 52492, 49977, 47016, 8446, 66931, 18988, 133780, 46956, 49739, 20360, 91137, 77290, 46865, 66905, 46877, 34726, 9351, 66361, 68604, 61491, 48703, 66364, 5593, 47010, 8421, 5483, 132104
Feature count is 31
Criterion1 result is ObjectIndex = 1647, Distance = -2.1730294946539878806185293029, Value = 0.6213612751853939838239545220
Boundary = -2.1699716141184402306116001481
-3.240905
-2.888731
-4.192966
-4.192966
-4.192966
-4.192966
-4.192966
-3.923068
-4.192966
-4.192966
-4.192966
-4.192966
-4.192966
-2.993557
-4.192966
-4.192966
-4.192966
-4.192966
-4.192966
-2.540208
-4.192966
-4.192966
-4.192966
-4.192966
-4.192966
-4.192966
-4.192966
-4.192966
-4.192966
-3.955277
-4.192966
-4.192966
-4.192966
-3.212213
-4.192966
-1.049159
-4.192966
-4.192966
-0.830370
-4.192966
-4.192966
-1.644080
-4.192966
-4.192966
-4.192966
-4.192966
-4.192966
-4.192966
-4.192966
-4.192966
-4.192966
-4.192966
-4.192966
-3.923068
-3.083381
-3.817706
-1.081080
-4.192966
2.189683
-4.192966
-4.192966
-4.192966
-4.192966
-4.192966
-4.192966
-4.192966
-4.192966
-4.192966
-4.192966
-4.192966
-4.192966
-4.192966
-4.192966
-4.192966
-3.968177
-2.578570
-4.192966
-4.192966
-4.192966
-1.606490
-4.192966
-4.192966
-4.192966
-3.945687
-4.192966
2.125081
-3.977358
-4.192966
-3.678203
-4.192966
-4.192966
-4.192966
-4.192966
-4.192966
-3.678203
-4.192966
-3.817706
-4.192966
-3.678203
-3.923068
-4.192966
-4.192966
-1.510900
-2.555969
-4.192966
-4.192966
-2.683410
0.932656
-4.192966
-4.192966
-3.975333
-4.192966
-4.192966
-4.192966
0.003437
-3.599566
-4.192966
-4.192966
-3.352476
-4.192966
-4.192966
-4.192966
-2.938185
-4.192966
-4.192966
-3.817706
-4.192966
-4.192966
-4.192966
-4.192966
-4.192966
-3.218701
-4.192966
-4.192966
-3.979876
-4.192966
-2.694709
-4.192966
-4.192966
-0.051489
-4.192966
-1.301554
-3.817706
-4.192966
-4.192966
-2.660176
-4.192966
-4.192966
-3.955277
-3.678203
-4.192966
-4.192966
-4.192966
-4.192966
-4.192966
-4.192966
-4.192966
-4.192966
-3.275446
-4.192966
-4.192966
-3.955277
-2.024603
-4.192966
-4.192966
-4.192966
-4.192966
-2.378051
-4.192966
-4.192966
-3.734080
-4.192966
-4.192966
-4.192966
-4.192966
-4.192966
-4.192966
-4.192966
-2.862546
-4.192966
-4.192966
-4.192966
-4.192966
-4.192966
-4.192966
-4.192966
-4.192966
-4.192966
-4.192966
-4.192966
-4.192966
-4.192966
-4.192966
-4.192966
-2.215146
-3.678203
-4.192966
-4.192966
-2.777674
-4.192966
-4.192966
-4.192966
-2.739896
-4.192966
-4.192966
-4.192966
-4.192966
-4.192966
-4.192966
-4.192966
-4.192966
-4.192966
-4.192966
-3.971769
-4.192966
-4.192966
-4.192966
-4.192966
-4.192966
-4.192966
-4.192966
-4.192966
0.084837
-3.496643
-2.753016
-3.212721
-4.192966
-4.192966
-4.192966
-3.140018
-4.192966
-4.192966
-4.192966
-1.317110
-4.192966
-4.192966
-4.192966
-4.192966
-1.991977
-1.367833
-4.192966
-3.955277
-4.192966
-3.942254
-4.192966
-4.192966
-4.192966
-4.192966
-4.192966
-4.192966
-3.946826
0.608501
-4.192966
-4.192966
-4.192966
-4.192966
-4.192966
-0.638070
-4.192966
-4.192966
-4.192966
-4.192966
-4.192966
-4.192966
-4.192966
-4.192966
-4.192966
-0.151855
-4.192966
-4.192966
-1.472094
-4.192966
-4.192966
-4.192966
-4.192966
-3.752554
-3.244845
-4.192966
-4.192966
-4.192966
-4.192966
-4.192966
-4.192966
-4.192966
-3.678203
-4.192966
-4.192966
-3.289411
-3.265259
-4.192966
-4.192966
-4.192966
-4.192966
-4.192966
1.839409
-4.192966
-4.192966
-4.192966
-4.192966
-4.192966
-4.192966
-4.192966
-4.192966
-4.192966
-4.192966
-4.192966
-4.192966
-4.192966
-4.192966
-4.192966
-3.703910
-4.192966
-3.678203
-4.192966
-4.192966
-4.192966
1.472790
-1.546681
-4.192966
-4.192966
-4.192966
-4.192966
-3.678203
-4.192966
-4.192966
-4.192966
-4.192966
-4.192966
-4.192966
-4.192966
-4.192966
-4.192966
-4.192966
-4.192966
-4.192966
-3.678203
-4.192966
-4.192966
-4.192966
-4.192966
1.210443
-4.192966
-4.192966
-4.192966
-4.192966
-4.192966
-4.192966
-4.192966
-4.192966
-4.192966
-4.192966
-4.192966
-4.192966
-4.192966
-4.192966
-4.192966
-4.192966
-4.192966
-4.192966
-4.192966
-4.192966
-4.192966
-4.192966
-4.192966
-4.192966
-3.702381
-3.047527
-4.192966
-4.192966
-4.192966
-4.192966
-4.192966
-4.192966
-4.192966
-4.192966
-4.192966
-4.192966
-1.769856
0.509056
-4.192966
-4.192966
-4.192966
-2.885355
-4.192966
-4.192966
-4.192966
-4.192966
-4.192966
-4.192966
-2.414785
-4.192966
-4.192966
-4.192966
-4.192966
-4.192966
-4.192966
-4.192966
-4.192966
-4.192966
-2.722251
-4.192966
-4.192966
-4.192966
-3.678203
-4.192966
-4.192966
-4.192966
-4.192966
-4.192966
-2.085921
-4.003160
-4.192966
-4.192966
-4.192966
-3.533397
-4.192966
-1.908298
-3.955277
-4.192966
-3.632524
-3.228867
-4.192966
-4.192966
-4.192966
-4.192966
-4.192966
-4.192966
-3.946826
-4.192966
-4.192966
-4.192966
-4.192966
-3.955277
-4.192966
-4.192966
-4.192966
-4.192966
-4.192966
1.958189
-3.287633
-3.678203
-4.192966
-4.192966
-4.192966
-4.192966
-2.760573
-4.192966
-0.057168
-4.192966
-4.192966
-4.192966
-4.192966
-4.192966
-4.192966
-4.192966
-4.192966
-2.773939
-4.192966
-4.192966
-1.910976
-4.192966
-4.192966
-2.993084
-4.192966
-0.603573
-4.192966
-4.192966
-4.192966
-4.192966
-4.192966
-3.432063
-4.192966
-4.192966
-4.192966
-3.883811
-4.192966
-4.192966
-3.678203
-3.880280
-2.146302
-0.329987
-4.192966
-4.192966
-4.192966
-4.192966
-4.192966
-3.817706
-4.192966
-4.192966
-4.192966
-4.192966
-4.192966
-4.192966
-4.192966
-4.192966
-1.681035
-1.229791
-1.285162
-4.192966
-4.192966
-4.192966
-4.192966
-4.192966
-4.192966
-4.192966
-4.192966
-4.192966
-4.192966
-4.192966
-1.354088
-2.551892
-4.192966
-4.192966
-3.430354
-4.192966
1.095970
-4.192966
-4.192966
-3.534921
-4.192966
-4.192966
-4.192966
-3.602098
-4.192966
-4.192966
-4.192966
-4.192966
-4.192966
-4.192966
-4.192966
-4.192966
-4.192966
-4.192966
-4.192966
-4.192966
-4.192966
-4.192966
-4.192966
-4.192966
-4.192966
-4.192966
-3.817706
-4.192966
-2.971515
-4.192966
-4.192966
-1.961831
-4.192966
-2.743836
-4.192966
-4.192966
-1.657880
-3.383957
-2.368732
-3.979876
-4.192966
-4.192966
-4.192966
-4.192966
1.438375
-4.192966
-4.192966
-2.955346
-3.946826
-4.192966
-4.192966
-0.086731
0.150249
-4.192966
-4.192966
-4.192966
-4.192966
-4.192966
-4.192966
-4.192966
-3.383957
-4.192966
-4.192966
-4.192966
-4.192966
1.307272
-4.192966
-3.702381
-4.192966
-4.192966
-3.427491
-4.192966
0.160040
-4.192966
0.937617
-4.192966
-4.192966
-4.192966
-2.600827
-2.597418
-4.192966
-2.212684
-4.192966
-1.594285
-4.192966
-4.192966
-4.192966
-4.192966
-4.192966
-2.373343
-4.192966
-4.192966
-4.192966
-2.337013
-4.192966
-4.192966
-4.192966
-4.192966
-4.192966
-4.192966
-3.446212
-4.192966
-4.192966
-4.192966
-4.192966
-4.192966
-4.192966
-4.192966
-3.235564
-4.192966
-4.192966
-2.162443
-2.499435
-4.192966
-4.192966
-4.192966
-4.192966
-4.192966
-4.192966
-4.192966
-4.192966
-3.955277
-4.192966
-3.252984
-4.192966
-4.192966
-4.192966
-4.192966
-4.192966
0.230562
-4.192966
-4.192966
-4.192966
-4.192966
-4.192966
-4.192966
-2.079764
-3.979876
-4.192966
-4.192966
-4.192966
-4.192966
-4.192966
-4.192966
-4.192966
-4.192966
-4.192966
-4.192966
-4.192966
-4.192966
-4.192966
-4.192966
-4.192966
-4.192966
-4.192966
-4.192966
-4.192966
-4.192966
-3.678203
-4.192966
-4.192966
0.878796
-4.192966
-2.989942
-2.392166
-4.192966
-4.192966
-4.192966
-4.192966
-4.192966
-4.192966
-4.192966
-3.973809
-4.192966
-4.192966
-4.192966
-4.192966
-3.955277
-4.192966
-1.546276
-4.192966
-4.192966
-4.192966
-4.192966
-4.192966
-3.430924
-4.192966
-4.192966
-4.192966
-4.192966
-4.192966
-1.901090
-4.192966
-4.192966
-4.192966
-4.192966
-4.192966
-4.192966
-4.192966
-4.192966
-4.192966
-4.192966
-4.192966
-4.192966
-4.192966
-4.192966
-4.192966
-4.192966
-4.192966
-4.192966
-4.192966
-4.192966
-0.424797
-4.192966
-3.380858
-4.192966
-4.192966
-4.192966
-4.192966
-4.192966
-4.192966
-4.192966
-4.192966
-4.192966
-4.192966
-4.192966
-4.192966
-4.192966
-0.615001
-4.192966
-4.192966
-4.192966
-4.192966
-4.192966
-4.192966
-4.192966
-4.192966
-3.049628
-4.192966
-4.192966
-4.192966
-2.646871
-4.192966
-4.192966
-4.192966
-0.578314
-4.192966
-4.192966
-4.192966
-4.192966
-4.192966
-4.192966
-4.192966
-3.977358
-4.192966
-4.192966
-4.192966
-4.192966
-0.787930
-4.192966
-1.737806
-3.955277
-4.192966
-3.510006
-4.192966
-2.855343
-4.192966
-4.192966
-4.192966
-4.192966
-4.192966
-4.192966
-4.192966
-4.192966
-0.348884
-4.192966
-2.261385
-4.192966
-4.192966
-4.192966
-3.555179
-4.192966
-2.116318
-4.192966
-4.192966
-4.192966
-4.192966
-2.744372
-4.192966
-2.746212
-4.192966
-4.192966
-4.192966
-4.192966
-4.192966
-3.508320
2.023954
-4.192966
-4.192966
-4.192966
-4.192966
-4.192966
-4.192966
-3.955277
-4.192966
-4.192966
-2.835547
-4.192966
-4.192966
-4.192966
-4.192966
-4.192966
-4.192966
-4.192966
-4.192966
-4.192966
-4.192966
-4.192966
-4.192966
-4.192966
-4.192966
-4.192966
-4.192966
-4.192966
-0.377451
-4.192966
1.875702
-1.798352
-4.192966
-2.947864
-4.192966
0.852450
-4.192966
-2.707439
-4.192966
-4.192966
-3.975333
-4.192966
-4.192966
-4.192966
-4.192966
-4.192966
-2.932553
-3.974826
-4.192966
-4.192966
-2.602110
-4.192966
-4.192966
-2.345811
-4.192966
-4.192966
-4.192966
-4.192966
-4.192966
-4.192966
-4.192966
-4.192966
-4.192966
-4.192966
-4.192966
0.278614
-2.556999
-4.192966
-4.192966
-0.241923
-4.192966
-4.192966
-4.192966
-4.192966
-4.192966
-3.678203
-4.192966
-4.192966
-3.678203
-4.192966
-4.192966
-4.192966
-4.192966
-4.192966
-3.850634
-2.567607
-4.192966
-4.192966
-4.192966
-4.192966
-3.753628
-2.868699
-4.192966
-4.192966
-4.192966
-4.192966
-2.752508
-4.192966
-4.192966
-4.192966
-4.192966
-2.637214
-4.192966
-4.192966
-4.192966
-4.192966
-3.971769
-4.192966
-4.192966
-4.192966
-4.192966
-2.292497
-4.192966
-4.192966
-4.192966
-4.192966
-3.563009
-4.192966
-4.192966
-4.192966
-4.192966
-4.003160
-4.192966
-4.192966
-4.192966
-3.923068
-4.192966
-2.734149
-4.192966
-1.217402
-4.192966
-3.488397
-2.586810
-4.192966
-4.192966
-4.192966
-4.192966
-4.192966
-4.192966
-4.192966
-3.977358
0.926107
-4.192966
-4.192966
-4.192966
-4.192966
-1.065186
1.590146
-4.192966
-4.192966
-3.127118
-4.192966
-2.846323
-4.192966
-4.192966
-4.192966
-4.192966
-3.923068
-4.192966
-4.192966
-3.734080
-2.744052
-4.192966
-2.867821
-4.192966
-4.192966
-4.192966
-4.192966
-4.192966
-4.192966
-4.192966
-3.678203
-2.709788
-4.192966
-4.192966
-4.192966
-3.678203
-4.192966
-4.192966
-4.192966
-4.192966
-4.192966
-4.192966
-3.752554
-4.192966
-4.192966
-4.192966
-4.192966
-2.416234
-4.192966
-4.192966
-4.192966
-4.192966
-3.703910
-4.192966
-2.308952
-2.764758
-4.192966
-4.192966
-4.192966
-4.192966
-4.192966
-4.192966
-4.192966
-4.192966
-4.192966
2.163003
-4.192966
-0.264216
-4.192966
-3.287122
-4.192966
-4.192966
1.648269
-4.192966
-4.192966
-4.192966
-2.955346
-4.192966
-2.544270
-4.192966
-3.972280
-4.192966
-3.721567
-3.459046
-4.192966
-4.192966
-4.192966
-2.453098
-4.192966
-4.192966
-3.997750
-4.192966
-4.192966
-1.773622
-4.192966
-4.192966
-4.192966
-1.328080
-4.192966
-4.192966
-3.923068
-4.003160
-3.678203
0.864559
-4.192966
-4.192966
-4.192966
-4.192966
-3.955277
-4.192966
-4.192966
-4.192966
-4.192966
-4.192966
-4.192966
-4.192966
-4.192966
-1.826292
-4.192966
-4.192966
-4.192966
-4.192966
-4.192966
-4.192966
-4.192966
-4.192966
-4.192966
-4.192966
-4.192966
-4.192966
-4.192966
-4.192966
-4.192966
-3.602098
-4.192966
-4.192966
-4.192966
-3.705434
-0.586493
-4.192966
-4.192966
-4.192966
-4.192966
-4.192966
-0.671996
-4.192966
-4.192966
-4.192966
-1.353163
-4.192966
-4.192966
-4.192966
-1.390276
-4.192966
-4.192966
-1.155150
-4.192966
-4.192966
-4.192966
-4.192966
-4.192966
-0.329930
1.466254
-4.192966
-4.192966
-4.192966
-4.192966
-4.192966
-4.192966
-2.565293
-4.192966
-4.192966
-4.192966
-3.060872
-3.210237
-4.192966
-4.192966
-3.974826
-4.192966
-4.192966
-4.192966
-4.192966
-3.817706
-4.192966
-4.192966
-3.817706
-4.192966
-2.983694
-4.192966
-4.192966
-3.015912
-4.192966
-4.192966
-4.192966
-4.192966
-4.192966
-4.192966
-3.300020
-4.192966
-3.974826
-4.192966
-1.772041
-4.192966
-3.453414
-4.192966
-4.192966
-4.192966
-4.192966
-4.192966
-4.192966
-3.955277
-4.192966
-4.192966
-4.192966
-1.220416
-1.514103
-3.973809
-4.192966
-4.192966
-4.192966
-4.192966
0.570953
-3.915507
-4.192966
-4.192966
-4.192966
-4.192966
-4.192966
-4.192966
-4.192966
-4.192966
-3.570420
-4.192966
-4.192966
-3.945687
-4.192966
-4.192966
-4.192966
-4.192966
-4.192966
-3.955277
-4.192966
-4.192966
-4.192966
-3.245956
-4.192966
-3.945687
-4.192966
-4.192966
0.000577
-4.192966
3.251491
-4.192966
-4.192966
-3.602098
-4.192966
-4.192966
-4.192966
-2.477453
-4.192966
-4.192966
-4.192966
-4.192966
-3.979876
-4.192966
-4.192966
-4.192966
-4.192966
-4.192966
-4.192966
-4.192966
-0.478150
-4.192966
-4.192966
-3.850634
-4.192966
-4.192966
-2.808007
-0.382808
-4.192966
-4.192966
-4.192966
-4.192966
-3.955277
-4.192966
0.805905
-4.192966
-4.192966
-4.192966
-4.192966
-4.192966
-4.192966
-4.192966
-4.192966
-4.192966
-2.986518
-4.192966
-4.192966
-4.192966
-4.192966
-4.192966
-4.192966
-4.192966
-4.192966
-4.192966
-4.192966
2.899216
-4.192966
-4.192966
-4.192966
-4.192966
-4.192966
-3.430924
-3.021501
-3.678203
-4.192966
-4.192966
-3.602098
-4.192966
-4.192966
-4.192966
-1.496994
-4.192966
-4.192966
-4.192966
-4.192966
-4.192966
-4.192966
-4.192966
-4.192966
-4.192966
-4.192966
-2.906968
-3.979876
-4.192966
-4.192966
-4.192966
-4.192966
-4.192966
-3.430354
-4.192966
-4.192966
-4.192966
-4.192966
-4.192966
-4.192966
-4.192966
-3.701870
-4.192966
-4.192966
-1.602111
-4.192966
-4.192966
-4.192966
-0.305066
-4.192966
-4.192966
-3.189100
-4.192966
3.380900
-4.192966
-4.192966
-4.192966
-4.192966
-3.599057
-2.727020
-0.361611
-4.192966
-4.192966
-4.192966
-4.192966
-4.192966
-4.192966
-4.192966
-4.192966
-1.845902
-4.192966
-4.192966
-1.632054
-4.192966
-4.192966
-4.192966
-4.192966
-4.192966
-4.192966
-4.192966
-4.192966
1.072556
-4.192966
-4.192966
-4.192966
-3.725628
-4.192966
-4.192966
-2.784916
-4.192966
-4.192966
-4.192966
-4.192966
-4.192966
-4.192966
-4.192966
-4.192966
-4.192966
-4.192966
-3.013002
-0.715970
-0.942046
-3.979876
-1.917302
-4.192966
-4.192966
-4.192966
-4.192966
-4.192966
-4.192966
-4.192966
-0.661620
-4.192966
-4.192966
0.401880
-2.460994
-3.678203
-4.192966
-4.192966
-4.192966
-2.707142
-4.192966
-3.977358
-4.192966
-3.971769
-2.779668
-4.192966
-4.192966
-4.192966
-3.088861
-4.192966
-4.192966
1.033204
-4.192966
-4.192966
-3.283113
-4.192966
-4.192966
-4.192966
-4.192966
-4.192966
-4.192966
-4.192966
-3.221576
-3.243946
-3.759217
-4.192966
-4.192966
-3.678203
-4.192966
2.045357
-4.192966
-4.192966
-4.192966
-4.192966
-4.192966
-0.015042
-2.736697
-3.538410
-4.192966
-4.192966
-4.192966
-2.282440
-3.883107
-3.955277
-4.192966
-3.440514
-2.556664
-4.192966
-4.192966
-4.192966
-4.192966
-4.192966
-2.588665
-4.192966
-4.192966
-4.192966
-4.192966
-4.192966
-4.192966
2.816217
-4.192966
-3.946826
-1.709715
-4.192966
-4.192966
-3.979876
-4.192966
-2.568677
-2.567247
-4.192966
-4.192966
-3.678203
-4.192966
-4.192966
-4.192966
-4.192966
-3.979876
-4.192966
-4.192966
-3.977358
-4.192966
-2.081076
-3.678203
-4.192966
-4.192966
-3.453414
-2.139383
-4.192966
-4.192966
-4.192966
-4.192966
-4.192966
-3.539464
-1.706846
-4.192966
-4.192966
-4.192966
-3.209667
-3.075784
-4.192966
-3.971769
-4.192966
-4.192966
-3.752554
-3.602098
-4.192966
-4.192966
-4.192966
-3.678203
-4.192966
-3.733262
-4.192966
-4.192966
-4.192966
-4.192966
-4.192966
-4.192966
1.433890
-4.192966
-4.192966
-4.192966
-4.192966
-4.192966
-4.192966
-4.192966
-4.192966
-3.736120
-4.192966
-4.192966
-4.192966
-4.192966
-4.192966
-4.192966
-3.979876
-4.192966
-4.192966
-4.192966
-3.709977
-4.192966
-4.192966
-4.192966
-3.237791
-4.192966
-0.960129
-3.955277
-4.192966
-4.192966
-4.192966
-3.915507
-4.192966
-4.192966
-4.192966
-4.192966
-4.192966
1.014279
-4.192966
-3.117667
-4.192966
-0.490764
-4.192966
-4.192966
-4.192966
-4.192966
-4.192966
-4.192966
-4.192966
-4.192966
-4.192966
-4.192966
-1.523090
-3.265206
-4.192966
-3.678203
-4.192966
-4.192966
-4.192966
-4.192966
-4.192966
-4.192966
-3.078154
-4.192966
-4.192966
-4.192966
-4.192966
-4.192966
-4.192966
-4.192966
-4.192966
-4.192966
-4.192966
-4.192966
-4.192966
-4.192966
-4.192966
-1.219747
0.055108
-4.192966
-4.192966
-4.192966
-4.192966
-4.192966
-4.192966
-4.192966
-4.192966
-4.192966
-4.192966
-4.192966
-0.898821
-4.192966
-4.192966
2.223316
-2.166914
-4.192966
-4.192966
-4.192966
-4.192966
-3.955277
-4.192966
-3.971769
-4.192966
-4.192966
-4.192966
-4.192966
-4.192966
-4.192966
-4.192966
-4.192966
-4.192966
-4.192966
-3.678203
-4.192966
-4.192966
-0.318578
-4.192966
-4.192966
-2.677887
-4.192966
-4.192966
-4.192966
-3.946826
-4.192966
-4.192966
-4.192966
-4.192966
-4.192966
-4.192966
-4.192966
-4.192966
-4.192966
-4.192966
-4.192966
-3.191624
-4.192966
-4.192966
-4.192966
-4.192966
-4.192966
-4.192966
-4.192966
-3.724113
-3.301427
-4.192966
-4.192966
3.345742
-4.192966
-3.153465
-4.192966
-4.192966
-2.173029
-4.192966
-4.192966
-2.367652
-4.192966
-4.192966
-4.192966
-2.045236
-4.192966
-4.192966
-4.192966
-4.192966
-1.655670
-4.192966
-4.192966
-4.192966
-4.192966
-3.504310
-4.192966
-3.461858
2.031666
-4.192966
-4.192966
-4.192966
-4.192966
0.975733
-4.192966
-4.192966
-4.192966
-4.192966
-4.192966
-4.192966
-4.192966
-4.192966
-4.192966
-4.192966
-4.192966
-4.192966
-2.701383
-4.192966
-3.979876
-4.192966
-4.192966
-3.422293
-4.192966
-3.734080
-4.192966
-4.192966
-3.678203
-4.192966
-4.192966
-4.192966
-4.192966
-4.192966
-4.192966
-4.192966
-4.192966
-4.192966
-2.531338
-1.184854
-4.192966
-4.192966
-4.192966
-4.192966
1.847708
-4.192966
-4.192966
1.202611
-4.192966
-4.192966
-3.955277
-4.192966
-4.192966
-4.192966
-4.192966
-4.192966
-4.192966
-4.192966
-4.192966
-4.192966
-4.192966
-3.678203
-3.955277
-4.192966
-4.192966
-2.005371
-3.955277
-4.192966
-4.192966
-4.192966
-4.192966
-2.095376
-4.192966
-4.192966
-4.192966
-4.192966
-4.192966
-3.410222
-4.192966
-4.192966
-4.192966
-4.192966
-4.192966
-4.192966
-4.192966
-4.192966
-3.557338
-4.192966
-4.192966
-4.192966
-4.192966
-4.192966
-4.192966
-4.192966
-4.192966
-3.955277
-4.192966
-4.192966
-4.192966
-4.192966
-4.192966
-4.192966
0.201519
-4.192966
-4.192966
-0.678434
-4.192966
-4.192966
-4.192966
-4.192966
-4.192966
-4.192966
0.675519
-0.045207
-4.192966
-4.192966
-4.192966
-4.192966
-1.548442
-4.192966
-4.192966
-4.192966
-1.418391
-4.192966
-4.192966
-4.192966
-3.364807
3.202469
-4.192966
-3.880280
-4.192966
-4.192966
-4.192966
2.155493
-4.192966
-4.192966
-4.192966
-4.192966
-4.192966
-4.192966
-4.192966
-4.192966
-4.192966
-4.192966
-4.192966
-4.192966
-4.192966
-4.192966
-4.192966
-4.192966
-4.192966
-3.678203
-4.192966
-4.192966
-4.192966
-4.192966
-4.192966
-3.979876
-4.192966
-4.192966
-4.192966
-4.192966
-3.704565
-3.312199
-4.192966
-4.192966
-4.192966
-4.192966
-4.192966
-0.581901
-4.192966
-3.087335
-4.192966
-4.192966
-4.192966
-4.192966
-4.192966
-4.192966
-4.192966
-4.192966
-4.192966
-4.192966
-2.639278
-4.192966
-4.192966
-4.192966
-4.192966
-4.192966
-4.192966
-4.192966
-4.192966
-4.192966
-4.192966
-4.192966
-4.192966
-4.192966
-4.192966
-0.087209
-4.192966
-1.658648
-4.192966
-4.192966
-4.192966
-4.192966
-4.192966
-4.192966
-4.192966
-3.678203
-4.192966
-4.192966
-4.192966
-4.192966
-1.687640
-4.192966
-0.358819
-4.192966
-4.192966
-4.192966
-4.192966
-4.192966
-4.192966
-3.759608
-4.192966
-3.508320
-4.192966
-4.192966
-4.192966
-4.192966
-4.192966
-4.192966
-4.192966
-4.192966
-4.192966
-4.192966
-3.003224
-4.192966
-4.192966
-3.955277
-4.192966
-2.530919
-4.192966
-4.192966
