62170, 46751, 66651, 47051, 8688, 48868, 102478, 67047, 68352, 20018, 47207, 81516, 48664, 61474, 20072, 49943, 81548, 7903, 70290, 46660, 46835
Feature count is 21
Criterion1 result is ObjectIndex = 844, Distance = -1.3238026835343621613316509758, Value = 0.5873386237958766277124858165
Boundary = -1.3184782482703992343331091022
-1.341407
-1.825375
-2.716659
-2.716659
-2.716659
-2.716659
-2.716659
-2.181199
-2.716659
-2.716659
-2.716659
-2.447385
-2.716659
-2.043164
-2.716659
-2.716659
-2.716659
-2.716659
-2.716659
-1.580774
-2.716659
-2.716659
-2.716659
-2.716659
-2.716659
-2.716659
-2.716659
-2.716659
-2.716659
-2.527749
-2.716659
-2.716659
-2.716659
-1.042003
-2.716659
-1.374344
-2.716659
-2.716659
0.541224
-2.716659
-2.716659
0.592822
-2.716659
-2.716659
-2.716659
-2.716659
-2.716659
-2.716659
-2.716659
-2.716659
-2.716659
-2.716659
-2.716659
-2.230733
-1.779199
-2.716659
-0.831835
-2.716659
2.314658
-2.716659
-2.716659
-2.716659
-2.716659
-2.716659
-2.716659
-2.716659
-2.716659
-2.716659
-2.716659
-2.716659
-2.716659
-2.716659
-2.716659
-2.716659
-2.286082
-2.079697
-2.716659
-2.716659
-2.716659
-1.229644
-2.716659
-2.716659
-2.716659
-2.716659
-2.716659
-0.424906
-2.716659
-2.716659
-1.929495
-2.716659
-2.716659
-2.716659
-2.716659
-2.716659
-2.716659
-2.716659
-2.716659
-2.716659
-2.716659
-2.716659
-2.716659
-2.716659
-1.826352
-1.425482
-2.716659
-2.716659
-1.340003
0.383984
-2.716659
-2.716659
-2.716659
-2.716659
-2.716659
-2.716659
-0.749289
-1.458241
-2.716659
-2.716659
-1.610825
-2.716659
-2.716659
-2.716659
-1.432469
-2.716659
-2.716659
-2.716659
-2.040927
-2.716659
-2.716659
-2.447385
-2.716659
-2.287486
-2.716659
-2.716659
-2.716659
-2.716659
-1.464932
-2.716659
-2.716659
-0.102695
-2.716659
-1.909131
-2.230733
-2.716659
-2.716659
-2.181199
-2.716659
-2.716659
-2.716659
-2.267007
-2.716659
-2.716659
-2.716659
-2.716659
-2.716659
-2.716659
-2.716659
-2.716659
-2.716659
-2.716659
-2.716659
-2.318226
-0.183694
-2.716659
-2.716659
-2.716659
-2.716659
-1.649120
-2.716659
-2.716659
-2.716659
-2.716659
-2.716659
-2.716659
-2.716659
-2.716659
-2.716659
-2.716659
-1.828060
-2.716659
-2.716659
-2.716659
-2.716659
-2.716659
-2.716659
-2.716659
-1.614814
-2.716659
-2.716659
-2.716659
-2.716659
-2.716659
-2.716659
-2.716659
-2.262693
-2.417254
-2.716659
-2.716659
-1.989776
-2.716659
-2.716659
-2.716659
-2.417254
-2.716659
-2.716659
-2.716659
-2.716659
-2.716659
-2.716659
-2.716659
-2.716659
-2.716659
-2.716659
-2.716659
-2.716659
-2.716659
-2.716659
-2.716659
-2.716659
-2.716659
-2.716659
-2.716659
1.645495
-2.716659
-2.342406
-2.147980
-2.716659
-2.716659
-2.716659
-1.825375
-2.716659
-2.716659
-2.716659
-0.196854
-2.716659
-2.716659
-2.716659
-2.716659
-0.703865
-0.089149
-2.232418
-2.531317
-2.716659
-2.181199
-2.716659
-2.716659
-2.716659
-2.716659
-2.716659
-2.716659
-2.716659
1.071085
-2.716659
-2.716659
-2.716659
-2.716659
-2.716659
0.022225
-2.716659
-2.716659
-2.716659
-2.716659
-2.716659
-2.716659
-2.716659
-2.716659
-2.716659
0.748851
-2.716659
-2.716659
-1.313154
-2.716659
-2.716659
-2.716659
-2.716659
-2.716659
-2.230733
-2.716659
-2.716659
-2.716659
-2.716659
-2.716659
-2.716659
-2.716659
-2.447385
-2.716659
-2.716659
-1.918394
-2.716659
-2.716659
-2.716659
-2.716659
-2.716659
-2.716659
0.695462
-2.716659
-2.716659
-2.716659
-2.716659
-2.716659
-2.716659
-2.501555
-2.716659
-2.716659
-2.716659
-2.716659
-2.716659
-2.716659
-2.716659
-2.208018
-2.531317
-2.716659
-2.716659
-2.716659
-2.716659
-2.502059
1.017924
-1.583979
-2.716659
-2.716659
-2.716659
-2.716659
-2.230733
-2.716659
-2.447385
-2.716659
-2.716659
-2.716659
-2.716659
-2.716659
-2.716659
-2.716659
-2.716659
-2.716659
-2.716659
-2.015629
-2.716659
-2.716659
-2.716659
-2.716659
1.797425
-2.716659
-2.716659
-2.716659
-2.716659
-2.716659
-2.716659
-2.716659
-2.716659
-2.716659
-2.716659
-2.716659
-2.716659
-2.716659
-2.716659
-2.716659
-2.716659
-2.716659
-2.529090
-2.716659
-2.716659
-2.716659
-2.716659
-2.716659
-2.716659
-2.503568
-2.443625
-2.716659
-2.716659
-2.526853
-2.716659
-2.716659
-2.716659
-2.716659
-2.716659
-2.716659
-2.716659
-1.075428
-0.074959
-2.716659
-2.716659
-2.716659
-0.548529
-2.716659
-2.716659
-2.716659
-2.716659
-2.716659
-2.716659
-1.699011
-2.716659
-2.716659
-2.716659
-2.716659
-2.716659
-2.716659
-2.716659
-2.716659
-2.716659
-1.563027
-2.716659
-2.716659
-2.716659
-1.588694
-2.716659
-2.716659
-2.716659
-2.716659
-2.716659
-2.348971
-2.446760
-2.716659
-2.716659
-2.716659
-2.531317
-2.716659
-2.040115
-2.452349
-2.716659
-2.041158
-2.287486
-2.716659
-2.716659
-2.230733
-2.716659
-2.716659
-2.716659
-2.716659
-2.716659
-2.716659
-2.716659
-2.716659
-2.716659
-2.716659
-2.716659
-2.716659
-2.716659
-2.716659
2.172475
-2.716659
-2.417254
-2.716659
-2.716659
-2.716659
-2.716659
-2.230733
-2.716659
-0.456196
-2.716659
-2.716659
-2.716659
-2.716659
-2.716659
-2.716659
-2.716659
-2.716659
-2.230733
-2.716659
-2.716659
-1.967103
-2.716659
-2.716659
-2.230733
-2.716659
-0.670069
-2.716659
-2.716659
-2.716659
-2.716659
-2.716659
-2.529090
-2.716659
-2.716659
-2.716659
-2.502563
-2.716659
-2.716659
-2.716659
-2.716659
-1.928991
1.374344
-2.716659
-2.716659
-2.716659
-2.716659
-2.716659
-2.716659
-2.716659
-2.716659
-2.716659
-2.716659
-2.716659
-2.716659
-2.716659
-2.716659
-0.727706
-2.259815
1.154603
-2.716659
-2.716659
-2.716659
-2.716659
-2.716659
-2.716659
-2.716659
-2.716659
-2.716659
-2.716659
-2.716659
-1.097607
0.164657
-2.503568
-2.716659
-2.143591
-2.716659
1.133543
-2.716659
-2.230733
-2.503568
-2.716659
-2.716659
-2.716659
-2.230733
-2.716659
-2.716659
-2.716659
-2.716659
-2.716659
-2.716659
-2.716659
-2.716659
-2.529090
-2.716659
-2.716659
-2.716659
-2.716659
-2.716659
-2.716659
-2.716659
-2.716659
-2.716659
-2.716659
-2.716659
-0.246195
-2.716659
-2.716659
-1.610775
-2.716659
-1.771653
-2.716659
-2.716659
-0.321717
-2.230733
-1.591753
-2.181199
-2.716659
-2.716659
-2.716659
-2.716659
1.615063
-2.716659
-2.716659
-2.311804
-2.529090
-2.716659
-2.716659
-0.406053
-0.862051
-2.716659
-2.716659
-2.716659
-2.716659
-2.716659
-2.716659
-2.716659
-1.827333
-2.716659
-2.716659
-2.716659
-2.716659
1.614104
-2.716659
-2.503568
-2.716659
-2.716659
-1.331147
-2.716659
0.772123
-2.716659
0.693980
-2.716659
-2.716659
-2.716659
-2.452349
-1.722823
-2.716659
-1.779551
-2.716659
-1.557982
-2.716659
-2.531317
-2.716659
-2.716659
-2.716659
-1.399525
-2.716659
-2.716659
-2.716659
-1.483457
-2.716659
-2.716659
-2.716659
-2.716659
-2.716659
-2.716659
-2.716659
-2.716659
-2.716659
-2.716659
-2.716659
-2.716659
-2.716659
-2.716659
-2.527749
-2.716659
-2.716659
-1.673239
-0.624213
-2.716659
-2.716659
-2.716659
-2.716659
-2.716659
-2.502563
-2.716659
-2.503568
-2.716659
-2.716659
-2.443625
-2.716659
-2.716659
-2.716659
-2.716659
-2.447385
-0.243016
-2.452349
-2.716659
-2.716659
-2.716659
-2.716659
-2.716659
-1.657666
-2.443625
-2.716659
-2.716659
-2.716659
-2.716659
-2.716659
-2.716659
-2.716659
-2.716659
-2.716659
-2.716659
-2.716659
-2.716659
-2.716659
-2.716659
-2.716659
-2.716659
-2.716659
-2.716659
-2.716659
-2.716659
-1.133604
-2.716659
-2.716659
0.005487
-2.716659
-1.741548
-1.135482
-2.716659
-2.716659
-2.716659
-2.716659
-2.716659
-2.716659
-2.716659
-2.452349
-2.716659
-2.716659
-2.716659
-2.716659
-2.716659
-2.716659
-0.888142
-2.716659
-2.716659
-2.716659
-2.716659
-2.716659
-2.018212
-2.716659
-2.716659
-2.716659
-2.716659
-2.716659
-0.895410
-2.716659
-2.716659
-2.716659
-2.716659
-2.716659
-2.716659
-2.716659
-2.716659
-2.716659
-2.716659
-2.716659
-2.716659
-2.716659
-2.716659
-2.716659
-2.716659
-2.716659
-2.526404
-2.716659
-2.716659
-1.190796
-2.716659
-2.313149
-2.716659
-2.716659
-2.716659
-2.716659
-2.716659
-2.716659
-2.716659
-2.716659
-2.716659
-2.716659
-2.716659
-2.716659
-2.716659
-0.807110
-2.531317
-2.716659
-2.716659
-2.716659
-2.716659
-2.716659
-2.716659
-2.716659
-2.716659
-2.716659
-2.716659
-2.716659
-1.800815
-2.716659
-2.716659
-2.716659
-1.076174
-2.716659
-2.716659
-2.716659
-2.716659
-2.716659
-2.716659
-2.716659
-2.230733
-2.716659
-2.716659
-2.716659
-2.716659
0.785868
-2.716659
-1.770580
-2.716659
-2.716659
-1.995857
-2.716659
-2.230733
-2.716659
-2.716659
-2.716659
-2.716659
-2.716659
-2.527749
-2.716659
-2.716659
0.048596
-2.716659
-1.766846
-2.716659
-2.716659
-2.716659
-2.716659
-2.503568
-2.045192
-2.716659
-2.716659
-2.716659
-2.716659
-2.144221
-2.716659
-0.013220
-2.716659
-2.716659
-2.716659
-2.716659
-2.716659
-2.531317
1.832870
-2.716659
-2.716659
-2.716659
-2.716659
-2.716659
-2.716659
-2.716659
-2.716659
-2.716659
-2.313762
-2.716659
-2.716659
-2.716659
-2.716659
-2.716659
-2.716659
-2.716659
-2.716659
-2.716659
-2.716659
-2.716659
-2.716659
-2.716659
-2.716659
-2.716659
-2.716659
-2.716659
1.835749
-2.716659
1.720221
-2.716659
-2.716659
-1.323803
-2.716659
0.903377
-2.716659
-1.770130
-2.716659
-2.716659
-2.181199
-2.716659
-2.716659
-2.716659
-2.716659
-2.716659
-0.741896
-2.716659
-2.716659
-2.716659
-2.016637
-2.716659
-2.716659
-1.613461
-2.716659
-2.716659
-2.716659
-2.716659
-2.716659
-2.716659
-2.716659
-2.716659
-2.716659
-2.716659
-2.716659
0.142927
-1.080759
-2.716659
-2.716659
-0.695692
-2.716659
-2.716659
-2.716659
-2.716659
-2.716659
-2.529090
-2.716659
-2.716659
-2.716659
-2.529090
-2.716659
-2.716659
-2.716659
-2.716659
-2.502563
-1.993630
-2.716659
-2.716659
-2.716659
-2.716659
-2.716659
-1.424715
-2.716659
-2.716659
-2.716659
-2.716659
-1.660602
-2.716659
-2.716659
-2.716659
-2.716659
-2.016637
-2.716659
-2.716659
-2.716659
-2.716659
-2.716659
-2.716659
-2.716659
-2.716659
-2.716659
-1.721894
-2.716659
-2.716659
-2.716659
-2.716659
-2.716659
-2.716659
-2.716659
-2.716659
-2.716659
-2.716659
-2.716659
-2.716659
-2.716659
-2.716659
-2.716659
-1.530258
-2.716659
-1.030468
-2.716659
-1.718532
-2.179315
-2.716659
-2.716659
-2.716659
-2.716659
-2.716659
-2.716659
-2.716659
-2.230733
1.639456
-2.716659
-2.716659
-2.716659
-2.716659
-1.150851
2.073865
-2.716659
-2.716659
-1.424715
-2.716659
-1.918394
-2.716659
-2.716659
-2.716659
-2.716659
-2.716659
-2.716659
-2.716659
-2.716659
-2.343747
-2.452349
-1.583355
-2.716659
-2.716659
-2.716659
-2.716659
-2.716659
-2.716659
-2.716659
-2.716659
-0.859401
-2.716659
-2.716659
-2.716659
-2.529090
-2.716659
-2.716659
-2.716659
-2.716659
-2.716659
-2.716659
-2.447385
-2.716659
-2.716659
-2.716659
-2.716659
-0.757211
-2.716659
-2.716659
-2.716659
-2.716659
-2.716659
-2.716659
-2.012418
-1.825375
-2.716659
-2.716659
-2.716659
-2.716659
-2.716659
-2.716659
-2.716659
-2.716659
-2.716659
1.987133
-2.716659
-0.428071
-2.716659
-2.447385
-2.716659
-2.716659
0.995209
-2.716659
-2.716659
-2.716659
-1.657666
-2.716659
-0.753446
-2.716659
-2.314658
-2.716659
-1.778303
-2.716659
-2.716659
-2.716659
-2.716659
-1.825879
-2.531317
-2.716659
-2.443625
-2.716659
-2.716659
-2.314490
-2.716659
-2.716659
-2.716659
-0.876011
-2.716659
-2.716659
-2.477292
-2.716659
-2.208018
0.382889
-2.716659
-2.716659
-2.716659
-2.716659
-2.716659
-2.716659
-2.716659
-2.716659
-2.716659
-2.716659
-2.716659
-2.716659
-2.716659
-1.639654
-2.716659
-2.716659
-2.716659
-2.716659
-2.716659
-2.716659
-2.716659
-2.716659
-2.233289
-2.716659
-2.716659
-2.716659
-2.716659
-2.716659
-2.716659
-2.716659
-2.716659
-2.716659
-2.716659
-2.050349
0.755389
-2.716659
-2.716659
-2.716659
-2.716659
-2.716659
-0.921202
-2.716659
-2.716659
-2.716659
-1.612120
-2.716659
-2.716659
-2.716659
-0.760916
-2.716659
-2.716659
-0.160001
-2.716659
-2.716659
-2.716659
-2.716659
-2.716659
0.104495
1.454924
-2.716659
-2.716659
-2.716659
-2.716659
-2.716659
-2.716659
-2.452349
-2.716659
-2.716659
-2.716659
-2.716659
-2.018212
-2.716659
-2.716659
-2.287486
-2.716659
-2.716659
-2.716659
-2.716659
-2.716659
-2.716659
-2.716659
-2.015629
-2.716659
-1.563219
-2.716659
-2.716659
-2.230733
-2.716659
-2.716659
-2.716659
-2.716659
-2.716659
-2.716659
-2.452349
-2.716659
-2.291950
-2.716659
-1.297533
-2.716659
-2.040478
-2.716659
-2.716659
-2.716659
-2.716659
-2.716659
-2.716659
-2.716659
-2.716659
-2.716659
-2.716659
-1.038017
-1.911301
-2.208018
-2.716659
-2.716659
-2.716659
-2.716659
-0.026336
-2.716659
-2.716659
-2.716659
-2.716659
-2.716659
-2.716659
-2.716659
-2.716659
-2.716659
-0.569419
-2.716659
-2.716659
-2.716659
-2.716659
-2.716659
-2.716659
-2.716659
-2.716659
-2.342406
-2.716659
-2.716659
-2.716659
-1.856481
-2.716659
-2.443625
-2.716659
-2.716659
0.367773
-2.716659
1.635244
-2.716659
-2.716659
-2.230733
-2.716659
-2.716659
-2.716659
-1.424715
-2.716659
-2.716659
-2.716659
-2.529090
-2.716659
-2.716659
-2.716659
-2.716659
-2.716659
-2.716659
-2.716659
-2.716659
0.078897
-2.716659
-2.716659
-1.993922
-2.716659
-2.716659
-2.443625
0.239632
-2.716659
-2.716659
-2.716659
-2.716659
-2.716659
-2.716659
0.574323
-2.716659
-2.716659
-2.716659
-2.716659
-2.716659
-2.716659
-2.716659
-2.716659
-2.716659
-1.828060
-2.716659
-2.716659
-2.716659
-2.716659
-2.716659
-2.716659
-2.716659
-2.716659
-2.716659
-2.286082
1.937552
-2.716659
-2.716659
-2.716659
-2.716659
-2.716659
-2.716659
-2.526853
-2.716659
-2.503568
-2.716659
-2.716659
-2.716659
-2.716659
-2.716659
-0.569733
-2.716659
-2.716659
-2.716659
-2.716659
-2.716659
-2.716659
-2.716659
-2.716659
-2.716659
-2.716659
-0.652053
-2.452349
-2.716659
-2.716659
-2.716659
-2.716659
-2.716659
-2.442995
-2.716659
-2.716659
-2.716659
-2.716659
-2.526404
-2.716659
-2.716659
-2.527749
-2.716659
-2.716659
-0.539773
-2.716659
-2.716659
-2.716659
-1.212637
-2.716659
-2.716659
-2.230733
-2.716659
1.853832
-2.716659
-2.716659
-2.716659
-2.716659
-1.918394
-1.612284
-0.612475
-2.716659
-2.716659
-2.716659
-2.716659
-2.716659
-2.716659
-2.716659
-2.716659
-2.229025
-2.716659
-2.716659
-0.113797
-2.716659
-2.716659
-2.716659
-2.716659
-2.716659
-2.716659
-2.716659
-2.716659
0.564407
-2.716659
-2.716659
-2.716659
-2.716659
-2.716659
-2.716659
-1.530882
-2.716659
-2.716659
-2.716659
-2.716659
-2.716659
-2.716659
-2.716659
-2.716659
-2.716659
-2.716659
0.235128
0.520106
-0.411434
-2.018212
-0.719201
-2.716659
-2.716659
-2.716659
-2.716659
-2.716659
-2.716659
-2.716659
0.005133
-2.716659
-2.716659
1.826434
-0.964855
-2.503568
-2.503568
-2.716659
-2.716659
-1.698563
-2.716659
-2.716659
-2.716659
-2.445509
-1.296328
-2.716659
-2.716659
-2.716659
-2.447385
-2.716659
-2.716659
0.098668
-2.716659
-2.716659
-2.446760
-2.716659
-2.716659
-2.716659
-2.716659
-2.716659
-2.716659
-2.716659
-2.445509
-1.825375
-2.256505
-2.716659
-2.716659
-2.716659
-2.716659
1.984906
-2.716659
-2.716659
-2.716659
-2.716659
-2.716659
0.285655
-2.716659
-2.716659
-2.716659
-2.716659
-2.716659
-1.180084
-2.230733
-2.527749
-2.716659
-2.716659
-2.230733
-2.716659
-2.716659
-2.716659
-2.716659
-2.716659
-2.502563
-2.716659
-2.716659
-2.716659
-2.716659
-2.716659
-2.716659
1.851568
-2.716659
-1.934984
-1.160426
-2.716659
-2.529090
-2.477292
-2.445509
-2.046715
-2.254715
-2.716659
-2.716659
-2.442995
-2.716659
-2.716659
-2.716659
-2.716659
-2.716659
-2.716659
-2.716659
-2.716659
-2.716659
0.835104
-2.531317
-2.452349
-2.716659
-2.015629
-0.064291
-2.716659
-2.716659
-2.716659
-2.716659
-2.716659
-2.447385
-2.417254
-2.716659
-2.716659
-2.716659
-1.425812
-1.214241
-2.716659
-2.716659
-2.716659
-2.256056
-2.446760
-2.716659
-2.716659
-2.716659
-2.716659
-2.203159
-2.716659
-2.452349
-2.716659
-2.716659
-2.716659
-2.716659
-2.716659
-2.716659
1.679807
-2.716659
-2.716659
-2.716659
-2.716659
-2.716659
-2.716659
-2.716659
-2.716659
-2.318226
-2.716659
-2.716659
-2.716659
-2.716659
-2.716659
-2.716659
-2.262042
-2.716659
-2.716659
-2.716659
-2.181199
-2.716659
-2.716659
-2.716659
-2.417254
-2.716659
0.217353
-2.716659
-2.716659
-2.716659
-2.716659
-2.716659
-2.716659
-2.716659
-2.716659
-2.716659
-2.716659
-0.326188
-2.716659
-0.185781
-2.716659
1.420120
-2.716659
-2.716659
-2.716659
-2.716659
-2.716659
-2.716659
-2.716659
-2.716659
-2.716659
-2.716659
-0.333576
-2.716659
-2.716659
-2.716659
-2.716659
-2.716659
-2.716659
-2.716659
-2.716659
-2.716659
-1.960835
-2.716659
-2.716659
-2.716659
-2.716659
-2.716659
-2.716659
-2.716659
-2.716659
-2.716659
-2.716659
-2.716659
-2.716659
-2.716659
-2.716659
-1.585874
-0.118058
-2.716659
-2.716659
-2.716659
-2.716659
-2.716659
-2.716659
-2.716659
-2.503568
-2.716659
-2.716659
-2.716659
-1.242390
-2.716659
-2.716659
1.289950
-0.693704
-2.716659
-2.716659
-2.716659
-2.716659
-2.716659
-2.716659
-2.716659
-2.716659
-2.716659
-2.716659
-2.716659
-2.716659
-2.716659
-2.716659
-2.716659
-2.716659
-2.716659
-2.501555
-2.716659
-2.716659
-0.376238
-2.716659
-2.716659
-2.288969
-2.716659
-2.716659
-2.716659
-2.716659
-2.716659
-2.716659
-2.716659
-2.716659
-2.716659
-2.716659
-2.716659
-2.716659
-2.716659
-2.716659
-2.716659
-1.728139
-2.716659
-2.716659
-2.716659
-2.716659
-2.716659
-2.716659
-2.716659
-2.181199
-2.443625
-2.716659
-2.716659
2.526853
-2.716659
-1.934354
-2.716659
-2.716659
-1.612789
-2.716659
-2.716659
-1.798448
-2.716659
-2.716659
-2.716659
-2.291950
-2.716659
-2.716659
-2.716659
-2.716659
0.642035
-2.716659
-2.716659
-2.716659
-2.716659
-2.716659
-2.716659
-2.716659
1.234746
-2.716659
-2.716659
-2.716659
-2.716659
1.909804
-2.716659
-2.716659
-2.716659
-2.716659
-2.716659
-2.447385
-2.716659
-2.716659
-2.716659
-2.716659
-2.716659
-2.716659
-2.230733
-2.716659
-2.716659
-2.716659
-2.716659
-2.177888
-2.716659
-2.477292
-2.716659
-2.716659
-1.618990
-2.716659
-2.716659
-2.716659
-2.716659
-2.716659
-2.716659
-2.716659
-2.716659
-2.716659
-1.719787
-0.768008
-2.716659
-2.716659
-2.716659
-2.716659
0.811688
-2.716659
-2.716659
1.397483
-2.716659
-2.716659
-2.716659
-2.716659
-2.716659
-2.716659
-2.716659
-2.716659
-2.716659
-2.716659
-2.716659
-2.716659
-2.452349
-1.797314
-2.716659
-2.716659
-2.716659
-1.341407
-2.716659
-2.716659
-2.716659
-2.716659
-2.716659
-0.068962
-2.716659
-2.716659
-2.716659
-2.716659
-2.716659
-2.447385
-2.716659
-2.716659
-2.716659
-2.716659
-2.716659
-2.716659
-2.477292
-2.716659
-2.264780
-2.716659
-2.716659
-2.716659
-2.716659
-2.716659
-2.716659
-2.716659
-2.716659
-2.531317
-2.716659
-2.716659
-2.716659
-2.716659
-2.716659
-2.716659
0.293758
-2.716659
-2.716659
-0.103711
-2.716659
-2.716659
-2.716659
-2.716659
-2.716659
-2.716659
0.912845
-0.905154
-2.527749
-2.716659
-2.716659
-2.716659
-1.461254
-2.716659
-2.716659
-2.716659
-0.034249
-2.716659
-2.716659
-2.716659
-2.230733
2.311804
-2.716659
-2.716659
-2.716659
-2.716659
-2.716659
1.123546
-2.716659
-2.716659
-2.716659
-2.716659
-2.716659
-2.716659
-2.716659
-2.716659
-2.716659
-2.716659
-2.716659
-2.716659
-2.716659
-2.716659
-2.716659
-2.716659
-2.716659
-2.314994
-2.716659
-2.716659
-2.716659
-2.716659
-2.716659
-2.452349
-2.716659
-2.716659
-2.716659
-2.716659
-2.256598
-2.531317
-2.716659
-2.716659
-2.716659
-2.716659
-2.716659
-0.297091
-2.716659
-1.850224
-2.716659
-2.716659
-2.716659
-2.716659
-2.716659
-2.256505
-2.716659
-2.716659
-2.716659
-2.716659
-2.526404
-2.716659
-2.716659
-2.716659
-2.716659
-2.716659
-2.716659
-2.716659
-2.716659
-2.716659
-2.716659
-2.716659
-2.716659
-2.716659
-2.716659
0.592450
-2.716659
-1.395869
-2.716659
-2.716659
-2.716659
-2.716659
-2.716659
-2.716659
-2.716659
-2.529090
-2.716659
-2.716659
-2.716659
-2.716659
-0.639680
-2.716659
1.067616
-2.716659
-2.716659
-2.716659
-2.716659
-2.716659
-2.716659
-2.716659
-2.716659
-2.716659
-2.716659
-2.716659
-2.716659
-2.716659
-2.716659
-2.716659
-2.716659
-2.716659
-2.716659
-2.716659
-1.986782
-2.716659
-2.716659
-2.716659
-2.716659
-0.400660
-2.716659
-2.716659
