49862, 77451, 65865, 66493, 72796, 68595, 8258, 67111, 47297, 46656, 102457, 49717, 8430, 50156, 68627, 133620, 46912, 68600
Feature count is 18
Criterion1 result is ObjectIndex = 496, Distance = -0.9906586947198795310195343452, Value = 0.5954307506863560399194967395
Boundary = -0.9835286496405215913436977828
-1.710823
-0.919117
-2.479777
-2.479777
-2.479777
-2.479777
-2.479777
-2.277603
-2.479777
-2.479777
-2.479777
-2.193956
-2.479777
-0.394768
-2.479777
-2.479777
-2.479777
-2.479777
-2.479777
-0.080116
-2.479777
-2.479777
-2.479777
-2.479777
-2.479777
-2.479777
-2.479777
-2.479777
-2.479777
-2.479777
-2.479777
-2.479777
-2.479777
-1.795778
-2.479777
-0.189066
-2.479777
-2.479777
-0.047254
-2.479777
-2.479777
0.657654
-2.479777
-2.479777
-2.479777
-1.908257
-2.479777
-2.479777
-2.479777
-2.479777
-2.479777
-2.479777
-2.479777
-1.212065
-1.723802
-2.479777
-0.029630
-2.479777
2.090926
-1.842621
-2.479777
-2.479777
-2.479777
-2.479777
-2.479777
-2.479777
-2.479777
-2.479777
-2.479777
-2.479777
-2.479777
-2.479777
-2.479777
-2.479777
-2.030638
-1.741734
-2.479777
-2.479777
-2.479777
0.598177
-2.479777
-2.479777
-2.479777
-1.844884
-2.479777
0.336756
-1.681713
-2.479777
-2.011189
-2.479777
-2.093149
-2.479777
-2.479777
-2.479777
-2.011189
-2.479777
-2.029744
-2.479777
-2.479777
-2.479777
-2.479777
-2.479777
-1.156508
-1.841729
-2.479777
-2.479777
-2.131745
1.654607
-2.479777
-2.479777
-2.479777
-2.479777
-2.479777
-2.479777
0.483458
-1.419251
-2.479777
-2.479777
-1.186019
-2.479777
-2.479777
-2.479777
-2.029744
-2.479777
-2.479777
-2.479777
-1.795778
-2.479777
-2.479777
-2.193956
-2.479777
-1.720439
-2.479777
-2.110430
-2.030767
-2.479777
-0.688697
-2.479777
-2.479777
0.832591
-2.479777
-1.022919
-2.479777
-2.479777
-2.479777
-1.274792
-2.479777
-2.479777
-2.479777
-1.991783
-2.479777
-2.479777
-2.479777
-2.479777
-2.479777
-2.479777
-2.479777
-2.479777
-1.232703
-2.479777
-2.479777
-2.110430
0.295076
-2.479777
-2.479777
-2.479777
-2.479777
-0.997714
-2.479777
-2.479777
-2.110430
-2.479777
-2.479777
-2.479777
-2.479777
-2.479777
-2.479777
-2.479777
-0.764115
-2.479777
-2.479777
-2.479777
-2.479777
-2.479777
-2.479777
-2.479777
-2.193956
-2.479777
-1.908257
-2.479777
-2.479777
-2.479777
-2.479777
-2.479777
-1.425968
-2.479777
-2.479777
-2.479777
-2.277603
-2.479777
-2.479777
-2.479777
-2.479777
-2.479777
-2.479777
-2.479777
-2.479777
-2.479777
-2.479777
-2.479777
-2.479777
-2.479777
-2.479777
-1.315189
-2.245978
-2.277603
-2.479777
-2.479777
-2.479777
-2.479777
-2.479777
-2.479777
1.640481
-2.030767
-2.479777
-2.193956
-2.479777
-2.479777
-2.479777
-0.838432
-2.479777
-2.479777
-2.479777
-0.056825
-2.479777
-2.479777
-2.479777
-2.479777
-1.110958
-0.009387
-2.479777
-2.110430
-2.479777
-2.295323
-2.479777
-2.479777
-2.479777
-2.479777
-2.479777
-2.479777
-2.214231
0.262884
-2.479777
-2.479777
-2.479777
-2.479777
-2.479777
0.851939
-2.479777
-2.479777
-2.193956
-2.479777
-2.479777
-2.479777
-2.479777
-2.479777
-2.479777
-0.243306
-2.479777
-2.479777
0.623054
-2.479777
-2.479777
-2.479777
-2.479777
-2.479777
-0.844800
-2.479777
-2.479777
-2.479777
-2.479777
-2.479777
-2.479777
-2.479777
-2.214231
-2.479777
-2.479777
-2.217315
-1.622436
-2.479777
-2.479777
-2.479777
-2.479777
-2.479777
0.203808
-2.479777
-2.479777
-2.479777
-2.479777
-2.479777
-2.479777
-2.217315
-2.479777
-2.479777
-2.479777
-2.479777
-2.479777
-2.479777
-2.479777
-1.744947
-2.479777
-2.479777
-1.869284
-2.479777
-2.479777
-2.479777
0.048207
-0.764460
-2.479777
-2.479777
-2.479777
-2.479777
-2.479777
-2.479777
-1.507489
-2.479777
-2.479777
-2.479777
-2.479777
-2.479777
-2.479777
-2.479777
-2.479777
-2.479777
-2.479777
-1.663157
-2.479777
-2.479777
-2.479777
-2.479777
0.586508
-2.479777
-2.479777
-2.479777
-2.479777
-2.479777
-2.479777
-2.479777
-2.479777
-2.479777
-2.479777
-2.479777
-2.479777
-2.479777
-2.479777
-2.193956
-2.110430
-2.479777
-2.479777
-2.479777
-2.479777
-2.479777
-2.479777
-2.479777
-2.110430
-1.748727
-1.395875
-2.479777
-2.479777
-1.982901
-2.479777
-2.479777
-2.479777
-2.479777
-2.479777
-2.479777
-2.479777
-1.509360
-0.305680
-2.479777
-2.479777
-2.479777
-1.642672
-2.479777
-2.479777
-2.479777
-2.479777
-2.479777
-2.479777
-0.099565
-2.479777
-2.479777
-2.479777
-2.479777
-2.479777
-2.479777
-2.479777
-2.479777
-2.479777
-1.695773
-2.479777
-2.479777
-2.479777
-1.135210
-2.479777
-2.479777
-2.479777
-2.479777
-2.479777
-1.459247
-2.110430
-2.479777
-2.479777
-2.479777
-0.506804
-2.479777
-0.125211
-2.110430
-2.479777
-1.635157
-0.340217
-2.479777
-2.479777
-2.479777
-2.479777
-2.479777
-2.479777
-2.479777
-2.479777
-2.479777
-2.479777
-2.479777
-2.479777
-2.479777
-2.479777
-2.479777
-2.479777
-2.479777
1.868833
-2.030767
-1.725368
-2.479777
-2.479777
-2.479777
-2.479777
-0.394768
-2.479777
-0.155401
-2.479777
-2.479777
-2.277603
-2.479777
-2.479777
-2.479777
-2.479777
-2.479777
-1.232703
-2.479777
-2.193956
-0.234287
-2.479777
-2.479777
-1.213125
-2.479777
-0.024668
-2.479777
-2.479777
-2.479777
-2.479777
-2.479777
-2.214231
-2.479777
-2.479777
-2.479777
-1.809015
-2.479777
-2.479777
-2.193956
-2.479777
-1.211388
1.664026
-2.479777
-2.479777
-2.479777
-2.479777
-2.479777
-2.479777
-2.479777
-2.479777
-2.479777
-2.479777
-2.479777
-2.479777
-2.479777
-2.479777
-0.286976
-0.990659
-0.762480
-2.479777
-2.479777
-2.479777
-2.479777
-2.479777
-2.479777
-2.479777
-2.479777
-2.479777
-2.479777
-2.479777
-0.005990
-2.131745
-2.479777
-2.479777
-2.479777
-2.479777
1.395875
-2.479777
-2.479777
-2.030767
-2.479777
-2.479777
-2.193956
-2.029744
-2.479777
-2.479777
-2.479777
-2.479777
-2.479777
-2.479777
-2.479777
-2.479777
-2.479777
-2.479777
-2.479777
-2.479777
-2.479777
-2.479777
-2.479777
-2.479777
-2.479777
-2.479777
-2.479777
-2.479777
-1.720439
-2.479777
-2.479777
-0.764115
-2.479777
-0.735252
-2.479777
-2.479777
-0.959118
-1.345746
0.486745
-2.093149
-2.479777
-2.479777
-2.479777
-2.479777
1.271134
-2.479777
-2.479777
-0.824274
-1.844884
-2.479777
-2.479777
0.755564
-0.429388
-2.479777
-2.479777
-2.479777
-2.479777
-2.479777
-2.479777
-2.479777
-0.976399
-2.479777
-2.479777
-2.479777
-2.479777
0.683078
-2.479777
-2.479777
-2.479777
-2.479777
-2.030767
-2.479777
-0.091132
-2.479777
-0.215578
-2.479777
-2.479777
-2.479777
-1.991783
-1.193701
-2.479777
-2.011189
-2.479777
-0.505045
-2.479777
-2.479777
-2.479777
-2.479777
-2.479777
-0.852217
-2.030767
-2.479777
-2.479777
-0.043783
-2.479777
-2.479777
-2.479777
-2.479777
-2.479777
-2.479777
-2.030767
-2.479777
-2.479777
-1.661420
-2.479777
-2.479777
-2.479777
-2.479777
-2.295323
-2.479777
-2.479777
-1.184837
-0.710059
-2.479777
-2.479777
-2.479777
-2.479777
-2.479777
-2.011189
-2.479777
-2.030767
-2.479777
-2.479777
-1.395875
-2.479777
-2.479777
-2.479777
-2.479777
-1.824609
0.997269
-2.295323
-2.479777
-2.479777
-2.479777
-2.479777
-2.479777
-1.140234
-1.525855
-2.479777
-2.479777
-2.479777
-2.479777
-2.479777
-2.479777
-2.479777
-2.479777
-2.479777
-2.479777
-2.479777
-2.479777
-2.479777
-2.479777
-2.479777
-2.479777
-2.479777
-2.479777
-2.479777
-2.479777
-0.687586
-2.479777
-2.479777
1.631248
-2.479777
-2.110430
-1.287126
-2.479777
-2.110430
-2.479777
-2.479777
-2.479777
-2.479777
-2.479777
-2.193956
-2.479777
-2.479777
-2.479777
-2.479777
-2.479777
-2.479777
-0.424841
-2.479777
-2.479777
-2.479777
-2.479777
-2.479777
-1.795778
-2.479777
-2.479777
-2.479777
-2.479777
-2.479777
-0.488438
-2.479777
-2.479777
-2.479777
-2.479777
-2.479777
-2.479777
-2.479777
-2.479777
-2.479777
-2.479777
-2.479777
-2.479777
-2.479777
-2.479777
-2.479777
-2.479777
-2.479777
-2.479777
-2.479777
-2.479777
-0.292322
-2.479777
-1.553718
-2.479777
-2.479777
-2.479777
-2.479777
-2.479777
-2.479777
-2.479777
-2.479777
-2.479777
-2.479777
-2.479777
-2.479777
-2.479777
0.509663
-2.110430
-2.479777
-2.479777
-2.479777
-2.479777
-2.479777
-2.479777
-2.479777
-0.540626
-2.479777
-2.479777
-2.479777
-1.824609
-2.479777
-2.479777
-2.479777
-0.002235
-2.479777
-2.479777
-2.479777
-2.479777
-2.479777
-2.479777
-2.479777
-2.029744
-2.479777
-2.479777
-2.479777
-2.479777
-0.130629
-2.479777
-1.025109
-2.479777
-2.479777
-2.093149
-2.479777
-0.742800
-2.479777
-2.479777
-2.479777
-2.479777
-2.479777
-2.479777
-2.479777
-2.479777
-0.743618
-2.479777
-1.579267
-2.479777
-2.479777
-2.479777
-2.479777
-2.479777
-0.866428
-2.479777
-2.479777
-2.479777
-2.479777
-2.479777
-2.479777
-0.247259
-2.479777
-2.479777
-2.479777
-2.479777
-2.479777
-2.110430
0.504645
-2.479777
-2.479777
-2.277603
-2.479777
-2.479777
-2.479777
-2.479777
-2.479777
-2.479777
-1.426431
-2.479777
-2.479777
-2.479777
-2.479777
-2.479777
-2.479777
-2.479777
-2.277603
-2.479777
-2.479777
-2.479777
-2.479777
-2.479777
-2.479777
-2.479777
-2.479777
-2.479777
1.110225
-2.479777
1.456034
-1.495036
-2.479777
-0.898275
-2.479777
0.480499
-2.479777
-0.496749
-2.479777
-2.479777
-1.642711
-2.479777
-2.479777
-2.479777
-2.479777
-2.479777
-1.826735
-2.006833
-2.479777
-2.479777
-0.536036
-2.479777
-2.479777
-0.208091
-2.479777
-2.479777
-2.479777
-2.479777
-2.479777
-2.479777
-2.479777
-2.479777
-2.479777
-2.479777
-2.479777
0.307645
-0.690036
-2.479777
-2.479777
-0.038831
-2.479777
-2.479777
-1.908257
-2.479777
-2.479777
-1.641842
-2.479777
-2.277603
-1.561156
-2.479777
-2.479777
-2.479777
-2.479777
-2.479777
-1.436545
-0.863356
-2.479777
-2.479777
-2.479777
-2.479777
-1.579545
-1.004816
-2.479777
-2.479777
-2.479777
-2.479777
-2.479777
-2.479777
-2.479777
-2.479777
-2.479777
-1.287126
-2.479777
-2.479777
-2.479777
-2.479777
-2.029744
-2.479777
-2.479777
-2.479777
-2.479777
-1.744947
-2.479777
-2.479777
-2.479777
-2.479777
-1.661420
-2.479777
-2.479777
-2.479777
-2.479777
-2.479777
-2.479777
-2.479777
-2.479777
-2.479777
-2.479777
-1.767283
-2.479777
-1.298695
-2.479777
-2.217315
-1.218890
-2.479777
-2.479777
-2.479777
-2.479777
-2.479777
-2.479777
-2.479777
-2.029744
1.397999
-2.479777
-2.479777
-2.479777
-2.479777
0.525216
1.637365
-2.479777
-2.479777
-0.020075
-2.479777
-0.660925
-2.479777
-2.479777
-2.479777
-2.479777
-2.479777
-2.479777
-2.479777
-2.110430
-1.660430
-2.479777
-1.028670
-2.479777
-2.479777
-2.479777
-1.908257
-2.479777
-2.479777
-2.479777
-2.479777
-0.164793
-2.479777
-2.479777
-2.131745
-2.277603
-2.479777
-2.479777
-2.277603
-2.479777
-2.479777
-2.110430
-1.954590
-2.479777
-2.479777
-2.479777
-2.479777
0.481837
-2.479777
-2.479777
-2.479777
-2.479777
-2.479777
-2.479777
-1.767283
-1.026448
-2.479777
-2.479777
-2.479777
-2.479777
-2.479777
-2.479777
-2.479777
-2.479777
-2.479777
1.644139
-2.479777
-0.920473
-2.479777
-0.686201
-2.479777
-2.479777
1.639834
-2.479777
-2.479777
-2.479777
-2.479777
-2.479777
-1.294785
-2.479777
-2.011189
-2.479777
-1.387201
-2.479777
-2.479777
-2.479777
-2.479777
-0.739289
-2.479777
-2.479777
-1.791400
-2.479777
-2.479777
-0.764115
-2.479777
-2.479777
-2.479777
0.107454
-2.479777
-2.479777
-1.409150
-2.479777
-2.193956
1.579267
-2.479777
-2.479777
-2.479777
-2.479777
-2.479777
-2.479777
-2.479777
-2.479777
-2.479777
-1.823173
-2.479777
-2.479777
-2.479777
-0.764115
-2.479777
-2.479777
-2.479777
-2.479777
-2.479777
-2.479777
-2.479777
-2.479777
-2.011189
-2.479777
-2.479777
-2.479777
-2.479777
-2.479777
-2.479777
-2.131745
-2.479777
-2.479777
-2.479777
-2.479777
0.733464
-2.479777
-2.479777
-2.479777
-2.479777
-2.479777
0.398271
-2.479777
-2.479777
-2.479777
-1.105795
-2.479777
-2.479777
-2.479777
-0.187605
-2.479777
-2.479777
-0.191774
-2.479777
-2.479777
-2.479777
-2.479777
-2.479777
-0.066345
0.707252
-2.479777
-2.479777
-1.744947
-2.479777
-2.479777
-2.479777
-1.660430
-2.011189
-2.479777
-2.479777
-2.011189
-1.665334
-2.479777
-2.479777
-1.270591
-2.479777
-2.479777
-2.479777
-2.479777
-2.479777
-2.479777
-2.479777
-2.217315
-2.479777
-1.009163
-2.479777
-2.479777
-0.849070
-2.479777
-2.479777
-2.479777
-2.479777
-2.479777
-2.479777
-2.216700
-2.277603
-1.697081
-2.479777
-1.162660
-2.479777
-2.011189
-2.479777
-2.479777
-2.479777
-2.479777
-2.479777
-2.479777
-2.479777
-2.479777
-2.479777
-2.479777
-0.319946
-0.826497
-2.193956
-2.479777
-2.479777
-2.479777
-2.479777
0.298160
-2.214231
-2.479777
-2.479777
-2.479777
-2.479777
-2.479777
-2.479777
-2.479777
-2.479777
-1.036152
-2.479777
-2.479777
-2.479777
-2.479777
-2.479777
-2.479777
-2.479777
-2.479777
-2.277603
-2.479777
-2.479777
-2.479777
-2.277603
-2.479777
-1.694612
-2.479777
-2.479777
-0.669547
-2.479777
2.105084
-2.214231
-2.479777
-2.479777
-2.479777
-2.479777
-2.479777
0.182098
-2.479777
-2.479777
-2.479777
-2.479777
-1.908257
-2.479777
-2.479777
-2.479777
-2.479777
-2.479777
-2.479777
-2.110430
-0.619157
-2.479777
-2.479777
-1.725368
-2.479777
-2.479777
-1.073032
0.558377
-2.479777
-2.479777
-2.479777
-2.479777
-2.479777
-2.479777
0.583980
-2.479777
-2.479777
-2.479777
-2.479777
-2.479777
-2.479777
-2.479777
-2.479777
-2.479777
-0.469085
-2.479777
-2.193956
-2.479777
-2.479777
-2.479777
-2.479777
-2.479777
-2.479777
-2.479777
-2.479777
2.293100
-2.479777
-2.479777
-2.479777
-2.479777
-2.479777
-0.377082
-1.982901
-2.479777
-2.479777
-2.479777
-1.766668
-2.479777
-2.479777
-2.479777
-0.813588
-2.479777
-2.479777
-2.479777
-2.479777
-2.479777
-2.479777
-2.479777
-2.479777
-2.479777
-2.479777
-2.029744
-2.295323
-2.479777
-2.479777
-2.479777
-2.479777
-2.479777
-2.479777
-2.479777
-2.479777
-2.479777
-2.479777
-2.291761
-2.479777
-2.479777
-2.110430
-2.479777
-2.479777
-1.156508
-2.479777
-2.479777
-2.479777
-0.388976
-2.479777
-2.479777
-2.029744
-2.479777
1.608822
-2.479777
-2.479777
-2.479777
-2.479777
-2.217315
-0.469085
0.338040
-2.479777
-2.479777
-2.479777
-2.479777
-2.479777
-2.479777
-2.479777
-2.479777
-1.075823
-2.479777
-2.479777
0.842859
-2.479777
-2.479777
-2.479777
-2.479777
-2.479777
-2.479777
-2.479777
-2.479777
0.684787
-2.479777
-2.479777
-2.479777
-1.844884
-2.479777
-2.479777
-0.824859
-2.479777
-2.479777
-2.479777
-2.479777
-2.479777
-2.479777
-2.479777
-2.479777
-2.479777
-2.479777
-0.077662
-0.509720
-1.636496
-1.494907
-0.078896
-2.479777
-2.479777
-2.479777
-2.479777
-2.479777
-2.479777
-2.479777
-0.707369
-2.479777
-2.479777
0.398549
-0.312229
-2.479777
-2.479777
-2.479777
-2.479777
-2.293100
-2.479777
-2.479777
-2.479777
-1.580735
-1.191145
-2.479777
-2.479777
-2.479777
-0.870688
-2.479777
-2.193956
0.560621
-2.479777
-2.479777
-2.029744
-2.479777
-2.479777
-2.479777
-2.479777
-2.479777
-2.479777
-2.479777
-2.295323
-1.824512
-1.982901
-2.479777
-2.479777
-2.479777
-2.479777
1.213544
-2.479777
-2.479777
-2.479777
-2.479777
-2.479777
-0.045962
-2.479777
-2.110430
-2.479777
-2.479777
-2.479777
-0.693726
-2.293100
-2.479777
-2.479777
-2.277603
-1.495036
-2.479777
-2.479777
-2.479777
-2.479777
-2.479777
-1.188281
-2.479777
-2.479777
-2.479777
-2.479777
-2.479777
-2.479777
1.681713
-2.479777
-1.928411
-0.653533
-2.479777
-1.641842
-2.479777
-2.479777
-1.659248
-1.795778
-2.479777
-2.479777
-2.293100
-2.479777
-2.479777
-2.479777
-2.479777
-2.479777
-2.479777
-2.479777
-2.479777
-2.479777
-0.035612
-2.030767
-2.295323
-2.479777
-2.011189
-1.133651
-2.479777
-2.479777
-2.479777
-2.479777
-2.479777
-1.974865
-0.647512
-2.479777
-2.479777
-2.479777
-1.534114
-1.830688
-2.479777
-2.110430
-2.479777
-2.479777
-2.030767
-2.479777
-2.479777
-2.479777
-2.479777
-2.011189
-2.479777
-2.093149
-2.479777
-2.479777
-2.479777
-2.479777
-2.479777
-2.479777
1.030397
-2.479777
-2.479777
-2.479777
-2.479777
-2.479777
-2.479777
-2.479777
-2.479777
-2.479777
-2.479777
-2.479777
-2.479777
-2.479777
-2.479777
-2.479777
-2.479777
-2.479777
-2.479777
-2.479777
-2.277603
-2.479777
-2.479777
-2.479777
-2.479777
-2.479777
-1.475141
-2.110430
-2.479777
-2.479777
-2.479777
-2.193956
-2.479777
-2.479777
-2.479777
-2.479777
-2.479777
0.422626
-2.479777
-0.710236
-2.479777
0.519353
-2.479777
-2.479777
-2.479777
-2.479777
-2.479777
-2.479777
-2.479777
-2.479777
-2.479777
-2.479777
0.656182
-2.479777
-2.479777
-2.479777
-2.479777
-2.479777
-2.479777
-2.479777
-2.479777
-2.479777
-0.422303
-2.479777
-2.479777
-2.479777
-2.479777
-2.479777
-2.479777
-2.479777
-2.479777
-2.479777
-2.479777
-2.479777
-2.479777
-2.479777
-2.295323
0.183437
0.509753
-2.479777
-2.479777
-2.479777
-2.479777
-2.479777
-2.479777
-2.479777
-2.277603
-2.479777
-2.479777
-2.479777
1.246405
-2.479777
-2.479777
1.556187
-0.078429
-2.479777
-2.479777
-2.479777
-2.479777
-2.110430
-2.479777
-2.110430
-2.479777
-2.479777
-2.479777
-2.479777
-2.479777
-2.479777
-2.479777
-2.479777
-2.479777
-2.479777
-1.641842
-2.479777
-2.479777
-0.503466
-2.479777
-2.479777
-0.909973
-2.479777
-2.479777
-2.479777
-2.214231
-2.479777
-2.479777
-2.479777
-2.479777
-2.479777
-2.479777
-2.479777
-2.479777
-2.479777
-2.479777
-2.479777
-2.030638
-2.479777
-2.479777
-2.479777
-2.479777
-2.479777
-2.479777
-2.479777
-2.295323
-2.240410
-2.479777
-2.479777
2.030767
-2.479777
-1.197361
-2.479777
-2.479777
-1.475141
-2.479777
-2.479777
-1.605518
-2.479777
-2.479777
-2.479777
-0.970864
-2.479777
-2.479777
-2.479777
-2.479777
-0.697679
-2.479777
-2.479777
-2.479777
-2.479777
-2.029744
-2.479777
-2.214231
1.631248
-2.479777
-2.479777
-2.479777
-2.479777
1.458257
-2.479777
-2.479777
-1.562179
-2.479777
-2.479777
-2.193956
-2.479777
-2.479777
-2.479777
-2.479777
-2.479777
-2.479777
-1.841729
-2.479777
-2.479777
-2.479777
-2.479777
-1.658802
-2.479777
-1.613554
-2.479777
-2.479777
-1.026132
-2.479777
-2.479777
-2.479777
-2.479777
-2.479777
-2.479777
-2.479777
-2.479777
-2.479777
-0.704838
0.047156
-2.479777
-2.479777
-2.479777
-2.479777
1.608823
-2.479777
-2.479777
0.930543
-2.479777
-2.479777
-2.479777
-2.479777
-2.479777
-2.479777
-2.479777
-2.479777
-2.479777
-2.479777
-2.479777
-2.479777
-2.479777
-2.057962
-2.479777
-2.479777
-2.479777
0.106561
-2.479777
-2.479777
-2.479777
-2.479777
-2.479777
-0.296210
-2.479777
-2.479777
-2.479777
-2.479777
-2.479777
-0.950342
-2.479777
-2.479777
-2.479777
-2.479777
-2.479777
-2.479777
-2.193956
-2.479777
-2.110430
-2.479777
-2.479777
-2.479777
-2.479777
-2.479777
-2.479777
-2.479777
-2.479777
-2.479777
-2.479777
-2.479777
-2.479777
-2.479777
-2.479777
-2.479777
0.647689
-2.479777
-2.479777
0.580397
-2.479777
-2.479777
-2.479777
-2.479777
-2.479777
-2.479777
1.403344
-1.186019
-2.479777
-2.479777
-2.479777
-2.479777
-0.739271
-2.479777
-2.479777
-2.479777
-0.849147
-2.479777
-2.479777
-2.479777
-2.479777
2.240410
-2.479777
-2.479777
-2.479777
-2.479777
-2.479777
1.916623
-2.479777
-2.479777
-2.479777
-2.479777
-2.479777
-2.479777
-2.479777
-2.479777
-2.479777
-2.479777
-2.479777
-2.479777
-2.479777
-2.479777
-2.479777
-2.479777
-2.479777
-1.192832
-2.479777
-2.479777
-2.479777
-2.479777
-2.479777
-2.479777
-2.479777
-2.479777
-2.479777
-2.479777
-2.479777
-2.110430
-2.479777
-2.479777
-2.479777
-2.479777
-2.479777
0.007765
-2.479777
-1.622338
-2.479777
-2.479777
-2.479777
-2.479777
-2.479777
-2.479777
-2.479777
-2.479777
-2.479777
-2.479777
-2.216700
-2.479777
-2.479777
-2.479777
-2.479777
-2.479777
-2.479777
-2.479777
-2.479777
-2.479777
-2.479777
-2.479777
-2.479777
-2.479777
-2.479777
-1.001564
-2.479777
-0.016952
-2.479777
-2.479777
-2.479777
-2.479777
-2.479777
-2.479777
-2.479777
-0.802643
-2.479777
-2.479777
-2.479777
-2.245978
0.005097
-2.479777
1.294679
-2.479777
-2.479777
-2.479777
-2.479777
-2.479777
-2.479777
-2.479777
-2.479777
-2.030767
-2.479777
-2.479777
-2.479777
-2.479777
-2.479777
-2.479777
-2.479777
-2.479777
-2.479777
-2.479777
-0.870688
-2.479777
-2.479777
-2.479777
-2.479777
-1.173329
-2.479777
-2.479777
