66796, 78354, 63854, 6516, 47335, 8149, 102483, 46719, 49947, 47045, 138967, 8426, 73385, 66488, 109276
Feature count is 15
Criterion1 result is ObjectIndex = 1705, Distance = -0.8354954447570106656819648472, Value = 0.5649116657426943022345093826
Boundary = -0.8331627885147717773610130994
-1.701774
-0.916696
-2.137656
-2.137656
-2.137656
-2.137656
-2.137656
-1.520479
-2.137656
-2.137656
-2.137656
-1.665637
-1.872740
-0.922651
-2.137656
-2.137656
-2.137656
-2.137656
-2.137656
-0.871290
-2.137656
-2.137656
-2.137656
-2.137656
-2.137656
-2.137656
-2.137656
-2.137656
-2.137656
-1.931690
-2.137656
-2.137656
-2.137656
-1.944696
-2.137656
-0.175220
-2.137656
-2.137656
0.570297
-2.137656
-2.137656
-0.051598
-2.137656
-2.137656
-2.137656
-2.137656
-2.137656
-2.137656
-2.137656
-2.137656
-2.137656
-2.137656
-2.137656
-1.222102
-1.213282
-1.944696
0.751221
-2.137656
1.931544
-1.501763
-2.137656
-2.137656
-2.137656
-2.137656
-2.137656
-2.137656
-2.137656
-2.137656
-2.137656
-2.137656
-2.137656
-2.137656
-2.137656
-2.137656
-2.137656
-0.610668
-2.137656
-2.137656
-2.137656
-0.340992
-2.137656
-2.137656
-2.137656
-1.659775
-2.137656
0.807402
-1.707729
-2.137656
-1.930057
-2.137656
-1.855832
-2.137656
-2.137656
-2.137656
-2.137656
-2.137656
-2.137656
-2.137656
-1.872740
-1.931690
-2.137656
-2.137656
-0.487143
-1.302849
-2.137656
-2.137656
-1.481502
0.901753
-2.137656
-2.137656
-1.830459
-2.137656
-2.137656
-2.137656
0.708419
-0.819489
-2.137656
-2.137656
-1.020020
-2.137656
-2.137656
-2.137656
-1.715301
-2.137656
-2.137656
-2.137656
-1.665637
-2.137656
-2.137656
-2.137656
-2.137656
-1.685297
-2.137656
-2.137656
-1.855832
-2.137656
-0.313706
-2.137656
-2.137656
1.394577
-2.137656
-0.445814
-2.137656
-2.137656
-2.137656
-0.612671
-2.137656
-2.137656
-2.137656
-1.666774
-2.137656
-2.137656
-2.137656
-2.137656
-1.931690
-2.137656
-2.137656
-2.137656
-1.023736
-2.137656
-2.137656
-2.137656
0.545804
-2.137656
-2.137656
-2.137656
-2.137656
-1.015616
-2.137656
-2.137656
-2.137656
-2.137656
-2.137656
-2.137656
-2.137656
-2.137656
-2.137656
-2.137656
-1.223893
-2.137656
-2.137656
-2.137656
-1.944696
-2.137656
-2.137656
-2.137656
-1.495808
-2.137656
-2.137656
-2.137656
-2.137656
-2.137656
-2.137656
-2.137656
-0.270025
-2.137656
-2.137656
-2.137656
-1.314513
-2.137656
-2.137656
-2.137656
-1.285374
-2.137656
-2.137656
-2.137656
-2.137656
-2.137656
-2.137656
-2.137656
-2.137656
-2.137656
-2.137656
-0.817770
-2.137656
-2.137656
-2.137656
-2.137656
-2.137656
-2.137656
-2.137656
-2.137656
1.518475
-1.229848
-1.931690
-1.679780
-2.137656
-2.137656
-2.137656
-1.701774
-2.137656
-2.137656
-2.137656
0.760716
-2.137656
-2.137656
-2.137656
-2.137656
-0.802501
0.537892
-2.137656
-2.137656
-2.137656
-1.520479
-2.137656
-1.931690
-2.137656
-2.137656
-2.137656
-2.137656
-1.453809
1.737594
-2.137656
-2.137656
-2.137656
-2.137656
-2.137656
1.106768
-2.137656
-2.137656
-1.872740
-2.137656
-2.137656
-2.137656
-2.137656
-2.137656
-2.137656
-0.000738
-2.137656
-2.137656
-0.123173
-2.137656
-2.137656
-1.707729
-2.137656
-1.466815
-0.922651
-1.872740
-2.137656
-2.137656
-2.137656
-2.137656
-2.137656
-2.137656
-0.216511
-2.137656
-2.137656
-1.710897
-0.705241
-2.137656
-2.137656
-2.137656
-2.137656
-2.137656
0.167105
-2.137656
-2.137656
-2.137656
-2.137656
-2.137656
-2.137656
-1.707729
-2.137656
-2.137656
-2.137656
-2.137656
-2.137656
-2.137656
-2.137656
-1.023736
-2.137656
-2.137656
-1.442813
-2.137656
-1.520479
-2.137656
1.665637
-0.374240
-1.931690
-2.137656
-2.137656
-2.137656
-2.137656
-2.137656
-0.758966
-2.137656
-1.931690
-2.137656
-2.137656
-2.137656
-2.137656
-2.137656
-2.137656
-2.137656
-2.137656
-1.394577
-2.137656
-2.137656
-2.137656
-2.137656
1.738730
-2.137656
-2.137656
-2.137656
-1.679780
-2.137656
-2.137656
-2.137656
-2.137656
-2.137656
-2.137656
-2.137656
-2.137656
-2.137656
-2.137656
-1.872740
-1.830459
-2.137656
-1.659775
-2.137656
-2.137656
-2.137656
-2.137656
-2.137656
-2.137656
-1.594704
-1.023736
-2.137656
-2.137656
-1.872740
-2.137656
-2.137656
-2.137656
-2.137656
-2.137656
-2.137656
-2.137656
-0.595987
0.443189
-2.137656
-2.137656
-2.137656
-0.284722
-2.137656
-2.137656
-1.872740
-2.137656
-2.137656
-2.137656
-0.680263
-2.137656
-2.137656
-2.137656
-2.137656
-2.137656
-2.137656
-2.137656
-2.137656
-2.137656
-1.064745
-2.137656
-2.137656
-2.137656
-1.165463
-2.137656
-2.137656
-2.137656
-2.137656
-2.137656
-0.612671
-1.624493
-2.137656
-2.137656
-2.137656
-1.229848
-2.137656
0.600915
-1.314513
-2.137656
-1.594704
-0.978984
-2.137656
-2.137656
-2.137656
-2.137656
-2.137656
-2.137656
-0.758820
-2.137656
-2.137656
-2.137656
-2.137656
-2.137656
-2.137656
-2.137656
-2.137656
-2.137656
-2.137656
1.931544
-1.707729
-1.265079
-2.137656
-1.944696
-2.137656
-2.137656
-0.876999
-2.137656
-1.000453
-2.137656
-2.137656
-2.137656
-2.137656
-2.137656
-2.137656
-2.137656
-2.137656
-1.701774
-2.137656
-1.872740
-0.405073
-2.137656
-2.137656
-1.701774
-2.137656
0.428784
-2.137656
-2.137656
-2.137656
-2.137656
-2.137656
-1.023736
-2.137656
-2.137656
-2.137656
-2.137656
-2.137656
-2.137656
-2.137656
-1.944696
-1.697891
0.700675
-2.137656
-2.137656
-2.137656
-1.872740
-2.137656
-1.944696
-2.137656
-2.137656
-2.137656
-2.137656
-2.137656
-2.137656
-2.137656
-2.137656
0.118378
-0.715549
0.303471
-2.137656
-2.137656
-2.137656
-2.137656
-2.137656
-2.137656
-2.137656
-2.137656
-2.137656
-2.137656
-2.137656
0.601905
0.216273
-2.137656
-2.137656
-2.137656
-2.137656
1.624346
-2.137656
-1.701774
-1.659775
-2.137656
-2.137656
-1.931690
-1.701774
-2.137656
-2.137656
-2.137656
-2.137656
-2.137656
-2.137656
-2.137656
-2.137656
-1.659775
-2.137656
-2.137656
-2.137656
-2.137656
-2.137656
-2.137656
-2.137656
-2.137656
-2.137656
-1.944696
-2.137656
-0.657838
-2.137656
-2.137656
-1.495808
-2.137656
-1.042313
-2.137656
-2.137656
-0.571434
-1.701774
0.165467
-1.802303
-2.137656
-2.137656
-2.137656
-2.137656
0.988454
-2.137656
-2.137656
-1.229848
-1.023736
-2.137656
-2.137656
0.479024
0.161993
-2.137656
-2.137656
-2.137656
-2.137656
-2.137656
-2.137656
-2.137656
-1.495808
-2.137656
-2.137656
-2.137656
-2.137656
0.823633
-2.137656
-2.137656
-2.137656
-2.137656
-1.314513
-2.137656
0.957583
-2.137656
0.213653
-2.137656
-2.137656
-2.137656
-1.314513
0.006509
-2.137656
-1.644457
-2.137656
-0.491363
-2.137656
-1.931690
-2.137656
-2.137656
-2.137656
-0.141643
-2.137656
-2.137656
-2.137656
-0.423417
-2.137656
-2.137656
-2.137656
-2.137656
-1.872740
-2.137656
-2.137656
-2.137656
-2.137656
-1.724587
-2.137656
-2.137656
-2.137656
-2.137656
-1.830459
-2.137656
-2.137656
-1.508814
-0.149192
-2.137656
-2.137656
-2.137656
-2.137656
-2.137656
-1.930057
-2.137656
-1.707729
-2.137656
-2.137656
-1.659775
-2.137656
-2.137656
-2.137656
-2.137656
-1.229848
1.222102
-1.520479
-2.137656
-2.137656
-2.137656
-2.137656
-2.137656
-1.508814
0.064323
-2.137656
-2.137656
-2.137656
-2.137656
-2.137656
-2.137656
-2.137656
-2.137656
-2.137656
-2.137656
-2.137656
-2.137656
-2.137656
-2.137656
-2.137656
-2.137656
-2.137656
-2.137656
-2.137656
-2.137656
-0.979180
-2.137656
-2.137656
0.835088
-2.137656
-0.906064
-0.799717
-2.137656
-1.659775
-2.137656
-2.137656
-2.137656
-2.137656
-2.137656
-1.624493
-2.137656
-2.137656
-2.137656
-2.137656
-1.931690
-2.137656
0.121246
-2.137656
-2.137656
-2.137656
-2.137656
-2.137656
-1.394859
-2.137656
-2.137656
-2.137656
-2.137656
-2.137656
0.113549
-2.137656
-2.137656
-2.137656
-2.137656
-2.137656
-1.872740
-2.137656
-2.137656
-2.137656
-2.137656
-2.137656
-2.137656
-2.137656
-2.137656
-1.830459
-2.137656
-2.137656
-1.830459
-2.137656
-2.137656
-0.358605
-2.137656
-0.753385
-2.137656
-2.137656
-2.137656
-1.872740
-2.137656
-2.137656
-2.137656
-2.137656
-1.931690
-2.137656
-2.137656
-2.137656
-2.137656
0.397823
-1.931690
-2.137656
-2.137656
-2.137656
-2.137656
-1.520479
-2.137656
-2.137656
-0.922651
-2.137656
-1.931690
-2.137656
-1.229848
-2.137656
-2.137656
-2.137656
0.319662
-2.137656
-2.137656
-2.137656
-2.137656
-2.137656
-2.137656
-2.137656
-2.137656
-2.137656
-1.738730
-2.137656
-1.872740
1.707729
-2.137656
-1.015616
-2.137656
-2.137656
-1.520479
-2.137656
-0.793966
-2.137656
-2.137656
-2.137656
-2.137656
-2.137656
-1.872740
-2.137656
-2.137656
-0.399492
-2.137656
-1.451498
-2.137656
-1.830459
-1.944696
-2.137656
-2.137656
-0.502985
-2.137656
-2.137656
-2.137656
-1.931690
-1.659775
-2.137656
-0.262911
-2.137656
-2.137656
-2.137656
-2.137656
-2.137656
-1.352578
1.307667
-2.137656
-2.137656
-2.137656
-1.944696
-2.137656
-2.137656
-1.931690
-2.137656
-2.137656
-1.624493
-2.137656
-2.137656
-2.137656
-2.137656
-2.137656
-2.137656
-2.137656
-1.931690
-2.137656
-2.137656
-2.137656
-2.137656
-2.137656
-2.137656
-2.137656
-2.137656
-2.137656
1.418381
-2.137656
1.624346
-1.715301
-2.137656
0.072527
-2.137656
1.501617
-2.137656
-0.792854
-2.137656
-1.944696
-0.688529
-2.137656
-2.137656
-2.137656
-2.137656
-2.137656
-0.724487
-1.659775
-2.137656
-2.137656
0.036333
-1.855832
-2.137656
-0.280657
-2.137656
-2.137656
-2.137656
-2.137656
-2.137656
-2.137656
-2.137656
-2.137656
-2.137656
-2.137656
-2.137656
0.629187
-0.031883
-2.137656
-2.137656
0.417119
-2.137656
-2.137656
-2.137656
-2.137656
-2.137656
-0.922651
-2.137656
-2.137656
-1.701774
-1.659775
-2.137656
-2.137656
-2.137656
-2.137656
-1.005683
-0.176790
-2.137656
-2.137656
-1.701774
-2.137656
-1.944696
-0.916696
-2.137656
-2.137656
-2.137656
-2.137656
-1.207573
-2.137656
-2.137656
-2.137656
-2.137656
-0.558419
-2.137656
-2.137656
-2.137656
-2.137656
-1.944696
-2.137656
-2.137656
-2.137656
-2.137656
-0.405569
-2.137656
-2.137656
-2.137656
-2.137656
-1.802303
-2.137656
-2.137656
-2.137656
-2.137656
-2.137656
-2.137656
-2.137656
-2.137656
-1.931690
-2.137656
-1.222102
-2.137656
-0.901378
-2.137656
-1.291083
-1.118309
-2.137656
-2.137656
-2.137656
-2.137656
-2.137656
-2.137656
-2.137656
-1.707729
1.931544
-2.137656
-2.137656
-2.137656
-2.137656
1.737594
1.931544
-2.137656
-2.137656
-0.916696
-2.137656
-1.467975
-2.137656
-2.137656
-2.137656
-2.137656
-1.931690
-2.137656
-2.137656
-2.137656
-1.223893
-1.931690
-1.005683
-2.137656
-2.137656
-2.137656
-2.137656
-2.137656
-2.137656
-2.137656
-2.137656
0.953553
-2.137656
-2.137656
-2.137656
-1.659775
-2.137656
-2.137656
-1.802303
-2.137656
-2.137656
-2.137656
-0.758820
-2.137656
-2.137656
-2.137656
-2.137656
0.351268
-2.137656
-2.137656
-2.137656
-2.137656
-1.830459
-2.137656
-1.878257
-1.223893
-2.137656
-2.137656
-2.137656
-2.137656
-2.137656
-2.137656
-2.137656
-2.137656
-2.137656
1.501617
-2.137656
0.364332
-2.137656
-1.022746
-2.137656
-2.137656
0.600939
-2.137656
-2.137656
-2.137656
-1.601063
-2.137656
-0.320774
-1.707729
-1.442764
-2.137656
-1.255563
-1.931690
-2.137656
-2.137656
-2.137656
-1.023790
-2.137656
-2.137656
-1.229848
-1.830459
-2.137656
-0.587854
-2.137656
-2.137656
-2.137656
-1.186978
-2.137656
-2.137656
-2.137656
-1.931690
-1.665637
1.481502
-2.137656
-2.137656
-2.137656
-2.137656
-2.137656
-2.137656
-2.137656
-2.137656
-2.137656
-1.701774
-2.137656
-2.137656
-2.137656
-0.381888
-2.137656
-2.137656
-2.137656
-2.137656
-2.137656
-2.137656
-2.137656
-2.137656
-2.137656
-2.137656
-2.137656
-2.137656
-2.137656
-2.137656
-2.137656
-1.944696
-2.137656
-2.137656
-2.137656
-2.137656
0.654410
-2.137656
-2.137656
-2.137656
-1.931690
-2.137656
-0.005676
-2.137656
-2.137656
-2.137656
-1.394577
-2.137656
-2.137656
-2.137656
-0.677938
-2.137656
-2.137656
-0.443565
-2.137656
-2.137656
-2.137656
-2.137656
-2.137656
0.289834
1.222102
-2.137656
-2.137656
-2.137656
-2.137656
-2.137656
-2.137656
-1.042598
-2.137656
-2.137656
-2.137656
-0.978984
-1.188747
-2.137656
-2.137656
-1.187756
-2.137656
-2.137656
-2.137656
-2.137656
-1.944696
-2.137656
-2.137656
-2.137656
-2.137656
-0.809626
-2.137656
-2.137656
-1.366421
-2.137656
-2.137656
-2.137656
-2.137656
-2.137656
-1.659775
-1.855832
-1.931690
-1.595200
-2.137656
-0.341184
-2.137656
-2.137656
-2.137656
-2.137656
-2.137656
-2.137656
-2.137656
-2.137656
-2.137656
-2.137656
-2.137656
-2.137656
-0.782495
-0.190317
-1.187756
-2.137656
-2.137656
-2.137656
-2.137656
0.263981
-1.188747
-2.137656
-2.137656
-2.137656
-2.137656
-2.137656
-2.137656
-2.137656
-2.137656
-0.939046
-1.830459
-2.137656
-0.758820
-2.137656
-2.137656
-2.137656
-1.931690
-2.137656
-2.137656
-2.137656
-2.137656
-2.137656
-1.324422
-2.137656
-1.040594
-2.137656
-2.137656
0.825314
-2.137656
1.930057
-1.659775
-2.137656
-2.137656
-1.059506
-2.137656
-2.137656
-0.486769
-2.137656
-2.137656
-2.137656
-1.659775
-1.931690
-2.137656
-2.137656
-2.137656
-2.137656
-2.137656
-2.137656
-2.137656
1.285374
-2.137656
-2.137656
-1.229260
-2.137656
-2.137656
-1.453663
0.605146
-2.137656
-2.137656
-2.137656
-2.137656
-1.931690
-2.137656
0.580693
-2.137656
-2.137656
-2.137656
-2.137656
-2.137656
-2.137656
-2.137656
-2.137656
-2.137656
-0.916696
-2.137656
-1.872740
-1.931690
-2.137656
-2.137656
-2.137656
-1.023736
-2.137656
-2.137656
-1.451498
1.944696
-2.137656
-2.137656
-2.137656
-2.137656
-2.137656
-0.381888
-1.830459
-1.872740
-2.137656
-2.137656
-2.137656
-2.137656
-2.137656
-2.137656
1.015000
-2.137656
-2.137656
-2.137656
-2.137656
-2.137656
-2.137656
-2.137656
-2.137656
-2.137656
-2.137656
-1.344427
-1.855832
-2.137656
-2.137656
-2.137656
-2.137656
-2.137656
-1.872740
-2.137656
-2.137656
-2.137656
-2.137656
-1.701774
-2.137656
-2.137656
-1.830459
-2.137656
-2.137656
-0.301142
-2.137656
-2.137656
-2.137656
-0.330137
-2.137656
-2.137656
-2.137656
-2.137656
1.679780
-2.137656
-2.137656
-2.137656
-2.137656
-1.908260
-0.486769
0.124597
-2.137656
-2.137656
-2.137656
-2.137656
-1.931690
-2.137656
-2.137656
-2.137656
-0.716539
-2.137656
-2.137656
-0.266083
-2.137656
-2.137656
-2.137656
-2.137656
-2.137656
-2.137656
-2.137656
-2.137656
1.176347
-2.137656
-2.137656
-2.137656
-1.659775
-2.137656
-2.137656
-0.957187
-2.137656
-2.137656
-2.137656
-2.137656
-2.137656
-2.137656
-2.137656
-2.137656
-2.137656
-2.137656
0.070814
-0.830830
-0.284722
-1.537387
0.795799
-2.137656
-2.137656
-2.137656
-2.137656
-2.137656
-2.137656
-2.137656
0.006055
-2.137656
-2.137656
1.514770
-0.914062
-2.137656
-2.137656
-2.137656
-2.137656
-1.878257
-2.137656
-2.137656
-2.137656
-1.036889
-1.724587
-2.137656
-2.137656
-2.137656
-0.817770
-2.137656
-1.872740
0.649535
-2.137656
-2.137656
-1.508814
-2.137656
-2.137656
-2.137656
-2.137656
-2.137656
-2.137656
-2.137656
-1.314513
-1.701774
-1.944696
-2.137656
-1.931690
-1.514770
-2.137656
1.931544
-2.137656
-2.137656
-2.137656
-2.137656
-2.137656
0.249595
-2.137656
-2.137656
-2.137656
-2.137656
-2.137656
-1.021025
-2.137656
-2.137656
-2.137656
-1.830459
-1.707729
-2.137656
-2.137656
-2.137656
-2.137656
-2.137656
-0.280657
-2.137656
-2.137656
-2.137656
-2.137656
-2.137656
-2.137656
1.944696
-2.137656
-0.551718
-0.077124
-2.137656
-1.659775
-1.931690
-1.609343
-0.724562
-1.453663
-2.137656
-2.137656
-2.137656
-2.137656
-2.137656
-2.137656
-1.931690
-1.931690
-2.137656
-2.137656
-2.137656
-1.944696
-0.007684
-1.400532
-1.855832
-2.137656
-1.394577
0.522521
-1.707729
-2.137656
-2.137656
-2.137656
-2.137656
0.065459
-0.478619
-2.137656
-2.137656
-2.137656
-0.981790
-1.029740
-2.137656
-2.137656
-2.137656
-1.023736
-1.229848
-1.944696
-2.137656
-2.137656
-2.137656
-1.643344
-2.137656
-1.495106
-2.137656
-2.137656
-2.137656
-2.137656
-2.137656
-2.137656
1.908260
-2.137656
-2.137656
-2.137656
-2.137656
-2.137656
-2.137656
-2.137656
-2.137656
-2.137656
-1.944696
-2.137656
-2.137656
-2.137656
-2.137656
-2.137656
-1.931690
-2.137656
-2.137656
-2.137656
-1.342669
-2.137656
-2.137656
-2.137656
-0.994797
-2.137656
-1.135178
-1.931690
-2.137656
-2.137656
-2.137656
-1.872740
-2.137656
-2.137656
-2.137656
-2.137656
-2.137656
0.244648
-2.137656
-0.464667
-2.137656
-0.170876
-2.137656
-2.137656
-2.137656
-2.137656
-2.137656
-2.137656
-2.137656
-1.944696
-2.137656
-2.137656
0.115724
-2.137656
-2.137656
-2.137656
-2.137656
-2.137656
-2.137656
-1.931690
-2.137656
-2.137656
-0.076692
-2.137656
-2.137656
-2.137656
-2.137656
-1.707729
-1.872740
-2.137656
-2.137656
-2.137656
-2.137656
-2.137656
-2.137656
-2.137656
-1.931690
-0.097876
0.108090
-2.137656
-2.137656
-2.137656
-2.137656
-2.137656
-2.137656
-2.137656
-1.830459
-2.137656
-2.137656
-2.137656
0.293834
-2.137656
-2.137656
1.266712
-0.171372
-2.137656
-2.137656
-2.137656
-2.137656
-2.137656
-2.137656
-2.137656
-2.137656
-2.137656
-2.137656
-2.137656
-2.137656
-2.137656
-2.137656
-2.137656
-2.137656
-2.137656
-1.352578
-2.137656
-2.137656
0.313706
-2.137656
-2.137656
-0.381888
-2.137656
-2.137656
-2.137656
-1.247697
-1.944696
-2.137656
-2.137656
-2.137656
-2.137656
-2.137656
-2.137656
-2.137656
-2.137656
-2.137656
-2.137656
-1.222102
-2.137656
-2.137656
-2.137656
-2.137656
-2.137656
-2.137656
-1.931690
-1.609343
-1.453663
-2.137656
-2.137656
1.707729
-2.137656
-0.285397
-2.137656
-2.137656
-1.400532
-2.137656
-2.137656
-0.094656
-2.137656
-2.137656
-1.830459
-0.504618
-2.137656
-2.137656
-1.679780
-2.137656
0.570173
-2.137656
-1.679780
-2.137656
-2.137656
-1.944696
-2.137656
-0.836632
1.186582
-2.137656
-2.137656
-2.137656
-2.137656
1.418381
-2.137656
-2.137656
-1.229848
-2.137656
-2.137656
-1.665637
-2.137656
-2.137656
-2.137656
-2.137656
-2.137656
-2.137656
-1.707729
-2.137656
-2.137656
-2.137656
-2.137656
-0.758820
-2.137656
-1.830459
-2.137656
-2.137656
-0.731133
-2.137656
-2.137656
-2.137656
-2.137656
-2.137656
-2.137656
-2.137656
-2.137656
-2.137656
-0.835495
-0.984499
-2.137656
-2.137656
-2.137656
-2.137656
0.347991
-2.137656
-2.137656
1.481502
-2.137656
-2.137656
-2.137656
-2.137656
-2.137656
-2.137656
-2.137656
-2.137656
-2.137656
-2.137656
-2.137656
-2.137656
-2.137656
-1.674461
-2.137656
-2.137656
-2.137656
-0.606870
-1.931690
-2.137656
-1.931690
-2.137656
-2.137656
0.104290
-2.137656
-2.137656
-2.137656
-2.137656
-2.137656
-1.229848
-2.137656
-2.137656
-2.137656
-2.137656
-2.137656
-2.137656
-1.665637
-2.137656
-1.453809
-2.137656
-2.137656
-2.137656
-2.137656
-1.872740
-2.137656
-2.137656
-2.137656
-1.352578
-2.137656
-2.137656
-2.137656
-2.137656
-2.137656
-2.137656
1.186978
-2.137656
-2.137656
0.087891
-2.137656
-2.137656
-2.137656
-2.137656
-2.137656
-2.137656
0.535946
-0.900266
-2.137656
-2.137656
-2.137656
-2.137656
-0.280657
-2.137656
-2.137656
-2.137656
-0.369715
-2.137656
-2.137656
-2.137656
-1.701774
2.137656
-2.137656
-1.944696
-2.137656
-2.137656
-2.137656
1.264780
-2.137656
-2.137656
-2.137656
-2.137656
-2.137656
-2.137656
-2.137656
-2.137656
-2.137656
-2.137656
-2.137656
-2.137656
-1.931690
-2.137656
-2.137656
-2.137656
-2.137656
-0.257374
-2.137656
-2.137656
-2.137656
-2.137656
-2.137656
-1.520479
-2.137656
-2.137656
-2.137656
-2.137656
-1.495106
-1.223893
-2.137656
-2.137656
-2.137656
-2.137656
-2.137656
-0.479024
-2.137656
-1.271847
-1.830459
-2.137656
-2.137656
-2.137656
-2.137656
-1.944696
-2.137656
-2.137656
-2.137656
-2.137656
-0.710584
-2.137656
-2.137656
-2.137656
-2.137656
-2.137656
-2.137656
-2.137656
-2.137656
-2.137656
-2.137656
-2.137656
-2.137656
-2.137656
-2.137656
0.152792
-2.137656
-0.219113
-1.679780
-2.137656
-2.137656
-2.137656
-2.137656
-2.137656
-2.137656
-1.659775
-2.137656
-1.872740
-2.137656
-1.872740
0.008848
-2.137656
0.552572
-2.137656
-2.137656
-2.137656
-2.137656
-2.137656
-2.137656
-1.931690
-2.137656
-2.137656
-2.137656
-2.137656
-2.137656
-2.137656
-2.137656
-2.137656
-2.137656
-2.137656
-2.137656
-2.137656
-0.345752
-2.137656
-2.137656
-1.931690
-2.137656
-0.963538
-2.137656
-2.137656
