103233, 66628, 102377, 65177, 66906, 66524, 20328, 8125, 47011, 73750, 102464, 73627
Feature count is 12
Criterion1 result is ObjectIndex = 974, Distance = -0.6511221779667713882240103960, Value = 0.5338630073648401965703552699
Boundary = -0.6494152729289573068716358730
-1.255195
-0.664979
-1.255195
-1.255195
-1.255195
-1.255195
-1.255195
-0.847463
-1.255195
-1.255195
-1.255195
-0.677197
-1.255195
-0.473712
-1.255195
-1.083000
-1.255195
-1.070782
-1.255195
-0.849392
-1.255195
-1.255195
-1.255195
-1.255195
-1.255195
-1.255195
-1.255195
-1.255195
-1.255195
-1.255195
-1.255195
-1.255195
-1.255195
-0.849392
-1.255195
0.112888
-1.255195
-1.255195
0.299588
-1.255195
-1.255195
0.305133
-1.255195
-1.255195
-1.255195
-1.255195
-0.849392
-1.070782
-1.255195
-1.255195
-1.255195
-1.255195
-1.255195
-0.509310
-0.847463
-1.255195
0.337445
-1.255195
1.255195
-1.091559
-1.255195
-1.070782
-1.255195
-1.255195
-1.255195
-1.255195
-1.255195
-1.255195
-1.255195
-1.255195
-1.255195
-1.255195
-1.255195
-1.255195
-0.906884
-0.826848
-1.255195
-1.255195
-1.255195
0.383146
-1.255195
-1.255195
-1.255195
-1.255195
-1.255195
0.151476
-0.849392
-1.255195
-1.255195
-1.255195
-1.016644
-1.255195
-1.056925
-1.255195
-0.849392
-1.255195
-1.255195
-1.255195
-1.083000
-0.922378
-1.255195
-1.255195
-0.426895
-0.329148
-1.255195
-1.255195
-0.849392
0.553291
-1.255195
-1.255195
-1.255195
-1.255195
-1.255195
-1.255195
0.318388
-0.678491
-1.255195
-1.255195
-1.084294
-1.255195
-1.255195
-1.255195
-0.849392
-1.255195
-1.255195
-1.255195
-0.671982
-1.255195
-1.255195
-1.056925
-1.255195
-1.255195
-1.255195
-1.255195
-1.016644
-1.255195
-0.678491
-1.255195
-1.255195
0.715963
-1.255195
-0.671982
-1.255195
-1.255195
-1.255195
-0.616690
-1.255195
-1.255195
-1.255195
-0.318990
-1.070782
-1.070782
-1.255195
-1.255195
-1.255195
-1.255195
-1.255195
-1.255195
-0.628579
-1.255195
-1.255195
-1.255195
0.151738
-1.255195
-1.255195
-1.255195
-1.255195
-0.499787
-1.255195
-1.255195
-1.255195
-1.255195
-1.255195
-1.255195
-1.255195
-1.255195
-1.070782
-1.255195
-0.289300
-1.255195
-1.255195
-1.255195
-1.255195
-1.255195
-1.255195
-1.255195
-0.751477
-1.255195
-1.255195
-1.255195
-1.255195
-1.255195
-1.255195
-1.255195
-0.077949
-1.255195
-1.255195
-1.255195
-0.499414
-1.255195
-1.255195
-1.255195
-1.084294
-1.255195
-1.255195
-1.255195
-1.255195
-1.255195
-1.255195
-1.255195
-1.255195
-1.255195
-1.255195
0.142544
-1.255195
-1.255195
-1.255195
-1.255195
-1.255195
-1.255195
-1.255195
-1.255195
0.552327
-0.802575
-1.086014
-0.849392
-1.255195
-1.255195
-1.255195
-0.487569
-1.255195
-1.255195
-1.255195
0.353727
-1.255195
-1.255195
-1.255195
-1.255195
-0.678491
0.094078
-0.907146
-1.070782
-1.255195
-1.016644
-1.255195
-1.091559
-1.255195
-1.255195
-1.255195
-1.255195
-0.914149
0.117104
-1.255195
-1.255195
-1.255195
-1.255195
-1.255195
0.485472
-1.255195
-1.255195
-0.677197
-1.255195
-1.255195
-1.255195
-1.255195
-1.255195
-1.255195
0.092358
-1.255195
-1.255195
-0.268557
-1.255195
-1.255195
-1.255195
-1.255195
-1.004258
-0.651122
-1.255195
-1.255195
-1.255195
-1.255195
-1.255195
-1.255195
-1.255195
-0.540270
-1.255195
-1.255195
-1.084294
-0.400387
-1.255195
-1.255195
-1.255195
-1.255195
-1.255195
-0.293879
-1.255195
-1.255195
-1.070782
-1.255195
-1.255195
-1.255195
-1.255195
-1.255195
-1.255195
-1.255195
-1.255195
-1.255195
-1.255195
-1.255195
-1.077785
-1.086014
-1.255195
-0.912099
-1.255195
-1.086014
-1.255195
-0.106215
-0.538140
-0.668595
-1.255195
-1.255195
-1.255195
-0.849392
-1.255195
-0.248850
-1.255195
-0.893289
-1.255195
-1.255195
-1.255195
-1.255195
-1.255195
-1.255195
-1.255195
-1.255195
-0.466709
-1.255195
-1.255195
-1.255195
-1.255195
0.708876
-1.255195
-1.255195
-1.255195
-0.499787
-1.255195
-1.056925
-1.255195
-1.255195
-1.255195
-1.255195
-1.255195
-1.070782
-1.255195
-1.255195
-0.671982
-1.056925
-1.255195
-0.695103
-1.255195
-1.255195
-1.255195
-1.255195
-1.255195
-1.255195
-0.730701
-0.426895
-1.255195
-1.255195
-1.255195
-1.255195
-1.255195
-1.255195
-1.255195
-1.255195
-1.255195
-1.255195
-0.912099
-0.104659
-1.255195
-1.255195
-1.255195
-0.676562
-1.255195
-1.255195
-1.255195
-1.255195
-1.255195
-1.255195
-0.439940
-1.255195
-1.255195
-1.255195
-1.255195
-1.255195
-1.255195
-1.255195
-1.255195
-1.255195
-0.508016
-1.255195
-1.255195
-1.255195
-0.849392
-1.255195
-1.255195
-1.255195
-1.255195
-1.255195
-0.470063
-1.091559
-1.255195
-0.849392
-1.255195
-0.887745
-1.255195
-0.077458
-1.255195
-1.255195
-1.016644
-1.086014
-1.255195
-1.255195
-0.849392
-1.255195
-1.255195
-1.255195
-0.876102
-1.255195
-1.255195
-1.255195
-1.255195
-1.255195
-1.255195
-1.255195
-1.255195
-1.255195
-1.255195
0.907146
-1.255195
-1.255195
-1.255195
-1.255195
-1.255195
-1.255195
-1.255195
-1.255195
-0.710335
-0.849392
-1.255195
-1.255195
-1.255195
-1.255195
-1.255195
-1.255195
-1.070782
-0.849392
-1.255195
-0.844448
-0.818374
-1.255195
-1.255195
-0.849392
-1.255195
-0.886025
-1.255195
-1.255195
-1.255195
-1.255195
-1.255195
-1.077785
-1.255195
-1.255195
-1.255195
-1.255195
-1.255195
-1.255195
-1.056925
-1.255195
-1.255195
1.077785
-1.255195
-1.255195
-1.255195
-1.255195
-1.255195
-1.255195
-1.255195
-1.255195
-1.255195
-1.255195
-1.070782
-1.255195
-1.255195
-1.255195
-0.074620
-0.272029
-0.270759
-1.255195
-1.255195
-1.255195
-1.255195
-1.255195
-1.255195
-1.255195
-1.255195
-1.255195
-1.255195
-1.255195
0.152373
0.071582
-1.086014
-1.255195
-1.086014
-1.255195
0.879516
-1.255195
-0.664979
-1.255195
-1.255195
-1.255195
-0.893289
-1.086014
-1.255195
-1.255195
-1.255195
-1.255195
-1.255195
-1.255195
-1.255195
-1.255195
-1.070782
-1.255195
-1.255195
-1.255195
-1.255195
-1.255195
-1.255195
-1.255195
-1.255195
-1.255195
-0.849392
-1.255195
-0.509310
-0.849392
-1.255195
-0.685756
-1.255195
-0.328886
-1.255195
-1.255195
-0.499414
-1.255195
1.086014
-1.016644
-1.255195
-1.255195
-1.255195
-1.255195
0.879516
-1.255195
-1.255195
-0.849392
-0.426895
-1.255195
-1.255195
0.524202
0.130243
-1.255195
-1.255195
-1.255195
-1.255195
-1.255195
-1.255195
-1.255195
-1.255195
-1.255195
-1.255195
-1.255195
-0.671982
0.159046
-1.255195
-1.086014
-1.255195
-1.255195
-1.016644
-1.255195
0.710335
-1.255195
-0.285083
-1.255195
-1.255195
-1.255195
-0.499414
-0.029922
-1.255195
-1.086014
-1.255195
-0.661162
-1.255195
-0.907146
-1.255195
-1.255195
-1.255195
-0.214418
-1.255195
-1.255195
-1.255195
0.311041
-1.255195
-1.255195
-1.255195
-1.255195
-0.849392
-1.255195
-1.255195
-1.255195
-1.255195
-1.056925
-1.255195
-1.255195
-1.255195
-1.255195
-0.737965
-1.255195
-1.255195
-0.849392
-1.077785
-1.070782
-1.255195
-1.255195
-1.255195
-1.255195
-1.070782
-1.255195
-1.255195
-1.255195
-1.255195
-0.805988
-1.255195
-1.255195
-1.255195
-1.255195
-0.464942
0.678491
-1.016644
-1.255195
-1.255195
-1.255195
-1.255195
-1.255195
-0.849392
-0.226391
-1.255195
-1.255195
-1.255195
-1.255195
-1.255195
-1.255195
-1.255195
-1.255195
-1.255195
-1.255195
-1.255195
-1.255195
-1.255195
-1.255195
-1.255195
-1.255195
-1.255195
-1.255195
-1.255195
-1.255195
-0.509310
-1.070782
-1.255195
0.703907
-1.255195
-0.053675
-0.499414
-1.255195
-1.255195
-1.255195
-1.255195
-1.255195
-1.255195
-1.255195
-0.668595
-1.255195
-1.255195
-1.255195
-1.255195
-1.255195
-1.255195
0.086346
-1.255195
-1.255195
-1.255195
-1.255195
-1.255195
-0.628579
-1.255195
-1.255195
-1.255195
-1.255195
-1.255195
-0.149809
-1.255195
-1.255195
-1.255195
-1.255195
-1.255195
-0.849392
-1.255195
-1.255195
-1.255195
-1.255195
-1.255195
-1.255195
-1.255195
-1.255195
-0.907146
-1.255195
-1.255195
-1.255195
-1.255195
-1.255195
-0.920658
-1.255195
-0.455984
-1.255195
-1.255195
-1.255195
-0.849392
-1.255195
-1.255195
-1.255195
-1.255195
-1.091559
-1.255195
-1.255195
-1.255195
-1.255195
0.716844
-1.255195
-1.255195
-1.255195
-1.255195
-1.255195
-1.255195
-1.255195
-1.255195
-0.695103
-1.255195
-1.091559
-1.255195
-0.633793
-1.255195
-1.255195
-1.255195
0.159705
-1.255195
-1.255195
-1.255195
-1.255195
-1.255195
-1.255195
-1.255195
-1.255195
-1.255195
-0.922378
-1.255195
-1.255195
0.019163
-1.255195
-0.664979
-1.255195
-1.255195
-1.016644
-1.255195
-0.289300
-1.255195
-1.255195
-1.255195
-1.255195
-1.255195
-1.255195
-1.255195
-1.255195
-0.598455
-1.070782
-1.255195
-1.255195
-1.070782
-1.255195
-1.070782
-1.255195
-0.657668
-1.255195
-1.255195
-1.255195
-1.255195
-1.004258
-1.255195
-0.849392
-1.255195
-1.255195
-1.255195
-1.070782
-1.255195
-1.004258
0.707320
-1.255195
-1.255195
-1.070782
-1.255195
-1.255195
-1.255195
-0.668595
-1.255195
-1.255195
-0.922378
-1.255195
-1.255195
-1.255195
-1.255195
-1.255195
-1.255195
-1.255195
-0.737965
-1.255195
-1.255195
-1.255195
-1.255195
-1.255195
-1.255195
-1.255195
-1.255195
-1.255195
0.560555
-1.255195
0.715963
-1.255195
-1.255195
-0.060846
-1.255195
0.710335
-1.255195
-0.802575
-1.056925
-1.083000
-0.222977
-1.255195
-1.255195
-1.255195
-1.255195
-1.255195
-0.328513
-0.905590
-1.255195
-1.255195
-0.678491
-1.255195
-1.255195
-0.695103
-1.255195
-1.255195
-1.255195
-1.255195
-1.255195
-1.255195
-0.849392
-1.255195
-1.255195
-1.255195
-1.255195
-0.019163
-1.086014
-1.255195
-1.255195
-0.017443
-1.255195
-1.255195
-1.255195
-1.255195
-1.255195
-0.893372
-1.255195
-1.255195
-1.255195
-1.077785
-1.255195
-1.255195
-1.255195
-1.255195
-1.016644
-0.210887
-1.255195
-1.255195
-1.255195
-1.255195
-1.255195
-0.872513
-1.255195
-1.255195
-1.255195
-1.255195
-0.671982
-1.255195
-1.255195
-1.255195
-0.849392
-0.849392
-1.255195
-1.255195
-1.255195
-1.255195
-1.255195
-1.255195
-1.255195
-1.255195
-1.255195
-0.616690
-1.255195
-1.255195
-1.255195
-1.255195
-0.818374
-1.255195
-1.255195
-1.255195
-1.255195
-1.255195
-1.255195
-1.255195
-1.255195
-1.091559
-1.255195
-0.678491
-1.255195
-1.086014
-1.255195
-1.016644
-0.386613
-1.255195
-1.255195
-1.255195
-1.255195
-1.255195
-1.255195
-1.255195
-1.255195
0.876102
-1.255195
-1.255195
-1.255195
-1.255195
-0.017443
0.152373
-1.255195
-1.255195
-0.289300
-1.255195
-0.494078
-1.255195
-1.255195
-1.255195
-1.255195
-0.922378
-1.255195
-1.255195
-1.255195
-1.255195
-0.853007
-0.651122
-1.255195
-1.255195
-1.255195
-1.255195
-1.255195
-1.255195
-1.255195
-1.070782
-0.070946
-1.255195
-1.255195
-0.849392
-0.695103
-1.255195
-1.255195
-1.255195
-1.255195
-1.255195
-1.255195
-0.654653
-1.255195
-1.255195
-1.255195
-1.255195
-0.678491
-1.255195
-1.255195
-1.255195
-1.255195
-1.255195
-1.255195
-1.255195
-0.487569
-1.255195
-1.255195
-1.255195
-1.255195
-1.255195
-1.255195
-1.255195
-1.255195
-1.255195
0.855242
-1.255195
-0.454264
-1.255195
-0.633793
-1.255195
-1.255195
0.294115
-1.255195
-1.255195
-1.255195
-1.255195
-1.255195
-0.078117
-1.255195
-0.511631
-1.255195
-0.610840
-1.091559
-1.255195
-1.255195
-1.255195
-0.849392
-1.255195
-1.255195
-0.832063
-1.070782
-1.255195
-0.494572
-1.255195
-1.255195
-1.255195
-0.316668
-1.255195
-1.255195
-1.255195
-1.091559
-0.499787
0.722472
-1.255195
-1.255195
-1.255195
-1.255195
-1.255195
-1.255195
-1.255195
-1.255195
-1.255195
-1.255195
-1.255195
-1.255195
-1.255195
-0.487569
-1.255195
-1.255195
-1.255195
-1.255195
-1.255195
-1.255195
-1.255195
-1.255195
-1.077785
-1.255195
-1.255195
-1.255195
-1.255195
-1.255195
-1.255195
-0.849392
-1.255195
-1.255195
-1.255195
-0.847463
0.564023
-1.255195
-1.255195
-1.255195
-1.091559
-1.255195
0.835077
-1.255195
-1.255195
-1.255195
-0.495798
-1.255195
-1.255195
-1.255195
-0.439940
-1.255195
-1.255195
0.125663
-1.255195
-1.255195
-1.255195
-1.255195
-1.255195
0.433431
1.255195
-1.255195
-1.255195
-1.083000
-1.255195
-1.255195
-1.255195
-1.056925
-0.849392
-1.255195
-1.255195
-0.849392
-1.053512
-1.255195
-1.255195
-0.315374
-1.255195
-1.255195
-1.255195
-1.255195
-1.255195
-1.255195
-1.255195
-1.084294
-1.255195
-0.394842
-1.255195
-1.255195
-0.847463
-1.255195
-1.255195
-1.255195
-1.255195
-1.255195
-1.070782
-1.255195
-1.070782
-0.844448
-1.255195
-0.320448
-1.255195
-1.255195
-1.255195
-1.255195
-1.255195
-1.255195
-1.255195
-1.255195
-1.255195
-1.255195
-1.255195
-1.255195
-0.222775
-1.004258
-0.475513
-1.255195
-1.255195
-1.255195
-1.255195
-0.236632
-0.675598
-1.255195
-1.255195
-1.255195
-1.255195
-1.255195
-1.255195
-1.255195
-1.255195
-0.328886
-1.070782
-1.255195
-1.056925
-1.255195
-1.255195
-1.255195
-1.091559
-1.255195
-0.832231
-1.255195
-1.255195
-1.255195
-0.596526
-1.255195
-0.461529
-1.255195
-1.255195
-0.220846
-1.255195
0.912099
-1.077785
-1.255195
-0.849392
-1.016644
-0.849392
-1.255195
-0.289300
-1.255195
-1.255195
-1.255195
-0.879516
-0.853007
-1.255195
-1.255195
-1.255195
-1.255195
-1.077785
-1.255195
-1.255195
0.289300
-1.255195
-1.255195
-0.499787
-1.255195
-1.255195
-0.625165
-0.337115
-1.255195
-1.255195
-1.255195
-1.255195
-1.091559
-1.255195
0.310076
-1.255195
-1.255195
-1.255195
-1.255195
-1.255195
-1.255195
-1.255195
-1.070782
-1.255195
-0.487569
-1.255195
-0.844448
-1.255195
-1.255195
-1.255195
-1.255195
-1.255195
-1.255195
-1.255195
-0.849392
1.070782
-1.255195
-1.255195
-1.255195
-1.255195
-1.255195
0.290298
-1.086014
-1.255195
-1.086014
-1.255195
-0.849392
-1.255195
-1.255195
-1.255195
-0.400387
-1.255195
-1.255195
-1.077785
-1.255195
-1.255195
-1.255195
-1.255195
-1.255195
-1.255195
-1.255195
-1.255195
-1.016644
-1.255195
-1.255195
-1.255195
-1.255195
-1.255195
-1.255195
-1.255195
-1.255195
-1.255195
-1.255195
-1.070782
-1.255195
-1.255195
-1.086014
-1.255195
-1.255195
-0.454264
-1.255195
-1.255195
-1.255195
-0.833357
-1.255195
-1.255195
-1.255195
-1.255195
0.715879
-1.255195
-1.255195
-1.255195
-1.255195
-1.255195
-0.487569
-0.647708
-1.255195
-1.255195
-1.255195
-1.255195
-1.091559
-0.849392
-1.255195
-1.255195
-0.257714
-1.255195
-1.255195
0.019163
-1.255195
-1.255195
-1.255195
-1.255195
-1.070782
-1.255195
-1.255195
-1.255195
0.323933
-1.255195
-1.255195
-1.255195
-1.077785
-1.255195
-1.255195
-0.678491
-1.255195
-1.255195
-1.255195
-1.255195
-1.255195
-1.255195
-1.255195
-1.255195
-1.255195
-1.255195
-0.111430
-0.508016
-0.328513
-1.255195
0.455984
-1.255195
-1.255195
-1.255195
-1.070782
-1.255195
-1.255195
-1.255195
-0.255994
-1.255195
-1.255195
0.621576
-0.495798
-0.664979
-0.663050
-1.255195
-1.255195
-1.255195
-1.255195
-1.255195
-1.255195
-0.849392
-0.551913
-1.255195
-1.255195
-1.255195
-0.440669
-1.255195
-0.849392
0.097599
-1.255195
-1.255195
-1.255195
-1.255195
-1.255195
-1.255195
-1.255195
-1.255195
-1.255195
-1.255195
-0.853007
-0.849392
-1.255195
-1.255195
-1.091559
-1.083000
-1.255195
-0.153032
-1.255195
-1.255195
-1.255195
-1.255195
-1.255195
0.565770
-1.255195
-1.255195
-1.255195
-1.255195
-1.255195
-1.084294
-1.255195
-1.070782
-1.255195
-1.255195
-0.849392
-1.255195
-1.255195
-1.255195
-1.255195
-1.255195
-0.625165
-1.255195
-1.255195
-1.255195
-1.255195
-1.255195
-1.255195
1.070782
-1.255195
-0.091064
-0.328513
-1.255195
-0.893372
-0.901601
-1.255195
-0.104659
-0.908604
-1.255195
-1.255195
-1.255195
-1.255195
-1.255195
-1.255195
-1.255195
-0.668595
-1.255195
-1.070782
-1.255195
-1.255195
0.043517
-1.070782
-1.016644
-1.255195
-0.487569
0.012681
-1.255195
-1.255195
-1.255195
-1.255195
-1.255195
-0.366274
-0.849392
-1.255195
-1.255195
-1.255195
-0.579282
-0.567064
-1.255195
-1.255195
-1.255195
-0.625165
-0.802575
-1.255195
-1.255195
-1.255195
-1.255195
-1.084294
-1.255195
-0.853007
-1.255195
-1.255195
-1.255195
-1.255195
-1.255195
-1.255195
0.522508
-1.255195
-1.255195
-1.255195
-1.255195
-1.255195
-1.255195
-1.255195
-1.255195
-1.086014
-0.849392
-0.905590
-1.255195
-1.255195
-1.255195
-1.255195
-0.853007
-1.255195
-1.255195
-1.255195
-0.847463
-1.255195
-1.255195
-1.255195
-0.129194
-1.255195
-1.086014
-1.091559
-1.255195
-1.255195
-1.255195
-0.905590
-1.255195
-1.255195
-1.255195
-1.070782
-1.255195
0.296010
-1.255195
-0.421045
-1.255195
-0.093611
-1.255195
-1.255195
-1.255195
-1.255195
-1.255195
-1.255195
-1.255195
-1.255195
-1.255195
-1.255195
-0.069475
-1.255195
-1.255195
-1.255195
-1.255195
-1.255195
-1.255195
-1.255195
-1.255195
-1.255195
-0.664979
-1.255195
-1.255195
-1.255195
-1.255195
-1.255195
-1.255195
-1.255195
-1.255195
-1.255195
-1.255195
-1.255195
-1.255195
-1.255195
-1.091559
-0.313362
0.421045
-1.255195
-1.255195
-1.255195
-1.255195
-1.255195
-1.255195
-1.255195
-1.070782
-1.255195
-1.255195
-1.255195
-0.426895
-1.255195
-1.255195
0.729736
-0.447204
-1.255195
-1.255195
-1.255195
-1.255195
-1.070782
-1.255195
-1.255195
-1.255195
-1.255195
-1.255195
-1.255195
-1.255195
-1.255195
-1.255195
-1.255195
-1.255195
-1.255195
-0.893372
-1.255195
-1.255195
-0.024708
-1.255195
-1.255195
-0.473712
-1.255195
-1.255195
-1.255195
-1.077785
-1.255195
-1.255195
-1.255195
-1.255195
-1.255195
-1.255195
-1.255195
-1.255195
-1.255195
-1.255195
-1.255195
-1.084294
-1.255195
-1.255195
-1.255195
-1.255195
-1.255195
-1.255195
-1.091559
-0.610840
-0.826848
-1.255195
-1.255195
0.872513
-1.255195
0.050207
-1.255195
-1.255195
-0.849392
-1.255195
-1.255195
-0.625165
-1.255195
-1.255195
-0.737965
-0.536282
-1.255195
-1.255195
-1.255195
-1.255195
-0.301144
-1.255195
-1.255195
-1.255195
-1.255195
-1.255195
-1.255195
-0.839234
0.695103
-1.255195
-1.255195
-1.255195
-1.255195
0.552327
-1.255195
-1.255195
-0.849392
-1.255195
-1.255195
-0.499787
-1.255195
-1.255195
-1.255195
-1.255195
-1.255195
-1.255195
-0.849392
-1.255195
-1.255195
-1.255195
-1.255195
-0.328227
-1.255195
-0.922378
-1.255195
-1.255195
-1.255195
-1.255195
-1.255195
-1.255195
-1.255195
-1.255195
-1.255195
-1.255195
-1.255195
-1.255195
-0.016149
-0.328886
-1.255195
-1.255195
-1.086014
-1.255195
-0.019163
-1.255195
-1.255195
1.077785
-1.255195
-1.255195
-1.255195
-1.255195
-1.255195
-1.255195
-1.255195
-1.255195
-1.255195
-1.255195
-1.255195
-1.255195
-1.255195
-1.084294
-1.086014
-1.255195
-1.255195
-0.671982
-1.091559
-1.255195
-1.091559
-1.255195
-1.255195
0.314739
-1.255195
-1.255195
-1.255195
-1.255195
-1.255195
-0.268641
-1.255195
-1.255195
-1.255195
-1.255195
-1.255195
-1.255195
-0.905590
-1.255195
-1.016644
-1.255195
-1.255195
-1.255195
-1.255195
-1.083000
-1.255195
-1.255195
-1.255195
-1.255195
-1.255195
-1.255195
-1.255195
-1.255195
-1.255195
-1.255195
1.086014
-1.255195
-1.255195
0.046532
-1.255195
-1.255195
-1.255195
-1.255195
-1.255195
-1.255195
0.019163
-0.716844
-1.070782
-1.255195
-1.255195
-1.255195
-0.677832
-1.255195
-1.255195
-1.255195
-0.425625
-1.255195
-1.255195
-1.255195
-1.255195
0.879516
-1.255195
-1.255195
-1.255195
-1.255195
-1.255195
0.912099
-1.255195
-1.016644
-1.255195
-1.255195
-1.255195
-1.255195
-1.255195
-1.255195
-1.255195
-1.255195
-1.255195
-1.255195
-1.091559
-1.255195
-1.255195
-1.255195
-1.255195
-0.879516
-1.255195
-1.255195
-1.255195
-1.255195
-1.255195
-1.016644
-1.255195
-1.255195
-1.255195
-1.255195
-1.086014
-0.636808
-1.255195
-1.255195
-1.255195
-1.255195
-1.255195
-0.716844
-1.255195
-0.671982
-1.070782
-1.255195
-1.255195
-1.255195
-1.255195
-1.255195
-1.255195
-1.255195
-1.255195
-1.070782
-1.053512
-1.255195
-1.255195
-1.255195
-1.255195
-1.255195
-1.255195
-1.255195
-1.255195
-1.255195
-1.255195
-1.255195
-1.255195
-1.255195
-1.255195
-0.915113
-1.255195
0.106379
-1.255195
-1.255195
-1.255195
-1.255195
-1.255195
-1.255195
-1.255195
-1.255195
-1.255195
-1.255195
-1.255195
-0.849392
-0.303073
-1.255195
0.546699
-1.255195
-1.255195
-1.255195
-1.255195
-1.255195
-1.255195
-1.091559
-1.255195
-1.255195
-1.255195
-1.255195
-1.255195
-1.255195
-1.255195
-1.255195
-1.255195
-1.255195
-0.677197
-1.255195
-0.426895
-1.255195
-1.255195
-1.091559
-1.255195
-0.257247
-1.255195
-1.255195
