19853, 5450, 102461, 81452, 71042, 73547, 8397
Feature count is 7
Criterion1 result is ObjectIndex = 1844, Distance = -0.3922889599965930108254533324, Value = 0.4877341744048934721517697828
Boundary = -0.3918783949280474046028298727
-0.392289
0.345251
-0.957592
-0.957592
-0.957592
-0.957592
-0.957592
0.126096
-0.957592
-0.957592
-0.957592
-0.691399
-0.957592
0.162713
-0.957592
-0.957592
-0.957592
-0.957592
-0.957592
-0.392289
-0.957592
-0.957592
-0.957592
-0.957592
-0.957592
-0.957592
-0.957592
-0.957592
-0.957592
-0.378646
-0.957592
-0.957592
-0.957592
-0.574827
-0.957592
0.325503
-0.957592
-0.957592
0.216678
-0.957592
-0.957592
0.428907
-0.957592
-0.957592
-0.957592
-0.957592
-0.957592
-0.378646
-0.957592
-0.957592
-0.957592
-0.957592
-0.957592
-0.113274
0.126096
-0.957592
0.591696
-0.957592
0.957592
-0.774233
-0.957592
-0.378646
-0.957592
-0.957592
-0.957592
-0.957592
-0.957592
-0.957592
-0.957592
-0.957592
-0.957592
-0.957592
-0.957592
-0.957592
-0.957592
-0.957592
-0.957592
-0.957592
-0.957592
0.037515
-0.957592
-0.957592
-0.957592
-0.691399
-0.957592
0.325503
-0.957592
-0.957592
-0.392289
-0.957592
-0.794803
-0.957592
-0.774233
-0.957592
-0.392289
-0.957592
-0.957592
-0.957592
-0.957592
-0.378646
-0.957592
-0.957592
-0.562005
-0.046141
-0.957592
-0.957592
-0.574827
0.957592
-0.957592
-0.957592
-0.615640
-0.957592
-0.957592
-0.957592
0.591696
-0.574827
-0.957592
-0.957592
0.432281
-0.957592
-0.957592
-0.957592
-0.957592
-0.957592
-0.957592
-0.775055
-0.691399
-0.957592
-0.957592
-0.691399
-0.957592
-0.392289
-0.957592
-0.957592
-0.794803
-0.957592
-0.691399
-0.957592
-0.957592
0.615640
-0.957592
0.528610
-0.775055
-0.957592
-0.957592
-0.794803
-0.957592
-0.957592
-0.957592
-0.378646
-0.957592
-0.957592
-0.957592
-0.957592
-0.774233
-0.957592
-0.957592
-0.957592
-0.957592
-0.957592
-0.957592
-0.378646
-0.016450
-0.957592
-0.957592
-0.957592
-0.957592
-0.691399
-0.957592
-0.957592
-0.957592
-0.957592
-0.957592
-0.957592
-0.957592
-0.957592
-0.774233
-0.957592
-0.050337
-0.957592
-0.957592
-0.957592
-0.957592
-0.957592
-0.957592
-0.957592
0.270313
-0.957592
-0.957592
-0.957592
-0.957592
-0.774233
-0.957592
-0.957592
-0.615640
-0.957592
-0.957592
-0.957592
-0.036693
-0.957592
-0.957592
-0.957592
-0.957592
-0.957592
-0.957592
-0.957592
-0.957592
-0.957592
-0.957592
-0.957592
-0.957592
-0.957592
-0.957592
-0.691399
-0.774233
-0.957592
-0.957592
-0.774233
-0.957592
-0.957592
-0.957592
-0.957592
0.452850
-0.574827
-0.036693
-0.615640
-0.957592
-0.957592
-0.562005
-0.179239
-0.957592
-0.957592
-0.957592
-0.186657
-0.957592
-0.957592
-0.957592
-0.957592
-0.392289
-0.133022
-0.057263
-0.562005
-0.957592
-0.794803
-0.957592
-0.774233
-0.957592
-0.957592
-0.957592
-0.957592
-0.774233
-0.057263
-0.957592
-0.774233
-0.957592
-0.957592
-0.957592
0.794803
-0.957592
-0.957592
-0.691399
-0.957592
-0.957592
-0.957592
-0.957592
-0.957592
-0.957592
0.957592
-0.774233
-0.957592
0.428907
-0.957592
-0.957592
-0.957592
-0.957592
-0.957592
0.162713
-0.957592
-0.957592
-0.957592
-0.957592
-0.957592
-0.957592
-0.957592
-0.691399
-0.957592
-0.957592
-0.775055
-0.345251
-0.957592
-0.957592
-0.957592
-0.957592
-0.957592
0.208930
-0.957592
-0.957592
-0.378646
-0.957592
-0.957592
-0.957592
-0.957592
-0.957592
-0.957592
-0.957592
-0.957592
-0.957592
-0.957592
-0.957592
-0.691399
-0.562005
-0.957592
-0.378646
-0.957592
-0.562005
-0.957592
0.346072
0.428907
-0.036693
-0.957592
-0.957592
-0.957592
-0.392289
-0.957592
-0.691399
-0.957592
-0.508040
-0.957592
-0.957592
-0.957592
-0.957592
-0.957592
-0.957592
-0.957592
-0.957592
0.162713
-0.957592
-0.957592
-0.957592
-0.957592
0.774233
-0.691399
-0.957592
-0.957592
-0.691399
-0.957592
-0.691399
-0.957592
-0.957592
-0.957592
-0.957592
-0.957592
-0.957592
-0.957592
-0.957592
-0.691399
-0.232874
-0.957592
-0.957592
-0.957592
-0.957592
-0.957592
-0.957592
-0.957592
-0.957592
-0.399215
-0.957592
-0.957592
-0.957592
-0.957592
-0.957592
-0.957592
-0.957592
-0.957592
-0.957592
-0.957592
-0.957592
-0.126096
-0.349447
-0.957592
-0.957592
-0.957592
0.508862
-0.957592
-0.957592
-0.957592
-0.957592
-0.957592
-0.957592
-0.046141
-0.957592
-0.957592
-0.957592
-0.957592
-0.957592
-0.957592
-0.957592
-0.957592
-0.957592
0.046141
-0.957592
-0.957592
-0.957592
-0.308634
-0.957592
-0.957592
-0.957592
-0.957592
-0.957592
-0.057263
-0.232874
-0.957592
-0.957592
-0.957592
-0.562005
-0.957592
0.325503
-0.957592
-0.957592
-0.229500
-0.037515
-0.957592
-0.957592
-0.957592
-0.957592
-0.957592
-0.957592
-0.957592
-0.957592
-0.957592
-0.957592
-0.957592
-0.957592
-0.957592
-0.957592
-0.957592
-0.957592
-0.957592
0.957592
-0.957592
-0.957592
-0.957592
-0.957592
-0.957592
-0.957592
-0.615640
-0.957592
-0.220052
-0.957592
-0.957592
-0.957592
-0.957592
-0.957592
-0.957592
-0.957592
-0.562005
-0.591696
-0.957592
-0.528610
-0.612265
-0.957592
-0.957592
-0.392289
-0.957592
-0.050337
-0.957592
-0.957592
-0.957592
-0.957592
-0.957592
-0.957592
-0.957592
-0.957592
-0.957592
-0.774233
-0.957592
-0.957592
-0.691399
-0.775055
-0.957592
0.957592
-0.957592
-0.957592
-0.774233
-0.957592
-0.957592
-0.957592
-0.957592
-0.562005
-0.957592
-0.957592
-0.957592
-0.957592
-0.957592
-0.957592
-0.612265
0.046141
0.508862
-0.957592
-0.957592
-0.957592
-0.957592
-0.957592
-0.957592
-0.957592
-0.957592
-0.957592
-0.957592
-0.957592
0.046141
0.612265
-0.562005
-0.957592
-0.562005
-0.957592
0.794803
-0.957592
-0.957592
0.046141
-0.957592
-0.957592
-0.774233
0.003299
-0.957592
-0.957592
-0.957592
-0.957592
-0.957592
-0.957592
-0.957592
-0.957592
-0.957592
-0.957592
-0.957592
-0.957592
-0.957592
-0.957592
-0.957592
-0.957592
-0.957592
-0.957592
-0.775055
-0.957592
-0.016450
-0.775055
-0.957592
-0.050337
-0.957592
-0.508862
-0.957592
-0.957592
0.508862
-0.574827
-0.125275
-0.269492
-0.957592
-0.957592
-0.957592
-0.957592
0.957592
-0.957592
-0.957592
0.003299
-0.957592
-0.957592
-0.957592
0.392289
-0.691399
-0.957592
-0.957592
-0.957592
-0.957592
-0.957592
-0.957592
-0.957592
-0.391468
-0.957592
-0.957592
-0.957592
-0.957592
0.691399
-0.957592
-0.562005
-0.957592
-0.957592
-0.399215
-0.957592
0.036693
-0.957592
0.345251
-0.957592
-0.957592
-0.957592
0.126096
-0.452850
-0.957592
0.003299
-0.957592
-0.691399
-0.957592
-0.611444
-0.957592
-0.957592
-0.957592
-0.794803
-0.957592
-0.957592
-0.957592
0.775055
-0.957592
-0.957592
-0.957592
-0.957592
-0.957592
-0.957592
-0.957592
-0.957592
-0.957592
-0.957592
-0.957592
-0.957592
-0.957592
-0.957592
-0.036693
-0.957592
-0.957592
-0.775055
-0.308634
-0.432281
-0.957592
-0.957592
-0.957592
-0.957592
-0.562005
-0.957592
-0.562005
-0.957592
-0.957592
-0.957592
-0.957592
-0.957592
-0.957592
-0.957592
-0.691399
0.775055
-0.775055
-0.957592
-0.957592
-0.957592
-0.957592
-0.957592
-0.392289
-0.957592
-0.957592
-0.957592
-0.957592
-0.957592
-0.957592
-0.957592
-0.957592
-0.957592
-0.957592
-0.774233
-0.957592
-0.957592
-0.957592
-0.957592
-0.957592
-0.957592
-0.957592
-0.957592
-0.957592
-0.957592
0.345251
-0.774233
-0.957592
0.775055
-0.957592
-0.574827
0.528610
-0.957592
-0.957592
-0.957592
-0.957592
-0.957592
-0.957592
-0.957592
-0.166088
-0.957592
-0.957592
-0.774233
-0.957592
-0.774233
-0.957592
-0.691399
-0.957592
-0.957592
-0.957592
-0.957592
-0.957592
-0.691399
-0.957592
-0.957592
-0.957592
-0.957592
-0.957592
0.392289
-0.957592
-0.957592
-0.957592
-0.957592
-0.957592
-0.957592
-0.957592
-0.957592
-0.957592
-0.957592
-0.957592
-0.957592
-0.957592
-0.957592
-0.774233
-0.957592
-0.957592
-0.574827
-0.957592
-0.957592
-0.037515
-0.957592
-0.295812
-0.957592
-0.957592
-0.957592
-0.957592
-0.957592
-0.957592
-0.957592
-0.957592
-0.774233
-0.957592
-0.957592
-0.957592
-0.957592
0.611444
-0.957592
-0.957592
-0.957592
-0.957592
-0.957592
-0.774233
-0.957592
-0.957592
0.162713
-0.957592
-0.957592
-0.957592
-0.308634
-0.957592
-0.957592
-0.774233
-0.452850
-0.957592
-0.957592
-0.957592
-0.957592
-0.957592
-0.957592
-0.957592
-0.574827
-0.957592
-0.379467
-0.957592
-0.957592
0.794803
-0.957592
-0.208930
-0.957592
-0.957592
-0.611444
-0.957592
0.003299
-0.957592
-0.957592
-0.957592
-0.957592
-0.957592
-0.562005
-0.957592
-0.957592
-0.179239
-0.957592
-0.392289
-0.957592
-0.220052
-0.775055
-0.775055
-0.562005
-0.220052
-0.957592
-0.957592
-0.957592
-0.957592
-0.957592
-0.957592
0.057263
-0.957592
-0.957592
-0.957592
-0.774233
-0.957592
-0.220052
0.508862
-0.957592
-0.957592
-0.774233
-0.957592
-0.957592
-0.957592
-0.215857
-0.957592
-0.957592
0.346072
-0.957592
-0.957592
-0.957592
-0.957592
-0.957592
-0.957592
-0.957592
-0.036693
-0.957592
-0.957592
-0.957592
-0.957592
-0.774233
-0.957592
-0.957592
-0.957592
-0.957592
-0.125275
-0.957592
0.957592
-0.775055
-0.957592
-0.528610
-0.957592
0.957592
-0.957592
-0.574827
-0.957592
-0.957592
-0.186657
-0.957592
-0.957592
-0.957592
-0.957592
-0.957592
0.508862
-0.574827
-0.957592
-0.957592
-0.612265
-0.774233
-0.957592
0.428907
-0.957592
-0.957592
-0.957592
-0.957592
-0.957592
-0.957592
-0.775055
-0.957592
-0.957592
-0.957592
-0.774233
0.775055
-0.016450
-0.957592
-0.957592
0.112453
-0.957592
-0.957592
-0.378646
-0.957592
-0.774233
-0.615640
-0.957592
-0.957592
-0.574827
-0.957592
-0.957592
-0.957592
-0.957592
-0.957592
-0.452850
-0.957592
-0.574827
-0.957592
-0.957592
-0.957592
-0.957592
0.162713
-0.957592
-0.957592
-0.957592
-0.957592
0.162713
-0.957592
-0.957592
-0.957592
-0.574827
-0.775055
-0.957592
-0.957592
-0.957592
-0.957592
-0.957592
-0.957592
-0.957592
-0.957592
-0.957592
-0.562005
-0.957592
-0.957592
-0.957592
-0.957592
-0.794803
-0.957592
-0.957592
-0.957592
-0.957592
-0.615640
-0.957592
-0.957592
-0.957592
-0.562005
-0.957592
-0.574827
-0.957592
-0.037515
-0.957592
0.112453
-0.957592
-0.957592
-0.957592
-0.957592
-0.957592
-0.957592
-0.957592
-0.957592
-0.957592
0.615640
-0.957592
-0.957592
-0.957592
-0.957592
-0.452850
0.957592
-0.957592
-0.774233
0.162713
-0.957592
-0.392289
-0.957592
-0.957592
-0.957592
-0.957592
-0.378646
-0.957592
-0.957592
-0.562005
-0.615640
-0.774233
0.508040
-0.957592
-0.957592
-0.957592
-0.957592
-0.957592
-0.957592
-0.615640
-0.774233
0.220052
-0.957592
-0.957592
-0.775055
-0.615640
-0.957592
-0.957592
-0.794803
-0.957592
-0.957592
-0.957592
-0.691399
-0.957592
-0.957592
-0.957592
-0.957592
-0.392289
-0.957592
-0.775055
-0.957592
-0.957592
-0.562005
-0.957592
0.345251
0.345251
-0.957592
-0.774233
-0.957592
-0.957592
-0.957592
-0.957592
-0.957592
-0.957592
-0.957592
0.794803
-0.957592
-0.615640
-0.957592
-0.349447
-0.957592
-0.957592
0.196108
-0.957592
-0.957592
-0.957592
-0.179239
-0.957592
-0.208930
-0.957592
0.229500
-0.957592
-0.016450
-0.774233
-0.957592
-0.957592
-0.957592
0.794803
-0.957592
-0.957592
-0.574827
-0.562005
-0.957592
-0.775055
-0.957592
-0.957592
-0.957592
0.345251
-0.957592
-0.957592
-0.220052
-0.615640
-0.691399
0.775055
-0.957592
-0.957592
-0.957592
-0.957592
-0.957592
-0.957592
-0.957592
-0.957592
-0.957592
-0.574827
-0.957592
-0.957592
-0.957592
0.003299
-0.957592
-0.957592
-0.957592
-0.957592
-0.957592
-0.957592
-0.957592
-0.957592
-0.432281
-0.957592
-0.957592
-0.957592
-0.957592
-0.957592
-0.957592
-0.775055
-0.957592
-0.957592
-0.957592
-0.057263
0.794803
-0.957592
-0.957592
-0.957592
-0.774233
-0.957592
0.220052
-0.957592
-0.957592
-0.957592
0.162713
-0.957592
-0.957592
-0.957592
-0.220052
-0.957592
-0.957592
0.428907
-0.957592
-0.957592
-0.957592
-0.957592
-0.957592
0.775055
0.775055
-0.774233
-0.957592
-0.691399
-0.957592
-0.957592
-0.957592
-0.957592
-0.957592
-0.774233
-0.957592
-0.775055
-0.691399
-0.957592
-0.957592
-0.508040
-0.957592
-0.957592
-0.957592
-0.957592
-0.957592
-0.562005
-0.957592
-0.957592
-0.957592
-0.057263
-0.957592
-0.957592
0.508040
-0.957592
-0.957592
-0.957592
-0.957592
-0.957592
-0.412037
-0.057263
-0.774233
0.037515
-0.957592
0.591696
-0.957592
-0.392289
-0.957592
-0.957592
-0.957592
-0.957592
-0.957592
-0.957592
-0.774233
-0.957592
-0.957592
-0.957592
-0.574827
0.166088
-0.508040
-0.957592
-0.957592
-0.957592
-0.957592
-0.391468
-0.691399
-0.957592
-0.957592
-0.957592
-0.957592
-0.957592
-0.957592
-0.957592
-0.957592
-0.016450
-0.957592
-0.957592
-0.957592
-0.957592
-0.957592
-0.957592
-0.957592
-0.957592
-0.215857
-0.957592
-0.957592
-0.957592
-0.016450
-0.957592
-0.508040
-0.957592
-0.957592
-0.057263
-0.957592
0.957592
-0.957592
-0.957592
-0.957592
-0.957592
-0.957592
-0.957592
0.345251
-0.957592
-0.957592
-0.957592
-0.957592
-0.611444
-0.957592
-0.957592
-0.957592
-0.957592
-0.957592
-0.957592
-0.957592
0.392289
-0.957592
-0.957592
-0.691399
-0.957592
-0.957592
-0.957592
0.432281
-0.957592
-0.957592
-0.957592
-0.957592
-0.957592
-0.957592
0.775055
-0.957592
-0.957592
-0.957592
-0.957592
-0.957592
-0.957592
-0.957592
-0.957592
-0.957592
0.162713
-0.957592
-0.528610
-0.957592
-0.957592
-0.957592
-0.957592
-0.957592
-0.957592
-0.957592
-0.957592
0.957592
-0.957592
-0.957592
-0.957592
-0.957592
-0.957592
-0.033319
-0.220052
-0.957592
-0.016450
-0.957592
-0.957592
-0.957592
-0.957592
-0.957592
0.208930
-0.957592
-0.957592
-0.957592
-0.957592
-0.957592
-0.957592
-0.957592
-0.957592
-0.957592
-0.957592
-0.229500
-0.957592
-0.957592
-0.957592
-0.957592
-0.957592
-0.957592
-0.775055
-0.957592
-0.957592
-0.957592
-0.957592
-0.957592
-0.957592
-0.957592
-0.562005
-0.957592
-0.957592
-0.562005
-0.957592
-0.957592
-0.957592
0.003299
-0.957592
-0.774233
-0.574827
-0.957592
0.208930
-0.957592
-0.957592
-0.957592
-0.957592
-0.957592
0.345251
-0.775055
-0.957592
-0.957592
-0.957592
-0.957592
-0.774233
-0.957592
-0.957592
-0.957592
-0.220052
-0.957592
-0.957592
-0.126096
-0.957592
-0.957592
-0.957592
-0.957592
-0.615640
-0.957592
-0.957592
-0.957592
0.775055
-0.957592
-0.957592
-0.957592
-0.691399
-0.957592
-0.957592
-0.508862
-0.957592
-0.957592
-0.957592
-0.957592
-0.957592
-0.957592
-0.957592
-0.957592
-0.957592
-0.957592
0.794803
0.794803
0.508862
-0.691399
0.508040
-0.957592
-0.957592
-0.957592
-0.391468
-0.957592
-0.957592
-0.957592
0.162713
-0.957592
-0.957592
0.957592
0.452850
-0.379467
-0.379467
-0.957592
-0.957592
-0.179239
-0.957592
-0.957592
-0.957592
-0.775055
0.229500
-0.957592
-0.957592
-0.957592
-0.691399
-0.957592
-0.528610
0.528610
-0.957592
-0.957592
-0.574827
-0.957592
-0.957592
-0.957592
-0.957592
-0.957592
-0.957592
-0.957592
-0.399215
0.003299
-0.574827
-0.957592
-0.378646
-0.957592
-0.957592
0.794803
-0.957592
-0.957592
-0.957592
-0.957592
-0.957592
-0.528610
-0.433102
-0.957592
-0.957592
-0.957592
-0.957592
-0.574827
-0.775055
-0.378646
-0.957592
-0.179239
-0.392289
-0.957592
-0.957592
-0.957592
-0.957592
-0.957592
-0.615640
-0.957592
-0.957592
-0.957592
-0.957592
-0.957592
-0.957592
0.775055
-0.957592
-0.691399
0.126096
-0.957592
-0.957592
-0.215857
-0.957592
-0.691399
-0.220052
-0.957592
-0.957592
-0.775055
-0.957592
-0.957592
-0.957592
-0.957592
-0.378646
-0.957592
-0.957592
-0.957592
-0.957592
0.775055
0.162713
-0.957592
-0.957592
0.345251
-0.057263
-0.957592
-0.957592
-0.957592
-0.957592
-0.957592
-0.691399
-0.392289
-0.957592
-0.957592
-0.957592
0.452850
0.346072
-0.957592
-0.957592
-0.957592
-0.957592
-0.574827
-0.775055
-0.957592
-0.957592
-0.957592
-0.957592
-0.957592
0.325503
-0.957592
-0.957592
-0.957592
-0.957592
-0.957592
-0.957592
0.615640
-0.957592
-0.774233
-0.957592
-0.957592
-0.957592
-0.957592
-0.957592
-0.957592
-0.562005
-0.957592
-0.957592
-0.957592
-0.957592
-0.957592
-0.957592
-0.774233
-0.957592
-0.957592
-0.957592
0.126096
-0.957592
-0.957592
-0.957592
-0.508040
-0.957592
0.345251
-0.774233
-0.957592
-0.957592
-0.957592
-0.691399
-0.957592
-0.957592
-0.957592
-0.774233
-0.957592
0.162713
-0.562005
-0.126096
-0.957592
0.957592
-0.957592
-0.957592
-0.957592
-0.957592
-0.957592
-0.957592
-0.957592
-0.957592
-0.957592
-0.957592
-0.508862
-0.775055
-0.957592
-0.957592
-0.957592
-0.957592
-0.957592
-0.774233
-0.957592
-0.957592
0.057263
-0.957592
-0.957592
-0.957592
-0.957592
-0.957592
-0.957592
-0.574827
-0.957592
-0.957592
-0.957592
-0.957592
-0.957592
-0.957592
-0.774233
-0.057263
0.508862
-0.957592
-0.957592
-0.957592
-0.957592
-0.957592
-0.957592
-0.957592
-0.036693
-0.957592
-0.957592
-0.957592
-0.775055
-0.957592
-0.957592
0.774233
0.615640
-0.774233
-0.957592
-0.957592
-0.957592
-0.378646
-0.957592
-0.957592
-0.774233
-0.957592
-0.957592
-0.957592
-0.774233
-0.957592
-0.774233
-0.957592
-0.957592
-0.957592
-0.220052
-0.957592
-0.957592
-0.049515
-0.957592
-0.957592
0.186657
-0.957592
-0.957592
-0.957592
-0.774233
-0.957592
-0.957592
-0.957592
-0.957592
-0.957592
-0.957592
-0.957592
-0.957592
-0.957592
-0.957592
-0.957592
-0.775055
-0.957592
-0.957592
-0.957592
-0.957592
-0.957592
-0.957592
-0.774233
-0.428907
-0.957592
-0.957592
-0.957592
0.957592
-0.957592
-0.691399
-0.957592
-0.957592
0.345251
-0.957592
-0.957592
-0.574827
-0.957592
-0.957592
0.126096
0.346072
-0.957592
-0.957592
-0.957592
-0.957592
0.508862
-0.957592
-0.957592
-0.957592
-0.957592
-0.957592
-0.774233
-0.957592
0.774233
-0.957592
-0.957592
-0.957592
-0.957592
0.957592
-0.957592
-0.957592
-0.574827
-0.957592
-0.957592
-0.508040
-0.957592
-0.957592
-0.957592
-0.957592
-0.957592
-0.957592
-0.775055
-0.957592
-0.775055
-0.957592
-0.957592
-0.957592
-0.957592
-0.378646
-0.957592
-0.957592
0.162713
-0.957592
-0.957592
-0.957592
-0.957592
-0.957592
-0.957592
-0.957592
-0.957592
-0.957592
0.392289
-0.508862
-0.957592
-0.957592
-0.378646
-0.957592
0.591696
-0.957592
-0.957592
0.775055
-0.957592
-0.957592
-0.957592
-0.957592
-0.957592
-0.957592
-0.957592
-0.957592
-0.957592
-0.957592
-0.957592
-0.957592
-0.774233
-0.591696
-0.562005
-0.957592
-0.957592
-0.126096
-0.774233
-0.957592
-0.774233
-0.957592
-0.957592
-0.125275
-0.957592
-0.957592
-0.957592
-0.957592
-0.957592
-0.794803
-0.957592
-0.957592
-0.957592
-0.957592
-0.957592
-0.957592
-0.691399
-0.957592
-0.215857
-0.957592
-0.957592
-0.957592
-0.957592
-0.691399
-0.957592
-0.957592
-0.957592
-0.774233
-0.957592
-0.957592
-0.957592
-0.957592
-0.957592
-0.957592
0.037515
-0.957592
-0.957592
0.452850
-0.957592
-0.957592
-0.957592
-0.957592
-0.957592
-0.957592
0.775055
0.345251
-0.378646
-0.957592
-0.957592
-0.957592
0.004120
-0.957592
-0.957592
-0.957592
0.325503
-0.957592
-0.957592
-0.957592
-0.957592
0.957592
-0.957592
-0.957592
-0.957592
-0.957592
-0.957592
0.612265
-0.957592
-0.957592
-0.957592
-0.957592
-0.957592
-0.957592
-0.957592
-0.957592
-0.957592
-0.957592
-0.957592
-0.957592
-0.774233
-0.957592
-0.957592
-0.957592
-0.957592
-0.574827
-0.957592
-0.957592
-0.957592
-0.957592
-0.957592
-0.794803
-0.957592
-0.957592
-0.957592
-0.957592
-0.562005
-0.562005
-0.957592
-0.957592
-0.957592
-0.957592
-0.957592
-0.037515
-0.957592
-0.208930
-0.957592
-0.957592
-0.957592
-0.957592
-0.957592
-0.392289
-0.957592
-0.957592
-0.957592
-0.611444
-0.574827
-0.957592
-0.957592
-0.957592
-0.957592
-0.957592
-0.957592
-0.957592
-0.957592
-0.957592
-0.774233
-0.957592
-0.957592
-0.957592
-0.562005
0.691399
-0.957592
-0.046141
-0.957592
-0.957592
-0.957592
-0.957592
-0.957592
-0.957592
-0.957592
-0.179239
-0.957592
-0.957592
-0.957592
-0.957592
0.528610
-0.957592
0.562005
-0.957592
-0.957592
-0.957592
-0.957592
-0.957592
-0.957592
-0.957592
-0.957592
-0.957592
-0.957592
-0.957592
-0.957592
-0.957592
-0.957592
-0.957592
-0.957592
-0.957592
-0.957592
-0.957592
-0.691399
-0.957592
-0.957592
-0.774233
-0.957592
0.508040
-0.957592
-0.957592
