8312, 68491, 61400, 109254, 73494, 64538
Feature count is 6
Criterion1 result is ObjectIndex = 1389, Distance = -0.1862248663321569975908783915, Value = 0.4613420172857998921161130834
Boundary = -0.1577067559544226971172358018
-0.129189
0.407173
-0.733075
-0.733075
-0.733075
-0.733075
-0.733075
-0.353622
-0.733075
-0.733075
-0.733075
-0.565678
-0.565678
0.408770
-0.733075
-0.565678
-0.733075
-0.576167
-0.733075
-0.259996
-0.733075
-0.733075
-0.733075
-0.733075
-0.733075
-0.733075
-0.733075
-0.733075
-0.733075
-0.576167
-0.733075
-0.733075
-0.733075
-0.251104
-0.733075
0.407173
-0.733075
-0.733075
-0.094196
-0.733075
-0.733075
0.417662
-0.733075
-0.733075
-0.733075
-0.353622
-0.733075
-0.576167
-0.733075
-0.733075
-0.733075
-0.733075
-0.733075
-0.259996
0.092599
-0.733075
0.250265
-0.733075
0.733075
-0.261593
-0.733075
-0.576167
-0.733075
-0.733075
-0.733075
-0.733075
-0.733075
-0.733075
-0.733075
-0.733075
-0.733075
-0.733075
-0.733075
-0.733075
-0.565678
-0.574570
-0.733075
-0.733075
-0.733075
-0.195117
-0.733075
-0.733075
-0.733075
-0.733075
-0.733075
0.285257
-0.574570
-0.733075
-0.195117
-0.733075
-0.353622
-0.733075
-0.733075
-0.733075
-0.259996
-0.733075
-0.733075
-0.733075
-0.565678
-0.733075
-0.733075
-0.733075
-0.574570
0.565678
-0.733075
-0.733075
-0.574570
0.576167
-0.733075
-0.733075
-0.733075
-0.733075
-0.733075
-0.733075
0.286854
-0.259996
-0.286854
-0.733075
-0.186225
-0.733075
-0.733075
-0.733075
-0.733075
-0.733075
-0.733075
-0.733075
-0.251104
-0.733075
-0.733075
-0.574570
-0.733075
-0.418501
-0.733075
-0.733075
-0.064309
-0.733075
-0.251104
-0.733075
-0.733075
0.286854
-0.733075
0.574570
-0.574570
-0.733075
-0.733075
-0.195117
-0.733075
-0.733075
-0.733075
0.259996
-0.733075
-0.576167
-0.733075
-0.733075
-0.733075
-0.733075
-0.733075
-0.733075
-0.733075
-0.733075
-0.733075
-0.443762
0.261593
-0.733075
-0.733075
-0.733075
-0.733075
-0.092599
-0.733075
-0.733075
-0.733075
-0.733075
-0.733075
-0.733075
-0.733075
-0.733075
-0.576167
-0.733075
0.186225
-0.733075
-0.733075
-0.733075
-0.733075
-0.733075
-0.733075
-0.733075
0.027719
-0.733075
-0.196714
-0.733075
-0.733075
-0.733075
-0.733075
-0.733075
-0.251104
-0.733075
-0.733075
-0.733075
0.092599
-0.733075
-0.733075
-0.733075
-0.565678
-0.733075
-0.733075
-0.733075
-0.733075
-0.733075
-0.733075
-0.733075
-0.733075
-0.733075
-0.733075
-0.261593
-0.418501
-0.064309
-0.733075
-0.733075
-0.733075
-0.733075
-0.733075
-0.733075
0.576167
-0.574570
-0.129189
-0.565678
-0.733075
-0.733075
-0.733075
0.027719
-0.733075
-0.733075
-0.733075
0.128349
-0.733075
-0.733075
-0.733075
-0.733075
-0.129189
0.285257
-0.196714
-0.286854
-0.733075
-0.353622
-0.733075
-0.733075
-0.733075
-0.733075
-0.733075
-0.733075
-0.353622
0.103088
-0.733075
-0.443762
-0.733075
-0.733075
-0.733075
0.408770
-0.733075
-0.733075
-0.251104
-0.733075
-0.733075
-0.733075
-0.733075
-0.733075
-0.733075
0.576167
-0.443762
-0.733075
0.092599
-0.733075
-0.733075
-0.733075
-0.733075
-0.733075
0.094196
-0.565678
-0.733075
-0.733075
-0.733075
-0.733075
-0.733075
-0.733075
-0.186225
-0.733075
-0.733075
-0.574570
-0.353622
-0.733075
-0.733075
-0.733075
-0.733075
-0.733075
-0.064309
-0.733075
-0.733075
-0.576167
-0.733075
-0.733075
-0.733075
-0.574570
-0.733075
-0.733075
-0.733075
-0.733075
-0.733075
-0.733075
-0.733075
-0.733075
-0.443762
-0.733075
-0.250265
-0.733075
-0.353622
-0.574570
0.276365
-0.064309
-0.196714
-0.733075
-0.733075
-0.733075
-0.103088
-0.733075
-0.251104
-0.733075
-0.733075
-0.733075
-0.733075
-0.733075
-0.733075
-0.733075
-0.733075
-0.733075
-0.733075
0.407173
-0.733075
-0.733075
-0.733075
-0.733075
0.574570
-0.565678
-0.733075
-0.733075
-0.407173
-0.733075
-0.733075
-0.733075
-0.733075
-0.733075
-0.733075
-0.733075
-0.576167
-0.733075
-0.733075
-0.565678
-0.574570
-0.733075
-0.286854
-0.733075
-0.733075
-0.733075
-0.733075
-0.733075
-0.576167
-0.196714
-0.733075
-0.733075
-0.733075
-0.418501
-0.733075
-0.733075
-0.733075
-0.733075
-0.733075
-0.733075
-0.733075
-0.574570
-0.251104
-0.733075
-0.733075
-0.733075
0.251104
-0.733075
-0.733075
-0.565678
-0.733075
-0.733075
-0.733075
0.408770
-0.733075
-0.733075
-0.733075
-0.733075
-0.733075
-0.733075
-0.733075
-0.733075
-0.733075
0.408770
-0.733075
-0.733075
-0.733075
-0.407173
-0.733075
-0.733075
-0.733075
-0.733075
-0.733075
-0.353622
-0.733075
-0.733075
-0.565678
-0.733075
0.250265
-0.733075
0.251104
-0.353622
-0.733075
-0.195117
-0.092599
-0.733075
-0.733075
-0.733075
-0.733075
-0.733075
-0.733075
-0.565678
-0.733075
-0.733075
-0.733075
-0.733075
-0.733075
-0.733075
-0.733075
-0.733075
-0.733075
-0.733075
0.576167
-0.733075
-0.565678
-0.733075
-0.733075
-0.733075
-0.733075
-0.195117
-0.733075
-0.733075
-0.443762
-0.733075
-0.064309
-0.733075
-0.733075
-0.733075
-0.733075
-0.196714
0.119457
-0.733075
-0.186225
-0.353622
-0.733075
-0.733075
0.186225
-0.733075
-0.418501
-0.733075
-0.733075
-0.733075
-0.733075
-0.733075
-0.733075
-0.733075
-0.733075
-0.733075
-0.353622
-0.733075
-0.733075
-0.733075
-0.733075
-0.574570
0.576167
-0.733075
-0.733075
-0.353622
-0.565678
-0.733075
-0.733075
-0.733075
-0.733075
-0.733075
-0.733075
-0.576167
-0.733075
-0.733075
-0.733075
0.250265
-0.195117
0.574570
-0.733075
-0.733075
-0.733075
-0.733075
-0.733075
-0.733075
-0.733075
-0.733075
-0.733075
-0.733075
-0.733075
0.128349
0.576167
-0.733075
-0.733075
-0.251104
-0.733075
0.733075
-0.733075
-0.443762
-0.443762
-0.733075
-0.733075
-0.353622
-0.733075
-0.733075
-0.733075
-0.733075
-0.733075
-0.733075
-0.733075
-0.733075
-0.733075
0.092599
-0.733075
-0.733075
-0.733075
-0.733075
-0.733075
-0.565678
-0.733075
-0.733075
-0.733075
-0.574570
-0.733075
-0.039048
-0.733075
-0.733075
0.186225
-0.733075
-0.259996
-0.733075
-0.733075
0.407173
-0.259996
0.285257
-0.353622
-0.733075
-0.733075
-0.733075
-0.733075
0.733075
-0.733075
-0.733075
0.408770
-0.443762
-0.733075
-0.733075
0.417662
-0.129189
-0.733075
-0.733075
-0.733075
-0.733075
-0.733075
-0.733075
-0.733075
-0.418501
-0.733075
-0.733075
-0.733075
-0.574570
0.574570
-0.733075
-0.733075
-0.733075
-0.733075
-0.353622
-0.733075
0.259996
-0.733075
-0.064309
-0.733075
-0.733075
-0.733075
0.092599
0.261593
-0.733075
-0.733075
-0.733075
-0.251104
-0.733075
0.092599
-0.733075
-0.733075
-0.733075
0.128349
-0.733075
-0.733075
-0.733075
0.407173
-0.733075
-0.733075
-0.733075
-0.733075
-0.251104
-0.733075
-0.733075
-0.733075
-0.733075
-0.733075
-0.733075
-0.733075
-0.733075
-0.733075
0.092599
-0.733075
-0.733075
-0.259996
-0.259996
-0.286854
-0.733075
-0.733075
-0.733075
-0.733075
-0.576167
-0.733075
0.094196
-0.733075
-0.733075
-0.353622
-0.733075
-0.733075
-0.733075
-0.733075
-0.733075
0.733075
-0.195117
-0.733075
-0.733075
-0.733075
-0.733075
-0.733075
0.029317
-0.186225
-0.733075
-0.733075
-0.733075
-0.733075
-0.733075
-0.733075
-0.733075
-0.733075
-0.733075
-0.733075
-0.733075
-0.733075
-0.733075
-0.733075
-0.733075
-0.733075
-0.733075
-0.733075
-0.733075
-0.733075
0.196714
-0.576167
-0.733075
0.565678
-0.733075
-0.565678
0.565678
-0.733075
-0.733075
-0.733075
-0.733075
-0.733075
-0.733075
-0.733075
0.092599
-0.733075
-0.733075
-0.733075
-0.733075
-0.733075
-0.733075
-0.251104
-0.733075
-0.733075
-0.733075
-0.733075
-0.733075
-0.251104
-0.733075
-0.733075
-0.733075
-0.733075
-0.733075
0.407173
-0.733075
-0.733075
-0.565678
-0.733075
-0.733075
-0.565678
-0.733075
-0.733075
-0.733075
-0.733075
-0.733075
-0.733075
-0.733075
-0.733075
0.092599
-0.733075
-0.733075
-0.574570
-0.733075
-0.733075
-0.039048
-0.733075
-0.565678
-0.733075
-0.733075
-0.733075
-0.565678
-0.733075
-0.733075
-0.733075
-0.733075
-0.733075
-0.733075
-0.733075
-0.733075
-0.733075
0.733075
-0.443762
-0.733075
-0.565678
-0.733075
-0.733075
-0.353622
-0.733075
-0.733075
0.251104
-0.733075
-0.733075
-0.733075
-0.443762
-0.733075
-0.733075
-0.733075
0.407173
-0.733075
-0.733075
-0.565678
-0.733075
-0.733075
-0.733075
-0.733075
-0.259996
-0.733075
-0.733075
-0.733075
-0.565678
0.574570
-0.733075
0.029317
-0.733075
-0.733075
-0.064309
-0.733075
0.276365
-0.733075
-0.733075
-0.733075
-0.733075
-0.733075
0.103088
-0.733075
-0.733075
-0.353622
-0.733075
-0.574570
-0.733075
0.092599
-0.574570
-0.353622
-0.733075
-0.443762
-0.733075
-0.733075
-0.733075
-0.733075
-0.733075
-0.733075
0.576167
-0.733075
-0.733075
-0.733075
-0.443762
-0.733075
-0.443762
0.417662
-0.039048
-0.733075
-0.196714
-0.574570
-0.733075
-0.733075
-0.196714
-0.733075
-0.733075
-0.129189
-0.733075
-0.733075
-0.733075
-0.733075
-0.733075
-0.733075
-0.733075
0.092599
-0.733075
-0.733075
-0.733075
-0.733075
-0.733075
-0.733075
-0.733075
-0.733075
-0.733075
0.576167
-0.733075
0.576167
-0.574570
-0.733075
-0.186225
-0.733075
0.407173
-0.733075
-0.574570
-0.733075
-0.733075
-0.064309
-0.733075
-0.733075
-0.733075
-0.733075
-0.733075
0.092599
-0.418501
-0.733075
-0.733075
0.128349
-0.353622
-0.733075
0.251104
-0.733075
-0.733075
-0.733075
-0.733075
-0.733075
-0.733075
-0.733075
-0.733075
-0.733075
-0.733075
-0.733075
0.276365
0.417662
-0.733075
-0.733075
-0.195117
-0.733075
-0.733075
-0.196714
-0.733075
-0.733075
0.092599
-0.733075
-0.353622
-0.733075
-0.443762
-0.733075
-0.733075
-0.733075
-0.733075
-0.353622
0.119457
-0.733075
-0.733075
-0.576167
-0.733075
-0.259996
0.574570
-0.733075
-0.733075
-0.733075
-0.733075
-0.039048
-0.733075
-0.733075
-0.733075
-0.565678
-0.565678
-0.733075
-0.733075
-0.733075
-0.733075
-0.574570
-0.733075
-0.733075
-0.733075
-0.733075
0.094196
-0.733075
-0.733075
-0.733075
-0.733075
-0.353622
-0.733075
-0.733075
-0.733075
-0.733075
-0.574570
-0.733075
-0.733075
-0.733075
-0.576167
-0.733075
-0.259996
-0.733075
-0.574570
-0.733075
-0.027719
-0.195117
-0.733075
-0.733075
-0.733075
-0.733075
-0.733075
-0.733075
-0.733075
-0.574570
0.733075
-0.733075
-0.733075
-0.733075
-0.733075
-0.186225
0.576167
-0.733075
-0.733075
0.565678
-0.733075
-0.094196
-0.733075
-0.733075
-0.733075
-0.733075
-0.576167
-0.733075
-0.733075
-0.733075
0.250265
-0.064309
-0.195117
-0.733075
-0.733075
-0.733075
-0.353622
-0.733075
-0.733075
-0.733075
0.092599
0.417662
-0.733075
-0.733075
-0.407173
0.092599
-0.733075
-0.733075
-0.353622
-0.733075
-0.733075
-0.733075
-0.565678
-0.733075
-0.733075
-0.733075
-0.733075
0.250265
-0.733075
-0.733075
-0.733075
-0.733075
-0.443762
-0.733075
-0.574570
0.407173
-0.733075
-0.733075
-0.733075
-0.733075
-0.733075
-0.733075
-0.733075
-0.733075
-0.733075
0.574570
-0.733075
-0.565678
-0.733075
-0.574570
-0.733075
-0.733075
0.408770
-0.733075
-0.733075
-0.733075
-0.733075
-0.576167
0.733075
-0.574570
-0.353622
-0.576167
-0.039048
-0.443762
-0.733075
-0.733075
-0.733075
0.195117
-0.064309
-0.733075
-0.574570
-0.576167
-0.733075
-0.259996
-0.733075
-0.733075
-0.733075
0.733075
-0.733075
-0.733075
-0.039048
-0.733075
-0.565678
0.576167
-0.733075
-0.733075
-0.733075
-0.733075
-0.733075
-0.733075
-0.733075
-0.733075
-0.733075
-0.733075
-0.733075
-0.733075
-0.733075
0.565678
-0.733075
-0.733075
-0.733075
-0.733075
-0.733075
-0.733075
-0.733075
-0.733075
-0.196714
-0.733075
-0.733075
-0.733075
-0.733075
-0.733075
-0.733075
-0.733075
-0.565678
-0.733075
-0.733075
-0.353622
0.733075
-0.733075
-0.733075
-0.733075
-0.286854
-0.733075
0.733075
-0.733075
-0.733075
-0.733075
0.574570
-0.733075
-0.733075
-0.733075
0.094196
-0.733075
-0.733075
-0.186225
-0.733075
-0.733075
-0.733075
-0.733075
-0.733075
0.565678
0.733075
-0.733075
-0.733075
-0.574570
-0.733075
-0.733075
-0.733075
-0.353622
-0.733075
-0.733075
-0.733075
-0.407173
-0.251104
-0.733075
-0.733075
-0.094196
-0.733075
-0.733075
-0.733075
-0.733075
-0.574570
-0.733075
-0.733075
-0.733075
-0.733075
-0.353622
-0.733075
-0.733075
0.119457
-0.733075
-0.733075
-0.733075
-0.733075
-0.733075
-0.029317
0.119457
-0.196714
0.408770
-0.733075
-0.186225
-0.733075
-0.129189
-0.733075
-0.733075
-0.733075
-0.733075
-0.733075
-0.733075
-0.733075
-0.733075
-0.733075
-0.733075
-0.733075
-0.195117
-0.276365
-0.733075
-0.733075
-0.733075
-0.733075
0.251104
-0.186225
-0.733075
-0.565678
-0.733075
-0.733075
-0.733075
-0.733075
-0.733075
-0.733075
0.119457
-0.286854
-0.733075
-0.565678
-0.733075
-0.733075
-0.733075
-0.733075
-0.733075
-0.064309
-0.733075
-0.733075
-0.733075
0.094196
-0.733075
-0.418501
-0.733075
-0.733075
0.408770
-0.733075
0.733075
-0.733075
-0.733075
-0.259996
-0.186225
-0.574570
-0.733075
0.565678
-0.565678
-0.733075
-0.733075
-0.443762
-0.353622
-0.733075
-0.733075
-0.733075
-0.733075
-0.733075
-0.733075
-0.353622
-0.186225
-0.733075
-0.733075
-0.565678
-0.733075
-0.733075
-0.064309
0.576167
-0.733075
-0.733075
-0.733075
-0.733075
-0.733075
-0.733075
0.250265
-0.733075
-0.733075
-0.733075
-0.733075
-0.733075
-0.733075
-0.733075
-0.576167
-0.733075
0.407173
-0.733075
-0.186225
-0.733075
-0.733075
-0.733075
-0.733075
-0.733075
-0.733075
-0.733075
-0.574570
0.286854
-0.733075
-0.733075
-0.733075
-0.733075
-0.733075
0.407173
-0.259996
-0.276365
-0.353622
-0.733075
-0.418501
-0.733075
-0.733075
-0.733075
0.574570
-0.733075
-0.733075
-0.565678
-0.565678
-0.733075
-0.733075
-0.733075
-0.733075
-0.565678
-0.733075
-0.039048
-0.195117
-0.733075
-0.733075
-0.733075
-0.733075
-0.733075
-0.565678
-0.733075
-0.733075
-0.733075
-0.733075
-0.733075
-0.733075
-0.733075
-0.443762
-0.733075
-0.733075
-0.574570
-0.733075
-0.733075
-0.733075
-0.129189
-0.733075
-0.353622
-0.259996
-0.733075
0.250265
-0.733075
-0.733075
-0.733075
-0.733075
-0.733075
0.565678
0.128349
-0.733075
-0.733075
-0.733075
-0.733075
-0.733075
-0.418501
-0.733075
-0.733075
-0.285257
-0.733075
-0.733075
0.565678
-0.565678
-0.733075
-0.733075
-0.733075
-0.196714
-0.733075
-0.733075
-0.565678
0.408770
-0.733075
-0.733075
-0.733075
-0.733075
-0.733075
-0.733075
-0.259996
-0.733075
-0.733075
-0.733075
-0.733075
-0.733075
-0.733075
-0.733075
-0.733075
-0.733075
-0.733075
0.027719
0.574570
0.251104
0.128349
0.565678
-0.733075
-0.733075
-0.733075
-0.733075
-0.733075
-0.733075
-0.733075
-0.574570
-0.733075
-0.733075
0.417662
0.576167
-0.733075
-0.353622
-0.733075
-0.733075
-0.259996
-0.733075
-0.574570
-0.353622
-0.195117
0.094196
-0.733075
-0.733075
-0.733075
-0.733075
-0.733075
-0.186225
-0.285257
-0.733075
-0.733075
-0.574570
-0.733075
-0.733075
-0.733075
-0.733075
-0.733075
-0.574570
-0.733075
-0.353622
-0.129189
-0.259996
-0.733075
-0.733075
-0.574570
-0.733075
0.733075
-0.733075
-0.733075
-0.733075
-0.733075
-0.733075
0.094196
-0.418501
-0.733075
-0.733075
-0.733075
-0.733075
0.250265
-0.574570
-0.196714
-0.733075
-0.353622
-0.259996
-0.733075
-0.733075
-0.733075
-0.733075
-0.733075
-0.733075
-0.733075
-0.733075
-0.733075
-0.733075
-0.733075
-0.733075
0.408770
-0.733075
-0.408770
0.092599
-0.733075
0.092599
-0.353622
-0.195117
-0.565678
-0.261593
-0.733075
-0.733075
-0.733075
-0.733075
-0.733075
-0.733075
-0.733075
-0.196714
-0.733075
-0.286854
-0.574570
-0.574570
0.574570
0.094196
-0.353622
-0.733075
0.117860
0.128349
0.038209
-0.733075
-0.733075
-0.733075
-0.733075
-0.195117
-0.195117
-0.733075
-0.733075
-0.733075
0.417662
0.092599
-0.733075
-0.733075
-0.733075
-0.733075
-0.574570
-0.574570
-0.733075
-0.733075
-0.733075
-0.565678
-0.733075
-0.353622
-0.733075
-0.733075
-0.733075
-0.733075
-0.733075
-0.733075
0.576167
-0.733075
-0.353622
-0.733075
-0.733075
-0.733075
-0.733075
-0.733075
-0.733075
-0.443762
-0.733075
-0.565678
-0.733075
-0.733075
-0.733075
-0.733075
-0.064309
-0.733075
-0.733075
-0.733075
-0.353622
-0.733075
-0.733075
-0.733075
-0.261593
-0.733075
-0.443762
-0.733075
-0.733075
-0.733075
-0.733075
-0.565678
-0.733075
-0.733075
-0.733075
-0.196714
-0.733075
-0.733075
-0.733075
-0.251104
-0.733075
0.565678
-0.733075
-0.733075
-0.733075
-0.733075
-0.733075
-0.733075
-0.733075
-0.574570
-0.733075
-0.733075
0.408770
-0.733075
-0.733075
-0.733075
-0.733075
-0.733075
-0.733075
-0.733075
-0.733075
-0.733075
0.353622
-0.733075
-0.733075
-0.733075
-0.733075
-0.251104
0.128349
-0.733075
-0.733075
-0.733075
-0.733075
-0.733075
-0.733075
-0.733075
-0.353622
0.119457
0.276365
-0.733075
-0.733075
-0.733075
-0.733075
-0.733075
-0.733075
-0.733075
-0.353622
-0.733075
-0.565678
-0.733075
0.119457
-0.733075
-0.733075
0.286854
0.565678
-0.286854
-0.733075
-0.733075
-0.574570
-0.576167
-0.733075
-0.733075
-0.733075
-0.733075
-0.733075
-0.733075
-0.733075
-0.733075
-0.733075
-0.733075
-0.733075
-0.733075
0.092599
-0.733075
-0.733075
0.251104
-0.733075
-0.733075
0.408770
-0.733075
-0.733075
-0.733075
-0.565678
-0.733075
-0.733075
-0.733075
-0.733075
-0.733075
-0.418501
-0.733075
-0.733075
-0.733075
-0.733075
-0.733075
-0.574570
-0.733075
-0.733075
-0.733075
-0.733075
-0.733075
-0.733075
-0.733075
0.119457
-0.733075
-0.733075
-0.733075
0.574570
-0.733075
-0.565678
-0.733075
-0.733075
-0.195117
-0.733075
-0.733075
-0.285257
-0.733075
-0.733075
-0.196714
0.250265
-0.733075
-0.733075
-0.565678
-0.443762
0.565678
-0.733075
-0.565678
-0.733075
-0.733075
-0.574570
-0.733075
-0.196714
0.408770
-0.733075
-0.733075
-0.733075
-0.733075
0.576167
-0.733075
-0.733075
-0.574570
-0.733075
-0.733075
-0.565678
-0.733075
-0.733075
-0.733075
-0.733075
-0.733075
-0.733075
-0.574570
-0.733075
-0.195117
-0.733075
-0.733075
-0.251104
-0.733075
0.117860
-0.733075
-0.733075
-0.733075
-0.733075
-0.733075
-0.733075
-0.733075
-0.733075
-0.733075
-0.733075
-0.733075
-0.733075
0.103088
-0.251104
-0.733075
-0.733075
-0.733075
-0.733075
0.276365
-0.733075
-0.733075
0.576167
-0.733075
-0.733075
-0.733075
-0.733075
-0.733075
-0.733075
-0.733075
-0.733075
-0.733075
-0.733075
-0.733075
-0.733075
-0.353622
-0.418501
-0.733075
-0.733075
-0.733075
-0.092599
-0.443762
-0.733075
-0.733075
-0.733075
-0.733075
-0.092599
-0.733075
-0.733075
-0.733075
-0.733075
-0.733075
-0.195117
-0.733075
-0.733075
-0.733075
-0.733075
-0.565678
-0.733075
-0.565678
-0.733075
-0.353622
-0.733075
-0.733075
-0.733075
-0.733075
-0.565678
-0.565678
-0.733075
-0.733075
-0.443762
-0.733075
-0.733075
-0.733075
-0.733075
-0.733075
-0.733075
0.576167
-0.733075
-0.733075
0.064309
-0.733075
-0.733075
-0.733075
-0.733075
-0.733075
-0.733075
0.574570
-0.733075
-0.353622
-0.733075
-0.733075
-0.733075
-0.117860
-0.733075
-0.733075
-0.733075
-0.353622
-0.733075
-0.733075
-0.733075
-0.733075
0.733075
-0.733075
-0.574570
-0.733075
-0.733075
-0.733075
0.576167
-0.733075
-0.353622
-0.733075
-0.565678
-0.733075
-0.733075
-0.733075
-0.733075
-0.733075
-0.733075
-0.733075
-0.733075
-0.733075
-0.733075
-0.733075
-0.733075
-0.733075
0.094196
-0.733075
-0.733075
-0.733075
-0.733075
-0.733075
-0.353622
-0.733075
-0.733075
-0.733075
-0.733075
-0.353622
-0.443762
-0.733075
-0.733075
-0.733075
-0.733075
-0.733075
-0.129189
-0.733075
0.565678
-0.576167
-0.733075
-0.733075
-0.733075
-0.733075
-0.418501
-0.733075
-0.733075
-0.733075
-0.196714
-0.039048
-0.733075
-0.733075
-0.733075
-0.733075
-0.733075
-0.733075
-0.733075
-0.733075
-0.733075
-0.733075
-0.733075
-0.733075
-0.733075
-0.418501
-0.064309
-0.733075
0.276365
-0.565678
-0.733075
-0.733075
-0.733075
-0.733075
-0.733075
-0.733075
-0.195117
-0.733075
-0.565678
-0.733075
-0.251104
0.733075
-0.733075
0.574570
-0.733075
-0.733075
-0.733075
-0.733075
-0.733075
-0.733075
-0.733075
-0.733075
-0.733075
-0.733075
-0.733075
-0.733075
-0.733075
-0.733075
-0.733075
-0.733075
-0.733075
-0.565678
-0.733075
-0.027719
-0.733075
-0.733075
-0.733075
-0.565678
0.418501
-0.733075
-0.733075
