36993, 10799, 9250, 37133, 10909, 25304, 17137, 16924, 36750, 10816, 25041, 35561, 31987, 28427, 10801, 88155, 79744, 13687, 25498, 97646, 26238, 28678, 25147, 10793, 9492, 38193, 37028, 32391, 69738, 90356, 79265, 36630, 18388, 37128, 37350, 31451, 80853, 10953, 25067, 16504, 13091, 58308, 11967, 14424, 3323, 38879, 80625, 90351, 69668, 38496, 123854, 17092, 1834, 28619, 79947, 32536, 131411, 80423, 10820, 28549, 25306, 71977, 35299, 35548, 79504, 35381, 35552, 25309, 17498, 13224, 24952, 62519, 86166, 35705, 35209, 39148, 25511, 123894, 36955, 35295, 13948, 24460, 38196, 77593, 38845, 85927, 38858, 25182, 10778, 17955, 92136, 93529, 31543, 37329, 35308, 35270, 89430, 39152, 80833, 32373, 38214, 57826, 9212, 21128, 10621, 37097, 37058, 129295, 90321, 96215, 16533, 91621, 49770, 39678, 18365, 18285, 96001, 80909, 95892, 69505, 79488, 31799, 25476, 9405, 91718, 38679, 92003, 100040, 38437, 36877, 28618, 22122, 24250, 92025, 115680, 35701, 10455, 36838, 54828, 17400, 26201, 10789, 9384, 90336, 37192, 10942, 20736, 58883, 35326, 79955, 35183, 10117, 38953, 58580, 39002, 10543, 12907, 25213, 13105, 25282, 13560
Feature count is 161
Criterion1 result is ObjectIndex = 389, Distance = -19.736069913431860002681757863, Value = 0.7267931956257586485583309600
Boundary = -19.727169866243777561717513733
-20.925648
-20.162202
-20.925648
-20.925648
-20.925648
-20.925648
-20.925648
-20.925648
-20.925648
-20.925648
-20.925648
-20.925648
-20.925648
-18.051541
-20.925648
-20.925648
-20.925648
-20.925648
-20.925648
-19.676078
-20.925648
-20.925648
-20.925648
-20.925648
-20.925648
-20.925648
-20.925648
-20.925648
-20.925648
-20.686752
-20.925648
-20.925648
-20.925648
-20.925648
-20.925648
-19.747860
-20.925648
-20.925648
-20.525607
-20.925648
-20.925648
-20.925648
-20.925648
-20.925648
-20.925648
-20.925648
-20.925648
-20.925648
-20.925648
-20.925648
-20.925648
-20.925648
-20.925648
-20.925648
-20.925648
-20.925648
-18.005729
-20.925648
-11.580886
-20.400102
-20.925648
-20.686752
-20.925648
-20.925648
-20.925648
-20.925648
-20.925648
-20.925648
-20.925648
-20.925648
-20.925648
-20.925648
-20.925648
-20.925648
-20.925648
-20.288213
-20.925648
-20.925648
-20.925648
-20.925648
-20.925648
-20.925648
-20.925648
-20.925648
-20.925648
16.483169
-19.810466
-20.925648
-20.925648
-20.925648
-20.925648
-20.925648
-20.925648
-20.925648
-20.925648
-20.925648
-20.925648
-20.925648
-20.925648
-20.925648
-20.925648
-20.925648
-15.843811
-20.925648
-20.925648
-20.925648
-20.462322
-16.697838
-20.925648
-20.925648
-20.036682
-20.925648
-20.925648
-20.925648
-20.925648
-20.925648
-20.925648
-20.925648
-20.925648
-20.925648
-20.925648
-20.925648
-19.273897
-20.925648
-20.925648
-19.216369
-20.925648
-20.925648
-20.925648
-20.925648
-20.925648
-20.925648
-20.925648
-20.925648
-20.739397
-20.925648
-5.118984
-20.925648
-20.925648
-20.925648
-20.925648
-15.592227
-20.925648
-20.925648
-20.925648
-20.433446
-20.925648
-20.925648
-20.524792
-20.925648
-20.925648
-20.925648
-20.925648
-20.925648
-20.925648
-20.925648
-20.925648
-20.925648
-20.351720
-20.925648
-20.925648
-20.572380
-20.739804
-20.925648
-20.925648
-20.925648
-20.925648
-19.706528
-20.925648
-20.925648
-20.925648
-20.925648
-20.925648
-20.925648
-20.925648
-20.925648
-20.925648
-20.925648
-18.924372
-20.925648
-20.925648
-20.925648
-20.925648
-20.925648
-20.925648
-20.925648
-20.925648
-20.925648
-20.925648
-20.925648
-20.925648
-20.925648
-20.925648
-20.925648
-17.449537
-20.925648
-20.925648
-20.925648
-20.925648
-20.925648
-20.925648
-20.925648
-20.925648
-20.925648
-20.925648
-20.925648
-20.925648
-20.925648
-20.925648
-20.925648
-20.925648
-20.925648
-20.925648
-20.925648
-20.925648
-20.925648
-20.925648
-20.925648
-20.925648
-20.925648
-20.925648
-20.925648
-19.989063
-20.925648
-20.925648
-20.925648
-20.925648
-20.925648
-20.925648
-18.686354
-20.925648
-20.925648
-20.925648
-20.925648
-20.925648
-20.925648
-20.925648
-20.925648
-19.524499
-19.282602
-20.925648
-20.740619
-20.925648
-20.925648
-20.925648
-20.925648
-20.925648
-20.925648
-20.925648
-20.925648
-20.925648
-13.997736
-20.925648
-20.925648
-20.925648
-20.925648
-20.925648
-14.354751
-20.925648
-20.925648
-20.925648
-20.925648
-20.925648
-20.925648
-20.925648
-20.925648
-20.925648
-19.718270
-20.925648
-20.925648
-17.097541
-20.925648
-20.925648
-20.925648
-20.925648
-20.925648
-19.695828
-20.925648
-20.925648
-20.925648
-20.925648
-20.925648
-20.925648
-20.925648
-20.925648
-20.925648
-20.925648
-20.925648
-20.925648
-20.925648
-20.925648
-20.925648
-20.925648
-20.925648
5.404320
-20.925648
-20.925648
-20.925648
-20.925648
-20.925648
-20.925648
-20.925648
-20.925648
-20.925648
-20.925648
-20.925648
-20.925648
-20.925648
-20.925648
-20.925648
-20.440383
-20.925648
-20.925648
-20.925648
-20.925648
-20.925648
-8.305897
-9.074857
-20.925648
-20.925648
-20.925648
-20.925648
-20.925648
-20.925648
-20.925648
-20.925648
-20.925648
-20.925648
-20.925648
-20.925648
-20.925648
-20.925648
-20.925648
-20.925648
-20.925648
-19.916907
-20.925648
-20.925648
-20.925648
-20.925648
-13.677703
-20.925648
-20.925648
-20.925648
-20.925648
-20.925648
-20.925648
-20.925648
-20.925648
-20.925648
-20.925648
-20.925648
-20.925648
-20.925648
-20.925648
-20.925648
-20.738581
-20.925648
-20.925648
-20.925648
-20.925648
-20.925648
-20.925648
-20.925648
-20.925648
-20.925648
-20.494102
-20.925648
-20.925648
-20.925648
-20.925648
-20.925648
-20.925648
-20.925648
-20.925648
-20.925648
-20.925648
-20.925648
-5.402537
-20.925648
-20.925648
-20.925648
-20.294198
-20.925648
-20.925648
-20.925648
-20.925648
-20.925648
-20.925648
-19.736070
-20.925648
-20.925648
-20.925648
-20.925648
-20.925648
-20.925648
-20.925648
-20.925648
-20.925648
-20.207255
-20.925648
-20.925648
-20.925648
-20.925648
-20.925648
-20.925648
-20.925648
-20.925648
-20.925648
-9.029501
-20.925648
-20.925648
-20.925648
-20.925648
-20.925648
-20.925648
-19.926774
-20.710103
-20.925648
-20.925648
-20.925648
-20.925648
-20.925648
-20.925648
-20.925648
-20.925648
-20.925648
-20.925648
-20.925648
-20.925648
-20.925648
-20.925648
-20.925648
-20.925648
-20.925648
-20.925648
-20.925648
-20.925648
-2.262835
-16.250919
-20.925648
-20.925648
-20.925648
-20.925648
-20.925648
-14.917836
-20.925648
8.487200
-20.925648
-20.925648
-20.925648
-20.925648
-20.925648
-20.925648
-20.925648
-20.925648
-19.626249
-20.925648
-20.925648
-10.284145
-20.925648
-20.925648
-20.925648
-20.925648
-16.109210
-20.925648
-20.925648
-20.925648
-20.925648
-20.925648
-20.925648
-20.925648
-20.925648
-20.925648
-20.925648
-20.925648
-20.925648
-20.925648
-20.925648
-16.463694
-19.827811
-20.925648
-20.925648
-20.925648
-20.925648
-20.925648
-20.350842
-20.925648
-20.537971
-20.925648
-20.925648
-20.925648
-20.925648
-20.925648
-20.925648
-19.976358
-18.616849
-16.378428
-20.925648
-20.925648
-20.925648
-20.925648
-20.925648
-20.925648
-20.925648
-20.925648
-20.925648
-20.925648
-20.925648
-19.150941
-16.525334
-20.925648
-20.925648
-20.925648
-20.925648
-18.556482
-20.925648
-20.925648
-20.925648
-20.925648
-20.925648
-20.925648
-20.741025
-20.925648
-20.925648
-20.925648
-20.925648
-20.925648
-20.925648
-20.925648
-20.925648
-20.925648
-20.925648
-20.925648
-20.925648
-20.925648
-20.925648
-20.925648
-20.925648
-20.925648
-20.925648
-20.925648
-20.925648
-20.925648
-20.925648
-20.925648
-18.743898
-20.925648
-20.925648
-20.925648
-20.925648
-20.686752
-14.662157
-20.647759
-20.925648
-20.925648
-20.925648
-20.925648
-20.925648
-19.461701
-20.925648
-20.925648
-20.162202
-20.925648
-20.925648
-20.925648
-19.512421
13.957240
-20.925648
-20.925648
-20.925648
-20.925648
-20.925648
-20.925648
-20.925648
-9.791362
-20.925648
-20.925648
-20.925648
-20.925648
-3.958696
-20.925648
-20.925648
-20.925648
-20.925648
-20.285897
-20.925648
-19.463472
-20.925648
-6.713593
-20.925648
-20.925648
-20.925648
-20.686752
-20.925648
-20.925648
-19.651132
-20.925648
-20.925648
-20.925648
-20.925648
-20.925648
-20.925648
-20.925648
-20.925648
-20.925648
-20.925648
-20.925648
-20.739397
-20.925648
-20.925648
-20.925648
-20.925648
-20.925648
-20.925648
0.900826
-20.925648
-20.925648
-20.925648
-20.925648
-20.925648
-20.925648
-20.925648
-20.925648
-20.925648
-20.925648
-19.771985
-17.900311
-20.925648
-20.925648
-20.925648
-20.925648
-20.925648
-20.925648
-20.925648
-20.925648
-20.537971
-20.925648
-20.925648
-20.925648
-20.925648
-20.925648
-20.925648
-20.925648
-11.633216
-20.925648
-20.925648
-20.925648
-20.925648
-20.925648
-20.925648
-15.140018
-20.925648
-20.925648
-20.925648
-20.925648
-20.925648
-20.925648
-20.925648
-20.925648
-20.925648
-20.925648
-20.925648
-20.925648
-20.925648
-20.925648
-20.925648
-20.925648
-20.925648
-20.925648
-20.925648
-20.925648
-20.925648
-20.925648
-20.925648
-20.925648
-6.619785
-20.925648
-20.925648
-20.925648
-20.925648
-20.925648
-20.925648
-20.925648
-20.925648
-20.925648
-20.925648
-20.925648
-20.925648
-20.925648
-20.925648
-20.925648
-20.925648
-20.925648
-20.925648
-20.925648
-20.925648
-20.925648
-20.925648
-20.925648
-20.162202
-20.925648
-20.925648
-20.925648
-20.925648
-20.925648
-18.060064
-20.925648
-20.925648
-20.925648
-20.925648
-20.925648
-20.925648
-20.925648
-20.925648
-20.925648
-20.925648
-20.925648
-20.925648
-20.925648
-20.925648
-20.925648
-20.925648
-20.925648
-20.925648
-20.925648
-20.925648
-13.008038
-20.925648
-20.925648
-20.925648
-20.925648
-20.925648
-20.925648
-20.925648
-20.925648
-20.925648
-20.925648
-20.925648
-20.925648
-20.925648
-20.925648
-20.925648
-11.778113
-20.925648
-20.925648
-20.925648
-20.925648
-20.925648
-20.925648
-20.925648
-20.925648
-19.976358
-20.925648
-20.925648
-20.925648
-20.925648
-20.925648
-20.925648
-20.925648
-18.086418
-20.925648
-20.925648
-20.925648
-20.925648
-20.925648
-20.925648
-20.925648
-20.096208
-20.925648
-20.925648
-20.925648
-20.645934
-15.864937
-20.925648
-18.812023
-20.925648
-20.925648
-20.925648
-20.925648
-18.907541
-20.925648
-20.925648
-20.925648
-20.925648
-20.925648
-20.925648
-20.925648
-20.925648
-0.596818
-20.925648
-20.137930
-20.925648
-20.925648
-20.925648
-20.925648
-20.925648
-20.432372
-20.925648
-20.925648
-20.925648
-20.925648
-20.551922
-20.925648
-16.923067
-20.925648
-20.925648
-20.925648
-20.925648
-20.925648
-20.925648
-9.003092
-20.925648
-20.925648
-20.925648
-20.925648
-20.925648
-20.925648
-20.925648
-20.925648
-20.925648
-20.276945
-20.925648
-20.925648
-20.925648
-20.925648
-20.925648
-20.925648
-20.925648
-20.686752
-20.925648
-20.925648
-20.925648
-20.925648
-20.925648
-20.925648
-20.925648
-20.925648
-20.925648
-20.925648
-20.925648
-15.046543
-20.741025
-20.925648
-20.709161
-20.925648
-11.998909
-20.925648
-20.925648
-20.925648
-20.925648
-20.925648
-20.925648
-20.925648
-20.925648
-20.925648
-20.925648
-20.162202
-20.925648
-20.925648
-20.925648
-19.546827
-20.925648
-20.925648
-17.434749
-20.925648
-20.925648
-20.925648
-20.925648
-20.925648
-20.925648
-20.925648
-20.925648
-20.925648
-20.925648
-20.925648
-2.038361
-20.925648
-20.925648
-20.925648
-15.452779
-20.925648
-20.925648
-20.925648
-20.925648
-20.925648
-20.925648
-20.925648
-20.925648
-20.925648
-20.925648
-20.925648
-20.925648
-20.925648
-20.925648
-20.925648
-15.844529
-20.925648
-20.925648
-20.925648
-20.925648
-20.740212
-20.162202
-20.925648
-20.925648
-20.925648
-20.925648
-19.915833
-20.925648
-20.925648
-20.925648
-20.925648
-19.240422
-20.925648
-20.925648
-20.925648
-20.925648
-20.555589
-20.925648
-20.925648
-20.925648
-20.925648
-20.679279
-20.925648
-20.925648
-20.925648
-20.925648
-20.925648
-20.925648
-20.925648
-20.925648
-20.925648
-20.925648
-20.925648
-20.925648
-20.925648
-20.925648
-20.925648
-20.925648
-20.925648
-13.078731
-20.925648
-20.925648
-20.925648
-20.925648
-20.925648
-20.925648
-20.925648
-20.925648
-20.925648
-20.925648
-19.640116
-17.631694
-20.925648
-20.925648
-20.925648
-20.925648
-20.222176
-6.752020
-20.925648
-20.925648
-18.069712
-20.925648
-20.739397
-20.925648
-20.925648
-20.925648
-20.925648
-20.686752
-20.925648
-20.925648
-20.925648
-20.645324
-20.925648
-20.925648
-20.925648
-20.925648
-20.925648
-20.925648
-20.925648
-20.925648
-20.925648
-20.925648
-20.925648
-20.925648
-20.925648
-20.925648
-20.925648
-20.925648
-20.925648
-20.925648
-20.925648
-20.925648
-20.925648
-20.925648
-20.925648
-20.246643
-20.925648
-20.925648
-18.330370
-20.925648
-20.925648
-20.925648
-20.925648
-20.925648
-20.925648
-20.925648
-20.162202
-20.925648
-20.925648
-20.925648
-20.925648
-20.925648
-20.925648
-20.925648
-20.925648
-20.925648
-7.908512
-20.925648
-20.447892
-20.925648
-19.089889
-20.925648
-20.925648
-1.043977
-20.925648
-20.925648
-20.925648
-20.925648
-20.925648
-20.738581
-20.925648
-19.825982
-20.925648
-20.925648
-20.925648
-20.925648
-20.925648
-20.925648
-17.873727
-20.925648
-20.925648
-20.925648
-20.925648
-20.925648
-19.593979
-20.925648
-20.925648
-20.925648
-15.578599
-20.925648
-20.925648
-20.925648
-20.925648
-20.646543
-3.227243
-20.925648
-20.925648
-20.925648
-20.925648
-20.925648
-20.925648
-20.925648
-20.925648
-20.925648
-20.925648
-20.925648
-20.925648
-20.925648
-19.575032
-20.925648
-20.925648
-20.925648
-20.925648
-20.925648
-20.925648
-20.925648
-20.925648
-20.925648
-20.925648
-20.925648
-20.925648
-20.925648
-20.925648
-20.925648
-20.064230
-20.925648
-20.925648
-20.925648
-20.925648
-12.684872
-20.925648
-20.925648
-20.925648
-20.925648
-20.925648
-14.540219
-20.925648
-20.925648
-20.925648
-17.588150
-20.925648
-20.925648
-20.925648
-2.846042
-20.925648
-20.925648
-20.925648
-20.925648
-20.925648
-20.925648
-20.925648
-20.925648
-20.162202
-10.315321
-20.925648
-20.925648
-20.925648
-20.925648
-20.925648
-20.925648
-20.686752
-20.925648
-20.925648
-20.925648
-19.892804
-20.925648
-20.925648
-20.925648
-20.925648
-20.925648
-20.925648
-20.925648
-20.925648
-20.925648
-20.925648
-20.925648
-16.451944
-20.925648
-20.925648
-20.925648
-20.925648
-20.925648
-20.925648
-20.925648
-20.925648
-20.925648
-20.925648
-20.925648
-20.925648
-20.925648
-20.925648
-20.925648
-20.925648
-20.925648
-20.925648
-20.925648
-20.925648
-20.925648
-20.925648
-20.925648
-20.925648
-20.925648
-20.925648
-20.925648
-20.925648
2.344833
-15.966783
-20.925648
-20.925648
-20.925648
-20.925648
-20.925648
11.456345
-20.925648
-20.925648
-20.925648
-20.925648
-20.925648
-20.925648
-20.925648
-20.925648
-20.925648
-20.925648
-20.925648
-20.925648
-20.925648
-20.925648
-20.925648
-20.925648
-20.925648
-20.925648
-20.501723
-20.925648
-20.925648
-20.925648
-20.925648
-20.925648
-20.925648
-20.925648
-20.925648
-20.145328
-20.925648
10.471931
-20.925648
-20.925648
-20.710103
-20.925648
-20.925648
-20.925648
-13.645593
-20.925648
-20.925648
-20.925648
-20.925648
-20.925648
-20.925648
-20.925648
-20.925648
-20.925648
-20.925648
-20.925648
-20.925648
-20.358838
-20.925648
-20.925648
-20.925648
-20.925648
-20.925648
-20.739804
-17.059388
-20.925648
-20.925648
-20.925648
-20.925648
-20.925648
-20.925648
-1.479964
-20.925648
-20.925648
-20.925648
-20.925648
-20.925648
-20.925648
-20.925648
-20.925648
-20.925648
-18.522959
-20.925648
-20.925648
-20.925648
-20.925648
-20.925648
-20.925648
-20.925648
-20.925648
-20.925648
-20.925648
-2.827399
-20.925648
-20.925648
-20.925648
-20.925648
-20.925648
-19.975951
-19.465899
-20.925648
-20.925648
-20.925648
-20.679816
-20.925648
-20.925648
-20.925648
-18.516688
-20.925648
-20.925648
-20.925648
-20.925648
-20.925648
-20.925648
-20.925648
-20.925648
-20.925648
-20.925648
-19.809008
-20.710103
-20.925648
-20.925648
-20.925648
-20.925648
-20.925648
-20.925648
-20.925648
-20.925648
-20.925648
-20.925648
-20.925648
-20.925648
-20.925648
-20.925648
-20.925648
-20.925648
-16.223374
-20.925648
-20.925648
-20.925648
-16.040699
-20.925648
-20.925648
-20.496439
-20.925648
12.766452
-20.925648
-20.925648
-20.925648
-20.925648
-20.738581
-19.075626
-4.298317
-20.925648
-20.925648
-20.925648
-20.925648
-20.925648
-20.925648
-20.925648
-20.925648
-20.459068
-20.925648
-20.925648
-20.135263
-20.925648
-20.925648
-20.925648
-20.925648
-20.925648
-20.925648
-20.925648
-20.925648
-8.401328
-20.925648
-20.925648
-20.925648
-20.925648
-20.925648
-20.925648
-20.925648
-20.925648
-20.925648
-20.925648
-20.925648
-20.925648
-20.925648
-20.925648
-20.925648
-20.925648
-20.925648
-20.162202
-4.969705
-20.679279
-20.925648
-19.573809
-20.925648
-20.925648
-20.925648
-20.925648
-20.925648
-20.925648
-20.925648
-14.151401
-20.925648
-20.925648
-15.625436
-18.321999
-20.925648
-20.925648
-20.925648
-20.925648
-20.925648
-20.925648
-20.925648
-20.925648
-20.925648
-20.925648
-20.925648
-20.925648
-20.925648
-20.925648
-20.925648
-20.925648
-7.191523
-20.925648
-20.925648
-20.925648
-20.925648
-20.925648
-20.925648
-20.925648
-20.925648
-20.925648
-20.925648
-20.686752
-20.925648
-20.925648
-20.925648
-20.925648
-20.925648
-20.925648
6.562046
-20.925648
-20.925648
-20.925648
-20.925648
-20.925648
-19.964220
-20.925648
-20.925648
-20.925648
-20.925648
-20.925648
-15.152792
-20.925648
-20.925648
-20.925648
-20.925648
-20.740212
-20.925648
-20.925648
-20.925648
-20.925648
-20.925648
-20.173681
-20.925648
-20.925648
-20.925648
-20.925648
-20.925648
-20.925648
6.451873
-20.925648
-20.925648
-20.925648
-20.741432
-20.925648
-20.925648
-20.925648
-20.925648
-20.645324
-20.925648
-20.925648
-20.925648
-20.925648
-20.925648
-20.925648
-20.925648
-20.925648
-20.925648
-20.501723
-20.925648
-20.925648
-19.946186
-20.686752
-20.925648
-20.925648
-19.946657
-20.386895
-20.925648
-20.925648
-20.925648
-20.925648
-20.925648
-20.925648
-20.523036
-20.925648
-20.925648
-20.925648
-20.925648
-20.925648
-20.925648
-20.925648
-20.925648
-20.925648
-20.925648
-20.495499
-20.925648
-20.925648
-20.925648
-20.925648
-20.925648
-20.925648
-20.925648
-20.925648
-20.925648
-20.925648
-20.925648
-20.925648
7.236170
-20.925648
-20.925648
-20.925648
-20.925648
-20.925648
-20.925648
-20.925648
-20.925648
-20.925648
-20.925648
-20.925648
-20.925648
-20.925648
-20.925648
-20.925648
-20.925648
-20.925648
-20.925648
-20.925648
-20.686752
-20.925648
-20.925648
-20.925648
-20.925648
-20.925648
-2.796826
-20.925648
-20.925648
-20.925648
-20.925648
-20.925648
-20.925648
-20.925648
-20.925648
-20.925648
-20.925648
16.165138
-20.925648
-20.925648
-20.925648
-17.844692
-20.925648
-20.925648
-20.925648
-20.925648
-20.925648
-20.925648
-20.925648
-20.741025
-20.925648
-20.925648
-20.333348
-20.925648
-20.925648
-20.925648
-20.925648
-20.925648
-20.925648
-20.925648
-20.925648
-20.925648
-20.925648
-20.925648
-20.925648
-20.925648
-20.925648
-20.925648
-20.925648
-20.925648
-20.925648
-20.925648
-20.925648
-20.925648
-20.925648
-20.925648
-20.925648
-11.997933
-1.505593
-20.925648
-20.925648
-20.925648
-20.925648
-20.925648
-20.925648
-20.925648
-20.925648
-20.925648
-20.925648
-20.925648
-11.614611
-20.925648
-20.925648
-4.854627
-9.719695
-20.925648
-20.925648
-20.925648
-20.925648
-20.925648
-20.925648
-20.925648
-20.925648
-20.925648
-20.925648
-20.925648
-20.925648
-20.925648
-20.925648
-20.925648
-20.925648
-20.925648
-20.571612
-20.925648
-20.925648
-17.079875
-20.925648
-20.925648
-20.007890
-20.925648
-20.925648
-20.925648
-20.925648
-20.925648
-20.925648
-20.925648
-20.925648
-20.925648
-20.925648
-20.925648
-20.925648
-20.925648
-20.925648
-20.925648
-20.925648
-20.925648
-20.925648
-20.925648
-20.925648
-20.925648
-20.925648
-20.925648
-20.925648
-20.925648
-20.925648
-20.925648
8.046260
-20.925648
-20.925648
-20.925648
-20.925648
-20.525137
-20.925648
-20.925648
-20.925648
-20.925648
-20.925648
-20.925648
-20.925648
-20.925648
-20.925648
-20.925648
-20.925648
-20.246909
-20.925648
-20.925648
-20.925648
-20.925648
-20.310876
-20.925648
-20.495499
-10.449827
-20.925648
-20.925648
-20.925648
-20.925648
-18.974540
-20.925648
-20.925648
-20.925648
-20.925648
-20.925648
-20.925648
-20.925648
-20.925648
-20.925648
-20.925648
-20.925648
-20.925648
-20.342204
-20.925648
-20.925648
-20.925648
-20.925648
-20.162202
-20.925648
-20.686752
-20.925648
-20.925648
-20.925648
-20.925648
-20.925648
-20.925648
-20.925648
-20.925648
-20.925648
-20.925648
-20.925648
-20.925648
-20.925648
-20.525480
-20.925648
-20.925648
-20.925648
-20.925648
1.457389
-20.925648
-20.925648
-20.678741
-20.925648
-20.925648
-20.925648
-20.925648
-20.925648
-20.925648
-20.925648
-20.925648
-20.925648
-20.925648
-20.925648
-20.925648
-20.925648
-20.925648
-20.710103
-20.925648
-20.925648
-19.706088
-20.925648
-20.925648
-20.925648
-20.925648
-20.925648
-20.925648
-20.925648
-20.925648
-20.925648
-20.925648
-20.925648
-20.925648
-20.925648
-20.925648
-20.925648
-20.925648
-20.925648
-20.925648
-20.925648
-20.925648
-20.925648
-20.925648
-20.925648
-20.925648
-20.925648
-20.925648
-20.925648
-20.925648
-20.925648
-20.925648
-20.925648
-20.925648
-20.925648
-20.925648
-20.925648
-20.925648
-20.925648
-20.925648
-20.925648
-12.461618
-20.925648
-20.925648
-20.925648
-20.925648
-20.925648
-20.925648
-14.127515
-19.901300
-20.925648
-20.925648
-20.925648
-20.925648
-19.793887
-20.925648
-20.925648
-20.925648
-20.537971
-20.925648
-20.925648
-20.925648
-11.285335
7.096629
-20.925648
-20.925648
-20.925648
-20.925648
-20.925648
-11.079562
-20.925648
-20.925648
-20.925648
-20.925648
-20.925648
-20.925648
-20.925648
-20.925648
-20.925648
-20.925648
-20.925648
-20.925648
-20.925648
-20.925648
-20.925648
-20.925648
-20.925648
-20.925648
-20.925648
-20.925648
-20.925648
-20.925648
-20.925648
-20.925648
-20.925648
-20.925648
-20.925648
-20.925648
-20.071573
-20.925648
-20.925648
-20.925648
-20.925648
-20.925648
-20.925648
-14.885582
-20.925648
-20.162202
-20.925648
-20.925648
-20.925648
-20.925648
-20.925648
-20.925648
-20.925648
-20.925648
-20.925648
-20.925648
-18.231632
-20.925648
-20.925648
-20.925648
-20.925648
-20.925648
-20.925648
-20.925648
-20.925648
-20.925648
-20.925648
-20.925648
-20.925648
-20.925648
-20.925648
-3.319092
-20.925648
-20.526014
-20.925648
-20.925648
-20.925648
-20.925648
-20.925648
-20.925648
-20.925648
-20.925648
-20.925648
-20.925648
-20.925648
-20.925648
-6.511270
-20.925648
-20.925648
-20.925648
-20.925648
-20.925648
-20.925648
-20.925648
-20.925648
-20.925648
-20.925648
-20.063823
-20.925648
-20.925648
-20.925648
-20.925648
-20.925648
-20.925648
-20.925648
-20.925648
-20.925648
-20.925648
-20.925648
-20.925648
-20.925648
-20.925648
-20.925648
-20.740212
-20.925648
-20.925648
