13389, 35479, 38665, 29338, 9704, 28558, 80645, 86075, 3255, 10794, 16583, 80838, 3702, 62207, 13527, 27834, 16981, 36849, 3250, 27057, 20639, 134936, 77312, 63734, 37211, 79461, 32372, 3097, 96139, 80468, 11745, 37208, 3119, 10651, 16414, 21378, 50981, 62455, 24451, 17151, 78434, 96338, 80305, 38353, 17276, 72887, 38877, 47060, 55216, 8451, 13290, 30526, 3741, 2974, 55192, 17191, 61975, 3372, 17118, 5170, 8047, 3555, 38843, 62361, 36939, 17481, 3736, 95938, 24581, 13499, 62071, 96238, 96439, 9855, 13778, 3457, 4357, 3045, 3478, 66916, 77233, 38753, 3137, 36732, 55229, 9374, 23982
Feature count is 87
Criterion1 result is ObjectIndex = 335, Distance = -10.635399353021308091690949914, Value = 0.6944146579831122163967840474
Boundary = -10.627936281283386844250065042
-12.637016
-11.382461
-12.873797
-12.873797
-12.873797
-12.873797
-12.873797
-12.873797
-12.873797
-12.873797
-12.873797
-12.873797
-12.873797
-9.179843
-12.873797
-12.873797
-12.873797
-12.873797
-12.873797
-12.039214
-12.873797
-12.873797
-12.873797
-12.873797
-12.873797
-12.873797
-12.873797
-12.873797
-12.873797
-12.538632
-12.873797
-12.873797
-12.873797
-12.372869
-12.873797
-10.529887
-12.873797
-12.873797
-12.124657
-12.873797
-12.873797
-12.395543
-12.873797
-12.873797
-12.873797
-12.873797
-12.873797
-12.873797
-12.873797
-12.873797
-12.873797
-12.873797
-12.873797
-12.873797
-12.397468
-12.873797
-2.896516
-12.873797
-3.071032
-12.665268
-12.873797
-12.873797
-12.873797
-12.873797
-12.873797
-12.873797
-12.873797
-12.873797
-12.873797
-12.873797
-12.873797
-12.873797
-12.873797
-12.873797
-12.873797
-9.654759
-12.873797
-12.873797
-12.873797
-12.364837
-12.873797
-12.873797
-12.873797
-12.873797
-12.873797
11.198842
-11.431133
-12.873797
-12.873797
-12.873797
-12.873797
-12.873797
-12.873797
-12.873797
-12.873797
-12.873797
-12.257036
-12.873797
-12.873797
-12.873797
-12.873797
-12.873797
-4.261944
-12.873797
-12.873797
-12.873797
-11.638086
-8.048703
-12.873797
-12.873797
-11.905339
-12.873797
-12.873797
-12.873797
-12.665732
-12.332530
-12.873797
-12.873797
-12.873797
-12.873797
-12.873797
-12.873797
-12.458069
-12.873797
-12.873797
-12.093182
-12.666196
-12.873797
-12.873797
-12.873797
-12.873797
-12.873797
-12.873797
-12.873797
-12.873797
-12.873797
-5.155382
-12.873797
-12.873797
-12.128056
-12.873797
-10.026889
-12.873797
-12.873797
-12.873797
-9.221219
-12.873797
-12.873797
-12.873797
-12.873797
-12.873797
-12.873797
-12.873797
-12.873797
-12.873797
-12.873797
-12.873797
-12.873797
-10.327650
-12.873797
-12.873797
-12.664803
-11.600163
-12.873797
-12.873797
-12.873797
-12.873797
-11.738111
-12.873797
-12.873797
-12.873797
-12.873797
-12.873797
-12.873797
-12.873797
-12.873797
-12.873797
-12.873797
-11.118906
-12.873797
-12.873797
-12.873797
-12.873797
-12.873797
-12.873797
-12.873797
-12.397932
-12.873797
-12.873797
-12.873797
-12.873797
-12.873797
-12.873797
-12.873797
-11.128219
-12.873797
-12.873797
-12.873797
-12.212272
-12.873797
-12.873797
-12.873797
-12.873797
-12.873797
-12.873797
-12.873797
-12.873797
-12.873797
-12.873797
-12.873797
-12.873797
-12.873797
-12.873797
-12.568211
-12.873797
-12.873797
-12.873797
-12.873797
-12.873797
-12.873797
-12.873797
-12.873797
-10.805388
-12.873797
-12.002813
-12.873797
-12.873797
-12.873797
-12.873797
-9.058787
-12.873797
-12.873797
-12.873797
-11.828758
-12.873797
-12.873797
-12.873797
-12.873797
-11.600962
-10.804888
-12.873797
-12.538632
-12.873797
-12.873797
-12.873797
-12.873797
-12.873797
-12.873797
-12.873797
-12.873797
-12.873797
-4.566186
-12.873797
-12.873797
-12.873797
-12.873797
-12.873797
-7.014142
-12.873797
-12.873797
-12.873797
-12.873797
-12.873797
-12.873797
-12.873797
-12.873797
-12.873797
-10.289485
-12.873797
-12.873797
-10.445295
-12.873797
-12.873797
-12.873797
-12.873797
-12.873797
-11.579250
-12.873797
-12.873797
-12.873797
-12.873797
-12.873797
-12.873797
-12.873797
-12.873797
-12.873797
-12.873797
-12.664803
-11.622686
-12.873797
-12.873797
-12.873797
-12.873797
-12.873797
6.063952
-12.873797
-12.873797
-12.873797
-12.873797
-12.873797
-12.873797
-12.873797
-12.873797
-12.873797
-12.873797
-12.873797
-12.873797
-12.873797
-12.873797
-12.873797
-12.004208
-12.873797
-12.873797
-12.873797
-12.873797
-12.873797
0.692594
-1.588064
-12.270368
-12.873797
-12.873797
-12.873797
-12.393684
-12.873797
-11.907013
-12.873797
-12.873797
-12.873797
-12.873797
-12.873797
-12.873797
-12.873797
-12.873797
-12.873797
-12.873797
-10.635399
-12.873797
-12.873797
-12.873797
-12.873797
-7.724491
-12.873797
-12.873797
-12.873797
-12.873797
-12.873797
-12.873797
-12.873797
-12.873797
-12.873797
-12.873797
-12.873797
-12.873797
-12.873797
-12.873797
-12.873797
-12.873797
-12.873797
-12.873797
-12.873797
-12.873797
-12.873797
-12.873797
-12.873797
-12.873797
-12.665732
-11.347632
-12.873797
-12.873797
-12.873797
-12.873797
-12.873797
-12.873797
-12.873797
-12.873797
-12.873797
-12.873797
-12.873797
3.325553
-12.873797
-12.873797
-12.873797
-11.697545
-12.873797
-12.873797
-12.873797
-12.873797
-12.873797
-12.873797
-11.262855
-12.873797
-12.873797
-12.873797
-12.873797
-12.873797
-12.873797
-12.873797
-12.873797
-12.873797
-12.605532
-12.873797
-12.873797
-12.873797
-12.603143
-12.873797
-12.873797
-12.873797
-12.873797
-12.873797
-6.612622
-12.873797
-12.873797
-12.873797
-12.873797
-12.004208
-12.873797
-10.716211
-12.568211
-12.873797
-12.873797
-12.664803
-12.873797
-12.873797
-12.873797
-12.873797
-12.873797
-12.873797
-12.873797
-12.873797
-12.873797
-12.873797
-12.873797
-12.873797
-12.873797
-12.873797
-12.873797
-12.873797
-12.873797
0.798869
-6.510042
-12.873797
-12.873797
-12.873797
-12.873797
-12.873797
-3.010382
-12.873797
6.134405
-12.873797
-12.873797
-12.873797
-12.873797
-12.873797
-12.873797
-12.873797
-12.873797
-10.674388
-12.873797
-12.873797
-3.883425
-12.873797
-12.873797
-12.454412
-12.873797
-6.069902
-12.873797
-12.873797
-12.873797
-12.873797
-12.873797
-12.873797
-12.873797
-12.873797
-12.873797
-12.873797
-12.873797
-12.873797
-12.873797
-12.873797
-5.671870
-10.772186
-12.873797
-12.873797
-12.873797
-12.873797
-12.873797
-12.570897
-12.873797
-12.873797
-12.873797
-12.873797
-12.873797
-12.873797
-12.873797
-12.873797
-11.251643
-8.955468
-7.734243
-12.873797
-12.873797
-12.873797
-12.873797
-12.873797
-12.873797
-12.873797
-12.873797
-12.873797
-12.873797
-12.873797
-9.191166
-10.718795
-12.873797
-12.873797
-12.873797
-12.873797
-9.282843
-12.873797
-12.873797
-12.873797
-12.873797
-12.873797
-12.873797
-12.331019
-12.873797
-12.873797
-12.873797
-12.873797
-12.873797
-12.873797
-12.873797
-12.873797
-12.873797
-12.873797
-12.873797
-12.873797
-12.873797
-12.873797
-12.873797
-12.873797
-12.873797
-12.873797
-12.873797
-12.873797
-11.944007
-12.873797
-12.873797
-10.474153
-12.873797
-12.115608
-12.873797
-12.873797
-11.390438
-9.459698
-12.873797
-12.873797
-12.873797
-12.873797
-12.873797
-12.873797
-8.748300
-12.873797
-12.873797
-12.635959
-12.873797
-12.873797
-12.873797
-8.500974
7.641469
-12.873797
-12.873797
-12.873797
-12.873797
-12.873797
-12.873797
-12.873797
-6.697883
-12.873797
-12.873797
-12.873797
-12.873797
2.533552
-12.873797
-12.873797
-12.873797
-12.873797
-11.268391
-12.873797
-10.620473
-12.873797
-1.498784
-12.873797
-12.873797
-12.873797
-11.877108
-12.873797
-12.873797
-11.428116
-12.873797
-12.427091
-12.873797
-12.873797
-12.873797
-12.873797
-12.873797
-12.873797
-12.873797
-12.873797
-12.873797
-11.258296
-12.873797
-12.873797
-12.873797
-12.873797
-12.873797
-12.873797
1.261138
-12.873797
-12.873797
-12.873797
-12.873797
-12.873797
-12.873797
-12.873797
-12.873797
-12.873797
-12.873797
-10.812190
-8.901242
-12.873797
-12.873797
-12.873797
-12.873797
-12.873797
-12.873797
-12.873797
-12.873797
-12.873797
-12.873797
-12.665732
-12.873797
-12.873797
-12.873797
-12.873797
-12.873797
-5.525943
-12.873797
-12.873797
-12.873797
-12.873797
-12.873797
-12.873797
-7.189158
-12.873797
-12.873797
-12.873797
-12.873797
-12.873797
-12.873797
-12.873797
-12.873797
-12.873797
-12.873797
-12.873797
-12.873797
-12.873797
-12.873797
-12.873797
-12.873797
-12.873797
-12.873797
-12.873797
-12.873797
-12.873797
-12.873797
-12.873797
-12.873797
5.338444
-12.873797
-12.873797
-12.873797
-12.873797
-12.873797
-12.873797
-12.873797
-12.873797
-12.873797
-12.873797
-12.873797
-12.873797
-12.873797
-12.873797
-12.873797
-12.873797
-12.873797
-12.572901
-12.873797
-12.873797
-12.873797
-12.873797
-12.873797
-12.085894
-12.873797
-12.873797
-12.873797
-12.873797
-12.873797
-9.100050
-12.873797
-12.873797
-12.873797
-12.873797
-12.873797
-12.873797
-12.873797
-12.873797
-12.873797
-12.873797
-12.873797
-12.873797
-12.873797
-12.873797
-12.873797
-12.873797
-12.873797
-12.873797
-12.873797
-12.873797
-6.248080
-12.873797
-12.873797
-12.873797
-12.873797
-12.873797
-12.873797
-12.873797
-12.873797
-12.873797
-12.873797
-12.873797
-12.873797
-12.873797
-12.873797
-12.873797
-6.727869
-12.873797
-12.873797
-12.873797
-12.873797
-12.873797
-12.873797
-12.873797
-12.873797
-11.790556
-12.873797
-12.873797
-12.873797
-12.118316
-12.873797
-12.873797
-12.873797
-1.911536
-12.873797
-12.873797
-12.873797
-12.873797
-12.873797
-12.873797
-12.873797
-12.633840
-12.873797
-12.873797
-12.873797
-12.570897
-9.658653
-12.873797
-12.124750
-12.873797
-12.873797
-12.873797
-12.873797
-10.208598
-12.873797
-12.873797
-12.873797
-12.873797
-12.873797
-12.873797
-12.873797
-12.873797
2.572018
-12.873797
-12.151154
-12.873797
-12.873797
-12.873797
-12.873797
-12.873797
-10.257059
-12.873797
-12.873797
-12.873797
-12.873797
-12.243088
-12.873797
-10.365162
-12.873797
-12.873797
-12.873797
-12.873797
-12.873797
-12.873797
0.714622
-12.873797
-12.873797
-12.873797
-12.873797
-12.873797
-12.873797
-12.873797
-12.873797
-12.873797
-12.372869
-12.873797
-12.873797
-12.873797
-12.873797
-12.873797
-12.873797
-12.873797
-12.873797
-12.873797
-12.873797
-12.873797
-12.873797
-12.873797
-12.873797
-12.873797
-12.873797
-12.873797
-12.121966
-12.873797
-7.129449
-12.637016
-12.873797
-12.185303
-12.873797
-3.639046
-12.873797
-12.873797
-12.873797
-12.873797
-12.873797
-12.873797
-12.873797
-12.873797
-12.873797
-12.873797
-10.873673
-12.873797
-12.873797
-12.873797
-10.673344
-12.873797
-12.873797
-7.648896
-12.873797
-12.873797
-12.873797
-12.873797
-12.873797
-12.873797
-12.873797
-12.873797
-12.873797
-12.873797
-12.873797
3.818966
-11.888842
-12.873797
-12.873797
-3.667938
-12.873797
-12.873797
-12.873797
-12.873797
-12.873797
-12.212272
-12.873797
-12.873797
-12.665268
-12.873797
-12.873797
-12.873797
-12.873797
-12.873797
-12.428359
-3.650052
-12.873797
-12.873797
-12.873797
-12.873797
-12.665268
-12.155863
-12.873797
-12.873797
-12.873797
-12.873797
-12.635959
-12.873797
-12.873797
-12.873797
-12.873797
-10.501877
-12.873797
-12.873797
-12.873797
-12.873797
-12.665268
-12.873797
-12.873797
-12.873797
-12.873797
-10.496407
-12.873797
-12.873797
-12.873797
-12.873797
-12.873797
-12.873797
-12.873797
-12.873797
-12.873797
-12.873797
-12.873797
-12.873797
-12.873797
-12.873797
-12.873797
-12.873797
-12.873797
-4.701797
-12.873797
-12.873797
-10.777461
-12.873797
-12.873797
-12.873797
-12.873797
-12.873797
-12.873797
-12.873797
-12.456737
-6.694352
-12.873797
-12.873797
-12.873797
-12.873797
-9.301577
-3.980002
-12.873797
-12.873797
-11.310910
-12.873797
-12.635959
-12.873797
-12.873797
-12.873797
-12.873797
-12.062303
-12.873797
-12.873797
-12.873797
-12.873797
-12.873797
-12.873797
-12.873797
-12.873797
-12.873797
-12.873797
-12.873797
-12.873797
-12.873797
-12.873797
-12.873797
-12.873797
-12.873797
-12.873797
-12.873797
-12.873797
-12.873797
-12.666196
-12.873797
-12.873797
-12.873797
-12.873797
-12.873797
-12.331019
-12.873797
-12.873797
-10.561702
-12.873797
-12.372869
-12.873797
-12.873797
-12.873797
-12.873797
-12.873797
-11.764369
-12.873797
-12.873797
-12.873797
-12.873797
-12.873797
-12.873797
-12.873797
-12.873797
-12.873797
-0.969703
-12.873797
-12.457155
-12.873797
-10.814313
-12.873797
-12.873797
4.692870
-12.873797
-12.873797
-12.873797
-12.873797
-12.873797
-12.393218
-12.873797
-11.276350
-12.873797
-12.361903
-12.873797
-12.873797
-12.873797
-12.873797
-11.762044
-12.873797
-12.873797
-12.873797
-12.873797
-12.873797
-11.009883
-12.873797
-12.873797
-12.873797
-8.317120
-12.873797
-12.873797
-12.873797
-12.873797
-11.907013
2.541149
-12.873797
-12.873797
-12.873797
-12.873797
-12.873797
-12.873797
-12.873797
-12.873797
-12.873797
-12.873797
-12.873797
-12.873797
-12.873797
-11.155219
-12.873797
-12.873797
-12.873797
-12.873797
-12.873797
-12.873797
-12.873797
-12.873797
-12.873797
-12.873797
-12.873797
-12.873797
-12.873797
-12.873797
-12.873797
-12.221288
-12.873797
-12.873797
-12.873797
-12.873797
-6.167518
-12.873797
-12.873797
-12.873797
-12.873797
-12.873797
-7.447037
-12.873797
-12.873797
-12.873797
-7.929408
-12.873797
-12.873797
-12.873797
0.790998
-12.873797
-12.873797
-12.873797
-12.873797
-12.873797
-12.873797
-12.873797
-12.873797
-12.396073
-1.901836
-12.873797
-12.873797
-12.873797
-12.873797
-12.873797
-12.873797
-12.873797
-12.873797
-12.873797
-12.873797
-12.188599
-12.873797
-12.873797
-12.873797
-12.873797
-12.873797
-12.873797
-12.873797
-12.873797
-12.873797
-12.873797
-12.873797
-11.203955
-12.873797
-12.096572
-12.873797
-12.873797
-12.362368
-12.873797
-12.873797
-12.873797
-12.873797
-12.873797
-12.873797
-12.873797
-12.873797
-12.873797
-12.873797
-12.873797
-12.873797
-12.393684
-12.873797
-12.873797
-12.873797
-12.873797
-12.873797
-12.873797
-12.873797
-12.873797
-12.873797
-12.873797
3.620607
-8.037005
-12.873797
-12.873797
-12.873797
-12.873797
-12.873797
6.894840
-12.873797
-12.873797
-12.873797
-12.873797
-12.873797
-12.873797
-12.873797
-12.873797
-12.873797
-12.873797
-12.873797
-12.873797
-12.873797
-12.873797
-12.873797
-12.873797
-12.873797
-12.873797
-12.270368
-12.873797
-12.873797
-12.873797
-11.559693
-12.873797
-12.873797
-12.873797
-12.873797
-9.642458
-12.873797
6.873556
-12.873797
-12.873797
-12.633840
-12.873797
-12.873797
-12.873797
-7.860662
-12.873797
-12.873797
-12.873797
-12.873797
-12.873797
-12.873797
-12.873797
-12.873797
-12.873797
-12.873797
-12.873797
-12.538632
-10.170654
-12.873797
-12.873797
-12.455343
-12.873797
-12.873797
-11.673539
-9.578160
-12.873797
-12.873797
-12.873797
-12.873797
-12.873797
-12.873797
4.839142
-12.873797
-12.873797
-12.873797
-12.873797
-12.873797
-12.873797
-12.873797
-12.873797
-12.873797
-7.986544
-12.873797
-12.873797
-12.873797
-12.873797
-12.873797
-12.873797
-12.873797
-12.538632
-12.873797
-12.873797
3.863160
-12.873797
-12.873797
-12.873797
-12.873797
-12.873797
-11.906013
-12.006807
-12.873797
-12.873797
-12.873797
-11.847533
-12.873797
-12.873797
-12.873797
-8.774183
-12.873797
-12.873797
-12.873797
-12.873797
-12.873797
-12.873797
-12.873797
-12.873797
-12.873797
-12.873797
-10.274447
-12.188402
-12.873797
-12.873797
-12.873797
-12.873797
-12.873797
-12.873797
-12.873797
-12.873797
-12.873797
-12.873797
-12.873797
-12.873797
-12.873797
-12.873797
-12.873797
-12.873797
-5.353424
-12.873797
-12.873797
-12.873797
-9.517081
-12.873797
-12.568211
-12.873797
-12.873797
7.991044
-12.873797
-12.873797
-12.873797
-12.873797
-12.664803
-11.553516
1.541315
-12.873797
-12.873797
-12.873797
-12.873797
-12.873797
-12.873797
-12.873797
-12.873797
-9.624321
-12.873797
-12.873797
-11.128103
-12.873797
-12.873797
-12.873797
-12.873797
-12.873797
-12.873797
-12.873797
-12.873797
1.661784
-12.873797
-12.873797
-12.873797
-12.873797
-12.873797
-12.873797
-12.873797
-12.873797
-12.873797
-12.873797
-12.873797
-12.873797
-12.873797
-12.873797
-12.873797
-12.873797
-12.873797
-12.873797
-4.068073
-12.212272
-12.873797
-9.418842
-12.873797
-12.873797
-12.873797
-12.873797
-12.873797
-12.873797
-12.873797
-2.675407
-12.873797
-12.873797
-6.389737
-8.702353
-12.873797
-12.873797
-12.873797
-12.873797
-12.873797
-12.873797
-12.873797
-12.873797
-12.873797
-12.873797
-12.873797
-12.873797
-12.873797
-12.873797
-12.873797
-12.873797
4.314632
-12.873797
-12.873797
-12.873797
-12.873797
-12.873797
-12.873797
-12.873797
-12.873797
-12.873797
-12.873797
-12.873797
-12.873797
-12.873797
-12.873797
-12.873797
-12.873797
-12.873797
3.215645
-12.873797
-12.873797
-12.873797
-12.873797
-12.873797
-10.565785
-12.873797
-12.873797
-12.873797
-12.873797
-12.873797
-8.532175
-12.873797
-12.873797
-12.873797
-12.873797
-12.873797
-12.873797
-12.873797
-12.873797
-12.873797
-12.873797
-11.263313
-12.873797
-12.873797
-12.873797
-12.873797
-12.873797
-12.873797
4.675448
-12.873797
-12.873797
-12.873797
-12.873797
-12.873797
-12.873797
-12.873797
-12.873797
-12.568211
-12.873797
-12.873797
-12.873797
-12.873797
-12.873797
-12.873797
-12.873797
-12.873797
-12.873797
-12.538632
-12.873797
-12.873797
-11.289119
-12.212272
-12.635959
-12.873797
-12.873797
-9.348029
-12.873797
-12.873797
-12.873797
-12.873797
-12.873797
-12.873797
-12.664803
-12.873797
-12.873797
-12.873797
-12.873797
-11.331218
-12.873797
-12.873797
-12.873797
-12.873797
-12.873797
-12.873797
-12.873797
-12.873797
-12.873797
-12.873797
-12.873797
-12.666196
-12.873797
-12.873797
-12.873797
-12.873797
-12.873797
-12.873797
3.013692
-12.873797
-12.873797
-12.873797
-12.873797
-12.873797
-12.873797
-12.873797
-12.873797
-12.873797
-12.873797
-12.873797
-12.873797
-12.873797
-12.873797
-12.873797
-12.873797
-12.873797
-12.873797
-12.873797
-12.397468
-12.873797
-12.873797
-12.873797
-12.873797
-12.873797
-3.666821
-12.873797
-12.873797
-12.873797
-12.873797
-12.873797
-12.873797
-12.873797
-12.873797
-12.873797
-12.873797
9.319716
-12.873797
-12.393218
-12.873797
-7.927798
-12.873797
-12.873797
-12.873797
-12.873797
-12.873797
-12.873797
-12.873797
-12.873797
-12.873797
-12.873797
-10.677166
-12.873797
-12.873797
-12.873797
-12.873797
-12.873797
-12.873797
-12.873797
-12.873797
-12.873797
-12.244021
-12.873797
-12.873797
-12.873797
-12.873797
-12.873797
-12.873797
-12.873797
-12.873797
-12.873797
-12.873797
-12.873797
-12.873797
-12.873797
-12.873797
-1.870290
3.654154
-12.873797
-12.873797
-12.873797
-12.873797
-12.873797
-12.873797
-12.873797
-12.873797
-12.873797
-12.873797
-12.873797
0.920853
-12.873797
-12.873797
3.638756
-6.477453
-12.873797
-12.873797
-12.873797
-12.873797
-12.873797
-12.873797
-12.538632
-12.873797
-12.873797
-12.873797
-12.873797
-12.873797
-12.873797
-12.873797
-12.873797
-12.873797
-12.873797
-11.793814
-12.873797
-12.873797
-5.685400
-12.873797
-12.873797
-12.455805
-12.873797
-12.873797
-12.873797
-12.873797
-12.873797
-12.873797
-12.873797
-12.873797
-12.873797
-12.873797
-12.873797
-12.873797
-12.873797
-12.873797
-12.873797
-12.635959
-12.873797
-12.873797
-12.873797
-12.873797
-12.873797
-12.873797
-12.873797
-12.635959
-12.873797
-12.873797
-12.873797
3.823467
-12.873797
-12.873797
-12.873797
-12.873797
-11.668670
-12.873797
-12.873797
-11.091474
-12.873797
-12.873797
-12.212272
-10.438018
-12.873797
-12.873797
-12.873797
-12.873797
-9.414060
-12.873797
-12.873797
-12.873797
-12.873797
-12.247745
-12.873797
-12.021862
5.159131
-12.873797
-12.873797
-12.873797
-12.873797
-9.577350
-12.873797
-12.873797
-12.873797
-12.873797
-12.873797
-12.873797
-12.873797
-12.873797
-12.873797
-12.873797
-12.873797
-12.873797
-12.873797
-12.873797
-12.873797
-12.873797
-12.873797
-11.696088
-12.873797
-11.330758
-12.873797
-12.873797
-12.665732
-12.873797
-12.873797
-12.873797
-12.873797
-12.873797
-12.873797
-12.873797
-12.873797
-12.873797
-12.873797
-12.333059
-12.873797
-12.873797
-12.873797
-12.873797
4.416718
-12.873797
-12.873797
-10.642724
-12.873797
-12.873797
-12.873797
-12.873797
-12.873797
-12.873797
-12.873797
-12.873797
-12.873797
-12.873797
-12.873797
-12.873797
-12.873797
-12.873797
-12.873797
-12.873797
-12.873797
-10.781811
-12.873797
-12.873797
-12.873797
-12.873797
-12.873797
-12.572901
-12.873797
-12.873797
-12.873797
-12.873797
-12.873797
-12.635959
-12.873797
-12.873797
-12.873797
-12.873797
-12.873797
-12.873797
-12.873797
-12.873797
-12.572901
-12.873797
-12.873797
-12.873797
-12.873797
-12.873797
-12.873797
-12.873797
-12.873797
-12.873797
-12.873797
-12.873797
-12.873797
-12.873797
-12.873797
-12.873797
-12.364837
-12.873797
-12.873797
-6.446529
-12.873797
-12.873797
-12.873797
-12.873797
-12.873797
-12.873797
-4.926765
-11.041638
-12.873797
-12.873797
-12.873797
-12.873797
-9.771692
-12.873797
-12.873797
-12.873797
-10.986691
-12.873797
-12.873797
-12.873797
-7.884548
3.443751
-12.873797
-12.873797
-12.873797
-12.873797
-12.873797
-2.556493
-12.873797
-12.873797
-12.873797
-12.873797
-12.873797
-12.873797
-12.873797
-12.873797
-12.873797
-12.873797
-12.873797
-12.873797
-12.873797
-12.873797
-12.873797
-12.873797
-12.873797
-12.212272
-12.873797
-12.873797
-12.873797
-12.873797
-12.873797
-12.873797
-12.873797
-12.873797
-12.873797
-12.873797
-12.568211
-11.359927
-12.873797
-12.873797
-12.873797
-12.873797
-12.873797
-6.828936
-12.873797
-12.116991
-12.873797
-12.873797
-12.873797
-12.873797
-12.873797
-12.873797
-12.873797
-12.873797
-12.873797
-12.873797
-4.928050
-12.873797
-12.873797
-12.873797
-12.873797
-12.873797
-12.873797
-12.873797
-12.873797
-12.873797
-12.873797
-12.873797
-12.873797
-12.873797
-12.873797
-1.246607
-12.873797
-12.220423
-12.873797
-12.873797
-12.873797
-12.873797
-12.873797
-12.873797
-12.873797
-11.944007
-12.873797
-12.873797
-12.873797
-12.873797
-4.392276
-12.873797
-11.642958
-12.873797
-12.873797
-12.873797
-12.873797
-12.873797
-12.873797
-12.873797
-12.873797
-8.651742
-12.873797
-12.873797
-12.873797
-12.873797
-12.873797
-12.873797
-12.873797
-12.873797
-12.873797
-12.873797
-12.873797
-12.873797
-12.873797
-12.873797
-12.873797
-12.664803
-12.873797
-12.873797
