0.25963006045460046	0.06528401107857437	0.15593755077568183	1
0.24596582488011523	-0.0245613150366021	0.135846167780384	1
0.17269772065141198	-0.05874487392817573	0.11341781182894958	1
0.0115207009996417	0.08044133220355505	0.10389494846587356	1
0.23420707613303804	-0.039718636161582783	0.19243608236438364	1
0.3761154984213614	0.08044133220355505	0.3118608342529484	1
0.12342131669435968	0.04625777331198142	-0.057664094949515216	1
-0.38567852428354155	-0.05874487392817573	-0.03356263993156014	2
-0.3031632558993172	-0.05874487392817573	0.04546719004105891	2
0.0319212216410623	-0.05874487392817573	-0.10493000142768046	2
0.008216628423514739	-0.0245613150366021	-0.21325588042505214	2
0.033915347569362014	-0.05874487392817573	0.02798981788053886	1
0.3221640750789818	0.08044133220355505	0.25091397179031666	1
-0.19599238955476575	0.04625777331198142	-0.052681758970351905	2
0.006909255720693026	-0.05874487392817573	0.03022996136142249	1
-0.18748648741755858	-0.05874487392817573	-0.02771085732360543	2
-0.35530821824958314	-0.0245613150366021	0.05216033509195511	2
-0.07849106072449401	0.04625777331198142	-0.11089870779113252	2
-0.38215396743566576	-0.0245613150366021	-0.004859037104384144	2
-0.0615726054579034	-0.05874487392817573	-0.0946840504166139	2
-0.4794663618161437	0.04625777331198142	-0.07034792687218216	2
-0.40464748896446284	-0.0245613150366021	-0.1277907633363083	2
0.13751487707379648	-0.0245613150366021	-0.14194995689477913	2
-0.43415827102980215	-0.05874487392817573	-0.07870987941924194	2
-0.5257636604628358	0.04625777331198142	-0.27143481239795403	2
-0.5209545311857069	0.04625777331198142	0.10008437436438389	2
-0.43327400876421274	-0.0245613150366021	0.11732707799842727	2
-0.5972279110732549	-0.05874487392817573	-0.07490679858355859	2
-0.13808475708887286	0.04625777331198142	0.15477049773331283	2
-0.3080170506839611	-0.05874487392817573	-0.10618816347877903	2
0.603534692537171	0.08044133220355505	0.2535105343121521	1
-0.12106122745361983	-0.05874487392817573	-0.23705837798997606	2
-0.392013970993538	-0.0245613150366021	-8.212877422241263E-4	2
0.46093937140110347	0.04625777331198142	0.29631012752336333	1
-0.35326794640506487	-0.039718636161582783	-0.25091397179031666	2
-0.41804964729425553	-0.0245613150366021	-0.31796462336734355	2
0.05367047598066809	-0.0245613150366021	0.03684429688884669	1
-0.37938179199137384	-0.039718636161582783	0.01894346046053976	1
-0.5219435819037951	-0.05874487392817573	-0.2814696117623342	2
-0.26687707348611966	-0.0245613150366021	-0.1391703695837177	2
-0.29157993788314224	-0.0245613150366021	-0.190177918931719	2
-0.28658799878228175	0.08044133220355505	-0.22200328039202014	2
0.13958669050183584	-0.05874487392817573	0.11354981190951165	1
-0.07771872366758655	-0.05874487392817573	0.333330082990462	2
-0.28255313221709527	-0.05874487392817573	-0.40272849117693804	2
-0.19192811208426613	-0.05874487392817573	-0.17961554152584994	2
-0.4028482396085024	-0.05874487392817573	-0.038264707477109694	2
-0.35289761576415857	-0.05874487392817573	-0.2547245458918063	2
-0.16861339392390556	-0.05874487392817573	-0.19728170942768017	1
-0.3438105575457383	-0.05874487392817573	-0.13615271588336805	1
-0.004220637407255337	-0.05874487392817573	-0.1876193527182358	2
-0.3338749405337992	0.04625777331198142	-0.023249643693658534	2
-0.0636439129438217	0.08044133220355505	-0.10559707591135058	1
-0.08780989535521172	-0.0245613150366021	-0.12585980633501626	1
-0.044584968303016254	-0.0245613150366021	0.13004892676897292	1
0.1555887559325763	-0.05874487392817573	-0.023249643693658534	1
-0.41479953704048805	-0.05874487392817573	-0.2547245458918063	2
-0.5675072022016636	-0.05874487392817573	-0.16563647489731215	2
0.3959790222046376	-0.0245613150366021	-0.025542858706564028	1
-0.5695824564171488	-0.05874487392817573	-0.1458075793270061	2
-0.39989898781536926	-0.05874487392817573	-0.09264055861432825	2
0.3673870460039386	0.08044133220355505	0.1747699144625534	1
-0.16160761074086066	-0.05874487392817573	0.18268261664620966	2
-0.14597697529197726	-0.0245613150366021	0.012383666529659231	2
0.07390149440227704	-0.0245613150366021	0.13108397973077981	1
0.06692407746636311	-0.0245613150366021	0.03678975529230305	2
0.5051976022809297	-0.0245613150366021	0.3206082342199163	1
0.053672205691596295	-0.05874487392817573	0.21589949127762498	1
-0.2527514448629096	0.08044133220355505	-0.08883985086791757	2
0.626569568890722	0.08044133220355505	0.19799865484931806	1
-0.30863458530301807	0.04625777331198142	-0.3006163107564821	2
-0.3851296487325273	-0.05874487392817573	-0.1391703695837177	2
0.002276354376004253	-0.05874487392817573	0.19117792031328504	1
-0.36400403901508827	-0.031100452187000742	-0.261779948954316	2
-0.14767008304249785	-0.05874487392817573	0.09984970583790723	2
0.35884603066791093	0.08044133220355505	0.39571723858587277	1
-0.296399347729136	-0.0245613150366021	-0.1171124063680483	2
-0.23151466354392566	-0.05874487392817573	0.1739352166792417	2
-0.31970317334692566	-0.0245613150366021	0.2062446278339869	2
-0.06889495580592644	-0.0245613150366021	0.04168243068633698	2
0.1551322164930513	0.08044133220355505	0.27143481239795403	1
-0.44588114974115556	-0.0245613150366021	-0.18381627188255245	2
-0.289340567358225	-0.05874487392817573	0.08411020336701193	2
0.3785301419098026	-0.0245613150366021	0.06995409247892218	2
-0.2862951721100266	-0.0245613150366021	-0.09733515453499299	2
-0.4975465360100517	-0.0245613150366021	-0.21325588042505214	2
-0.6389175613510901	-0.05874487392817573	-0.11848654798153781	2
-0.03970013708813512	-0.0245613150366021	0.21095517214634035	2
-0.6528300691079452	-0.0245613150366021	0.013587286984214183	2
-0.14754401363116482	-0.0245613150366021	0.2524238376130945	1
-0.36960558255774806	-0.0245613150366021	-0.1677495629802846	2
-0.27996991246939795	-0.0245613150366021	-0.22797198675547217	2
0.1834137885030233	-0.0245613150366021	0.09086334577410554	1
-0.31079292508861733	-0.06528401107857437	0.011476203052989114	2
-0.42870280201038374	-0.039718636161582783	-0.05017773435341237	2
0.48982226430645787	-0.0245613150366021	0.10683751677147749	2
-0.09362170113840604	0.08044133220355505	-0.15683653748554793	2
0.536775642404988	-0.039718636161582783	0.15536158530074132	1
-0.326547899210929	-0.0245613150366021	-0.15858107183480247	2
0.08442084277996914	-0.039718636161582783	-0.19297552619456138	2
0.028470552584695864	0.08044133220355505	-0.0302534030189175	1
0.014983030970361267	-0.05874487392817573	-0.20420952300505307	1
0.006086712395720933	-0.0245613150366021	0.032027567242698896	1
-0.23279077691799596	-0.0245613150366021	-0.13273508246759289	2
0.08808030111002396	-0.039718636161582783	-0.05445355010486057	2
-0.1818018144871277	-0.0245613150366021	0.053197761143034705	2
-0.28981447189584253	0.08044133220355505	0.017012503459247735	2
-0.22227180426480286	-0.0245613150366021	-0.029400481138791023	2
-0.24994593079024205	-0.0245613150366021	-0.16949409732953913	2
-0.6768959563486588	0.08044133220355505	-0.14302799201594465	2
-0.3134586772680485	-0.039718636161582783	0.013103237289770052	2
-0.11973280005419801	-0.0245613150366021	-0.344250601751005	2
0.2665907911833102	0.08044133220355505	0.1329332293493069	1
-0.5159877065379438	-0.031100452187000742	-0.1922014138379069	2
-0.3735852201220177	-0.0245613150366021	-0.20801260384073642	2
-0.15117457190965347	-0.0245613150366021	-0.10632151459879467	2
-0.18737387205101622	-0.0245613150366021	0.10388745520006724	2
-0.48417754894126064	-0.0245613150366021	-0.3041560778977403	2
-0.4041892801525899	-0.039718636161582783	-0.23886729105923715	2
-0.22089410718484462	0.031100452187000735	-0.13306658046932252	2
-0.2656100679334818	-0.0245613150366021	0.005022018098926665	2
0.005346324676588337	0.08044133220355505	-0.2643794093354444	2
0.48773147680609313	-0.031100452187000742	0.19112337871674143	1
-0.41029333227711134	-0.039718636161582783	-0.2554414913134441	2
-0.08248789197111148	-0.07390219505315641	-0.05216033509195507	1
0.23269126685592015	-0.0245613150366021	0.31095337077627827	1
-0.35268044941478865	-0.08044133220355505	-0.289432478301514	2
-0.12856548906573792	-0.039718636161582783	-0.07008698626702972	2
-0.19097568475601553	-0.039718636161582783	-0.1687495643618506	2
-0.11700156649474136	0.08044133220355505	-0.03332797140508349	2
-0.5725073516061799	-0.039718636161582783	-0.02973197914052066	2
-0.08771241604208199	0.031100452187000735	-0.11238275886714263	2
-0.07810799795850495	-0.0245613150366021	-0.04308143712325749	1
-0.37215784961098847	-0.07390219505315641	-0.17351175241145478	2
-0.34747064771925856	-0.039718636161582783	-0.03293503071936897	2
-0.7337206145177094	-0.0245613150366021	-0.10065186307252041	2
-0.2122098377151323	-0.0245613150366021	0.012250315409643588	2
-0.31476350781747964	-0.0245613150366021	-0.26956506165283545	2
-0.5430782781440703	-0.039718636161582783	0.028194856532488682	2
-0.4936831375503935	-0.031100452187000742	-0.2218756909068833	2
-0.3586971928341596	-0.0245613150366021	-0.20626806949148188	2
-0.39087864412252243	-0.08044133220355505	0.05966956990392219	2
-0.28553492150776527	-0.05874487392817573	0.010360171623471304	2
0.18127453611435465	-0.0245613150366021	0.1125103483522795	1
-0.4781796940128543	-0.0245613150366021	-0.15858107183480247	2
-0.21794705617221657	-0.07390219505315641	-0.13306658046932252	2
-0.029001328466752022	0.031100452187000735	-0.17530935829273114	1
-0.6444045231652124	-0.04625777331198142	-0.05216033509195507	2
-0.11754592732386054	-0.0245613150366021	-0.029400481138791023	2
