=====Started FindAllFeaturesByPhi at 4/23/2021 10:13:05 AM
	Found 0.9946808510638297872340425532 at index 63089. Active features [8489,12914,63089]
	Found 0.9931610942249240121580547112 at index 8597. Active features [8489,12914,63089,8597]
	Found 0.9939209726443768996960486322 at index 8612. Active features [8489,12914,63089,8597,8612]
	Found 0.9908814589665653495440729483 at index 13288. Active features [8489,12914,63089,8597,8612,13288]
	Found 0.9878419452887537993920972644 at index 8747. Active features [8489,12914,63089,8597,8612,13288,8747]
	Found 0.9901215805471124620060790274 at index 12799. Active features [8489,12914,63089,8597,8612,13288,8747,12799]
	Found 0.9908814589665653495440729483 at index 17422. Active features [8489,12914,63089,8597,8612,13288,8747,12799,17422]
	Found 0.9901215805471124620060790274 at index 66112. Active features [8489,12914,63089,8597,8612,13288,8747,12799,17422,66112]
	Found 0.9886018237082066869300911854 at index 21321. Active features [8489,12914,63089,8597,8612,13288,8747,12799,17422,66112,21321]
	Found 0.9901215805471124620060790274 at index 2408. Active features [8489,12914,63089,8597,8612,13288,8747,12799,17422,66112,21321,2408]
	Found 0.9870820668693009118541033435 at index 65195. Active features [8489,12914,63089,8597,8612,13288,8747,12799,17422,66112,21321,2408,65195]
	Found 0.9908814589665653495440729483 at index 2638. Active features [8489,12914,63089,8597,8612,13288,8747,12799,17422,66112,21321,2408,65195,2638]
	Found 0.9886018237082066869300911854 at index 8404. Active features [8489,12914,63089,8597,8612,13288,8747,12799,17422,66112,21321,2408,65195,2638,8404]
	Found 0.9893617021276595744680851064 at index 18829. Active features [8489,12914,63089,8597,8612,13288,8747,12799,17422,66112,21321,2408,65195,2638,8404,18829]
	Found 0.9954407294832826747720364742 at index 15824. Active features [8489,12914,63089,8597,8612,13288,8747,12799,17422,66112,21321,2408,65195,2638,8404,18829,15824]
	Found 0.9870820668693009118541033435 at index 44027. Active features [8489,12914,63089,8597,8612,13288,8747,12799,17422,66112,21321,2408,65195,2638,8404,18829,15824,44027]
	Found 0.9855623100303951367781155015 at index 48444. Active features [8489,12914,63089,8597,8612,13288,8747,12799,17422,66112,21321,2408,65195,2638,8404,18829,15824,44027,48444]
	Found 0.9893617021276595744680851064 at index 18912. Active features [8489,12914,63089,8597,8612,13288,8747,12799,17422,66112,21321,2408,65195,2638,8404,18829,15824,44027,48444,18912]
	Found 0.9870820668693009118541033435 at index 63268. Active features [8489,12914,63089,8597,8612,13288,8747,12799,17422,66112,21321,2408,65195,2638,8404,18829,15824,44027,48444,18912,63268]
	Found 0.9870820668693009118541033435 at index 65075. Active features [8489,12914,63089,8597,8612,13288,8747,12799,17422,66112,21321,2408,65195,2638,8404,18829,15824,44027,48444,18912,63268,65075]
	Found 0.9832826747720364741641337386 at index 66313. Active features [8489,12914,63089,8597,8612,13288,8747,12799,17422,66112,21321,2408,65195,2638,8404,18829,15824,44027,48444,18912,63268,65075,66313]
	Found 0.9931610942249240121580547112 at index 19777. Active features [8489,12914,63089,8597,8612,13288,8747,12799,17422,66112,21321,2408,65195,2638,8404,18829,15824,44027,48444,18912,63268,65075,66313,19777]
	Found 0.9870820668693009118541033435 at index 24666. Active features [8489,12914,63089,8597,8612,13288,8747,12799,17422,66112,21321,2408,65195,2638,8404,18829,15824,44027,48444,18912,63268,65075,66313,19777,24666]
	Found 0.9817629179331306990881458967 at index 19325. Active features [8489,12914,63089,8597,8612,13288,8747,12799,17422,66112,21321,2408,65195,2638,8404,18829,15824,44027,48444,18912,63268,65075,66313,19777,24666,19325]
	Found 0.9848024316109422492401215805 at index 19401. Active features [8489,12914,63089,8597,8612,13288,8747,12799,17422,66112,21321,2408,65195,2638,8404,18829,15824,44027,48444,18912,63268,65075,66313,19777,24666,19325,19401]
	Found 0.9756838905775075987841945289 at index 62207. Active features [8489,12914,63089,8597,8612,13288,8747,12799,17422,66112,21321,2408,65195,2638,8404,18829,15824,44027,48444,18912,63268,65075,66313,19777,24666,19325,19401,62207]
	Found 0.9916413373860182370820668693 at index 8752. Active features [8489,12914,63089,8597,8612,13288,8747,12799,17422,66112,21321,2408,65195,2638,8404,18829,15824,44027,48444,18912,63268,65075,66313,19777,24666,19325,19401,62207,8752]
	Found 0.9886018237082066869300911854 at index 24880. Active features [8489,12914,63089,8597,8612,13288,8747,12799,17422,66112,21321,2408,65195,2638,8404,18829,15824,44027,48444,18912,63268,65075,66313,19777,24666,19325,19401,62207,8752,24880]
	Found 0.9870820668693009118541033435 at index 19975. Active features [8489,12914,63089,8597,8612,13288,8747,12799,17422,66112,21321,2408,65195,2638,8404,18829,15824,44027,48444,18912,63268,65075,66313,19777,24666,19325,19401,62207,8752,24880,19975]
	Found 0.9954407294832826747720364742 at index 66127. Active features [8489,12914,63089,8597,8612,13288,8747,12799,17422,66112,21321,2408,65195,2638,8404,18829,15824,44027,48444,18912,63268,65075,66313,19777,24666,19325,19401,62207,8752,24880,19975,66127]
	Found 0.9832826747720364741641337386 at index 63183. Active features [8489,12914,63089,8597,8612,13288,8747,12799,17422,66112,21321,2408,65195,2638,8404,18829,15824,44027,48444,18912,63268,65075,66313,19777,24666,19325,19401,62207,8752,24880,19975,66127,63183]
	Found 0.9817629179331306990881458967 at index 57866. Active features [8489,12914,63089,8597,8612,13288,8747,12799,17422,66112,21321,2408,65195,2638,8404,18829,15824,44027,48444,18912,63268,65075,66313,19777,24666,19325,19401,62207,8752,24880,19975,66127,63183,57866]
	Found 0.9817629179331306990881458967 at index 21084. Active features [8489,12914,63089,8597,8612,13288,8747,12799,17422,66112,21321,2408,65195,2638,8404,18829,15824,44027,48444,18912,63268,65075,66313,19777,24666,19325,19401,62207,8752,24880,19975,66127,63183,57866,21084]
	Found 0.9787234042553191489361702128 at index 8459. Active features [8489,12914,63089,8597,8612,13288,8747,12799,17422,66112,21321,2408,65195,2638,8404,18829,15824,44027,48444,18912,63268,65075,66313,19777,24666,19325,19401,62207,8752,24880,19975,66127,63183,57866,21084,8459]
	Found 0.9764437689969604863221884498 at index 15076. Active features [8489,12914,63089,8597,8612,13288,8747,12799,17422,66112,21321,2408,65195,2638,8404,18829,15824,44027,48444,18912,63268,65075,66313,19777,24666,19325,19401,62207,8752,24880,19975,66127,63183,57866,21084,8459,15076]
	Found 0.9848024316109422492401215805 at index 21301. Active features [8489,12914,63089,8597,8612,13288,8747,12799,17422,66112,21321,2408,65195,2638,8404,18829,15824,44027,48444,18912,63268,65075,66313,19777,24666,19325,19401,62207,8752,24880,19975,66127,63183,57866,21084,8459,15076,21301]
	Found 0.9840425531914893617021276596 at index 24500. Active features [8489,12914,63089,8597,8612,13288,8747,12799,17422,66112,21321,2408,65195,2638,8404,18829,15824,44027,48444,18912,63268,65075,66313,19777,24666,19325,19401,62207,8752,24880,19975,66127,63183,57866,21084,8459,15076,21301,24500]
	Found 0.9787234042553191489361702128 at index 8041. Active features [8489,12914,63089,8597,8612,13288,8747,12799,17422,66112,21321,2408,65195,2638,8404,18829,15824,44027,48444,18912,63268,65075,66313,19777,24666,19325,19401,62207,8752,24880,19975,66127,63183,57866,21084,8459,15076,21301,24500,8041]
	Found 0.9665653495440729483282674772 at index 24774. Active features [8489,12914,63089,8597,8612,13288,8747,12799,17422,66112,21321,2408,65195,2638,8404,18829,15824,44027,48444,18912,63268,65075,66313,19777,24666,19325,19401,62207,8752,24880,19975,66127,63183,57866,21084,8459,15076,21301,24500,8041,24774]
	Found 0.9916413373860182370820668693 at index 20838. Active features [8489,12914,63089,8597,8612,13288,8747,12799,17422,66112,21321,2408,65195,2638,8404,18829,15824,44027,48444,18912,63268,65075,66313,19777,24666,19325,19401,62207,8752,24880,19975,66127,63183,57866,21084,8459,15076,21301,24500,8041,24774,20838]
	Found 0.9855623100303951367781155015 at index 24887. Active features [8489,12914,63089,8597,8612,13288,8747,12799,17422,66112,21321,2408,65195,2638,8404,18829,15824,44027,48444,18912,63268,65075,66313,19777,24666,19325,19401,62207,8752,24880,19975,66127,63183,57866,21084,8459,15076,21301,24500,8041,24774,20838,24887]
	Found 0.9855623100303951367781155015 at index 21551. Active features [8489,12914,63089,8597,8612,13288,8747,12799,17422,66112,21321,2408,65195,2638,8404,18829,15824,44027,48444,18912,63268,65075,66313,19777,24666,19325,19401,62207,8752,24880,19975,66127,63183,57866,21084,8459,15076,21301,24500,8041,24774,20838,24887,21551]
	Found 0.9848024316109422492401215805 at index 24891. Active features [8489,12914,63089,8597,8612,13288,8747,12799,17422,66112,21321,2408,65195,2638,8404,18829,15824,44027,48444,18912,63268,65075,66313,19777,24666,19325,19401,62207,8752,24880,19975,66127,63183,57866,21084,8459,15076,21301,24500,8041,24774,20838,24887,21551,24891]
	Found 0.9794832826747720364741641337 at index 24556. Active features [8489,12914,63089,8597,8612,13288,8747,12799,17422,66112,21321,2408,65195,2638,8404,18829,15824,44027,48444,18912,63268,65075,66313,19777,24666,19325,19401,62207,8752,24880,19975,66127,63183,57866,21084,8459,15076,21301,24500,8041,24774,20838,24887,21551,24891,24556]
	Found 0.971884498480243161094224924 at index 24638. Active features [8489,12914,63089,8597,8612,13288,8747,12799,17422,66112,21321,2408,65195,2638,8404,18829,15824,44027,48444,18912,63268,65075,66313,19777,24666,19325,19401,62207,8752,24880,19975,66127,63183,57866,21084,8459,15076,21301,24500,8041,24774,20838,24887,21551,24891,24556,24638]
	Found 0.9673252279635258358662613982 at index 24760. Active features [8489,12914,63089,8597,8612,13288,8747,12799,17422,66112,21321,2408,65195,2638,8404,18829,15824,44027,48444,18912,63268,65075,66313,19777,24666,19325,19401,62207,8752,24880,19975,66127,63183,57866,21084,8459,15076,21301,24500,8041,24774,20838,24887,21551,24891,24556,24638,24760]
	Found 0.9787234042553191489361702128 at index 24877. Active features [8489,12914,63089,8597,8612,13288,8747,12799,17422,66112,21321,2408,65195,2638,8404,18829,15824,44027,48444,18912,63268,65075,66313,19777,24666,19325,19401,62207,8752,24880,19975,66127,63183,57866,21084,8459,15076,21301,24500,8041,24774,20838,24887,21551,24891,24556,24638,24760,24877]
	Found 0.9604863221884498480243161094 at index 24573. Active features [8489,12914,63089,8597,8612,13288,8747,12799,17422,66112,21321,2408,65195,2638,8404,18829,15824,44027,48444,18912,63268,65075,66313,19777,24666,19325,19401,62207,8752,24880,19975,66127,63183,57866,21084,8459,15076,21301,24500,8041,24774,20838,24887,21551,24891,24556,24638,24760,24877,24573]
	Found 0.9787234042553191489361702128 at index 24582. Active features [8489,12914,63089,8597,8612,13288,8747,12799,17422,66112,21321,2408,65195,2638,8404,18829,15824,44027,48444,18912,63268,65075,66313,19777,24666,19325,19401,62207,8752,24880,19975,66127,63183,57866,21084,8459,15076,21301,24500,8041,24774,20838,24887,21551,24891,24556,24638,24760,24877,24573,24582]
	Found 0.9642857142857142857142857143 at index 24816. Active features [8489,12914,63089,8597,8612,13288,8747,12799,17422,66112,21321,2408,65195,2638,8404,18829,15824,44027,48444,18912,63268,65075,66313,19777,24666,19325,19401,62207,8752,24880,19975,66127,63183,57866,21084,8459,15076,21301,24500,8041,24774,20838,24887,21551,24891,24556,24638,24760,24877,24573,24582,24816]
	Found 0.9848024316109422492401215805 at index 41452. Active features [8489,12914,63089,8597,8612,13288,8747,12799,17422,66112,21321,2408,65195,2638,8404,18829,15824,44027,48444,18912,63268,65075,66313,19777,24666,19325,19401,62207,8752,24880,19975,66127,63183,57866,21084,8459,15076,21301,24500,8041,24774,20838,24887,21551,24891,24556,24638,24760,24877,24573,24582,24816,41452]
	Found 0.9582066869300911854103343465 at index 8596. Active features [8489,12914,63089,8597,8612,13288,8747,12799,17422,66112,21321,2408,65195,2638,8404,18829,15824,44027,48444,18912,63268,65075,66313,19777,24666,19325,19401,62207,8752,24880,19975,66127,63183,57866,21084,8459,15076,21301,24500,8041,24774,20838,24887,21551,24891,24556,24638,24760,24877,24573,24582,24816,41452,8596]
	Found 0.9756838905775075987841945289 at index 8402. Active features [8489,12914,63089,8597,8612,13288,8747,12799,17422,66112,21321,2408,65195,2638,8404,18829,15824,44027,48444,18912,63268,65075,66313,19777,24666,19325,19401,62207,8752,24880,19975,66127,63183,57866,21084,8459,15076,21301,24500,8041,24774,20838,24887,21551,24891,24556,24638,24760,24877,24573,24582,24816,41452,8596,8402]
	Found 0.9620060790273556231003039514 at index 20943. Active features [8489,12914,63089,8597,8612,13288,8747,12799,17422,66112,21321,2408,65195,2638,8404,18829,15824,44027,48444,18912,63268,65075,66313,19777,24666,19325,19401,62207,8752,24880,19975,66127,63183,57866,21084,8459,15076,21301,24500,8041,24774,20838,24887,21551,24891,24556,24638,24760,24877,24573,24582,24816,41452,8596,8402,20943]
	Found 0.9513677811550151975683890578 at index 64226. Active features [8489,12914,63089,8597,8612,13288,8747,12799,17422,66112,21321,2408,65195,2638,8404,18829,15824,44027,48444,18912,63268,65075,66313,19777,24666,19325,19401,62207,8752,24880,19975,66127,63183,57866,21084,8459,15076,21301,24500,8041,24774,20838,24887,21551,24891,24556,24638,24760,24877,24573,24582,24816,41452,8596,8402,20943,64226]
	Found 0.9825227963525835866261398176 at index 8392. Active features [8489,12914,63089,8597,8612,13288,8747,12799,17422,66112,21321,2408,65195,2638,8404,18829,15824,44027,48444,18912,63268,65075,66313,19777,24666,19325,19401,62207,8752,24880,19975,66127,63183,57866,21084,8459,15076,21301,24500,8041,24774,20838,24887,21551,24891,24556,24638,24760,24877,24573,24582,24816,41452,8596,8402,20943,64226,8392]
Features:
	8489. Feature{"Ft 010695." is_continuous=False}
	12914. Feature{"Ft 016887." is_continuous=False}
	63089. Feature{"Ft 088025." is_continuous=False}
	8597. Feature{"Ft 010822." is_continuous=False}
	8612. Feature{"Ft 010846." is_continuous=False}
	13288. Feature{"Ft 017359." is_continuous=False}
	8747. Feature{"Ft 011028." is_continuous=False}
	12799. Feature{"Ft 016737." is_continuous=False}
	17422. Feature{"Ft 023158." is_continuous=False}
	66112. Feature{"Ft 093529." is_continuous=False}
	21321. Feature{"Ft 029312." is_continuous=False}
	2408. Feature{"Ft 003134." is_continuous=False}
	65195. Feature{"Ft 091839." is_continuous=False}
	2638. Feature{"Ft 003392." is_continuous=False}
	8404. Feature{"Ft 010569." is_continuous=False}
	18829. Feature{"Ft 025178." is_continuous=False}
	15824. Feature{"Ft 020728." is_continuous=False}
	44027. Feature{"Ft 061976." is_continuous=False}
	48444. Feature{"Ft 067152." is_continuous=False}
	18912. Feature{"Ft 025275." is_continuous=False}
	63268. Feature{"Ft 088389." is_continuous=False}
	65075. Feature{"Ft 091646." is_continuous=False}
	66313. Feature{"Ft 094101." is_continuous=False}
	19777. Feature{"Ft 026490." is_continuous=False}
	24666. Feature{"Ft 035434." is_continuous=False}
	19325. Feature{"Ft 025893." is_continuous=False}
	19401. Feature{"Ft 025983." is_continuous=False}
	62207. Feature{"Ft 086222." is_continuous=False}
	8752. Feature{"Ft 011042." is_continuous=False}
	24880. Feature{"Ft 035709." is_continuous=False}
	19975. Feature{"Ft 026872." is_continuous=False}
	66127. Feature{"Ft 093562." is_continuous=False}
	63183. Feature{"Ft 088232." is_continuous=False}
	57866. Feature{"Ft 079616." is_continuous=False}
	21084. Feature{"Ft 028852." is_continuous=False}
	8459. Feature{"Ft 010659." is_continuous=False}
	15076. Feature{"Ft 019815." is_continuous=False}
	21301. Feature{"Ft 029290." is_continuous=False}
	24500. Feature{"Ft 035188." is_continuous=False}
	8041. Feature{"Ft 010085." is_continuous=False}
	24774. Feature{"Ft 035570." is_continuous=False}
	20838. Feature{"Ft 028481." is_continuous=False}
	24887. Feature{"Ft 035717." is_continuous=False}
	21551. Feature{"Ft 029622." is_continuous=False}
	24891. Feature{"Ft 035722." is_continuous=False}
	24556. Feature{"Ft 035275." is_continuous=False}
	24638. Feature{"Ft 035382." is_continuous=False}
	24760. Feature{"Ft 035553." is_continuous=False}
	24877. Feature{"Ft 035706." is_continuous=False}
	24573. Feature{"Ft 035296." is_continuous=False}
	24582. Feature{"Ft 035309." is_continuous=False}
	24816. Feature{"Ft 035636." is_continuous=False}
	41452. Feature{"Ft 058407." is_continuous=False}
	8596. Feature{"Ft 010821." is_continuous=False}
	8402. Feature{"Ft 010565." is_continuous=False}
	20943. Feature{"Ft 028620." is_continuous=False}
	64226. Feature{"Ft 090331." is_continuous=False}
	8392. Feature{"Ft 010549." is_continuous=False}
=====Ended FindAllFeaturesByPhi at 4/23/2021 9:09:20 PM
