Stability: 15.221476510067114093959731544
Active features: 0, 1, 2
Noisy objects (23): 11, 22, 28, 37, 45, 46, 48, 49, 53, 62, 65, 83, 87, 95, 96, 101, 104, 105, 107, 116, 132, 136, 146
Standart objects (7): 43, 68, 89, 100, 108, 121, 122
{121, 0.128575212483465M}
{68, 0.276537800560805M}
{108, 0.293890235433101M}
{100, 0.11972756272823M}
{122, 0.572327544435888M}
{89, 0.154058172873228M}
{43, 0.119150430400287M}
Groups (5): {0, 1, 2, 3, 97, 4, 5, 122, 54, 75, 55, 30, 125, 58, 33, 80, 12, 61, 112, 64, 66, 42, 69, 92, 143, 72, 102, 36, 14, 67, 100, 52}
{24, 25, 120, 51, 26, 73, 98, 27, 74, 29, 123, 7, 76, 56, 8, 57, 32, 78, 126, 106, 127, 10, 108, 59, 34, 128, 109, 60, 35, 13, 81, 110, 130, 82, 111, 63, 131, 38, 15, 84, 133, 39, 16, 85, 113, 134, 17, 86, 114, 135, 41, 18, 68, 88, 137, 19, 117, 138, 20, 70, 44, 90, 118, 139, 21, 71, 47, 119, 91, 140, 23, 144, 141, 145, 142, 93, 147, 94, 50, 121, 31, 77, 103, 9, 79, 129, 40, 115, 148, 99}
{6, 89}
{124}
{43}
