=====Started FindAllFeaturesByRsResult at 5/3/2021 6:26:07 PM
	Found 0.1135446450127557747727311865 at index 12832. Active features [8489,12832]
	Found 0.0972512270499372554131269191 at index 57897. Active features [8489,12832,57897]
	Found 0.0862727895934959376017174945 at index 10483. Active features [8489,12832,57897,10483]
	Found 0.0807380522437905461855109665 at index 21211. Active features [8489,12832,57897,10483,21211]
	Found 0.0758853678571527915239672784 at index 19596. Active features [8489,12832,57897,10483,21211,19596]
	Found 0.072403582841322639366744478 at index 57860. Active features [8489,12832,57897,10483,21211,19596,57860]
	Found 0.0691986090714627564797790111 at index 64276. Active features [8489,12832,57897,10483,21211,19596,57860,64276]
	Found 0.0669061524343593022372797891 at index 20150. Active features [8489,12832,57897,10483,21211,19596,57860,64276,20150]
	Found 0.0648680793793465902492505292 at index 65195. Active features [8489,12832,57897,10483,21211,19596,57860,64276,20150,65195]
	Found 0.0631150216085405165012816172 at index 57608. Active features [8489,12832,57897,10483,21211,19596,57860,64276,20150,65195,57608]
	Found 0.0615549567466560670614026747 at index 88858. Active features [8489,12832,57897,10483,21211,19596,57860,64276,20150,65195,57608,88858]
	Found 0.0601569508560301122818518023 at index 20265. Active features [8489,12832,57897,10483,21211,19596,57860,64276,20150,65195,57608,88858,20265]
	Found 0.0590721826112310094291422552 at index 52110. Active features [8489,12832,57897,10483,21211,19596,57860,64276,20150,65195,57608,88858,20265,52110]
	Found 0.0579424738089135737505611144 at index 23039. Active features [8489,12832,57897,10483,21211,19596,57860,64276,20150,65195,57608,88858,20265,52110,23039]
	Found 0.0569657082028500476161744733 at index 2638. Active features [8489,12832,57897,10483,21211,19596,57860,64276,20150,65195,57608,88858,20265,52110,23039,2638]
	Found 0.056108110582999385851273149 at index 20036. Active features [8489,12832,57897,10483,21211,19596,57860,64276,20150,65195,57608,88858,20265,52110,23039,2638,20036]
	Found 0.0552591014299215580026716056 at index 12836. Active features [8489,12832,57897,10483,21211,19596,57860,64276,20150,65195,57608,88858,20265,52110,23039,2638,20036,12836]
	Found 0.054547260435938952283535025 at index 20028. Active features [8489,12832,57897,10483,21211,19596,57860,64276,20150,65195,57608,88858,20265,52110,23039,2638,20036,12836,20028]
	Found 0.0539034938204611477807633395 at index 17613. Active features [8489,12832,57897,10483,21211,19596,57860,64276,20150,65195,57608,88858,20265,52110,23039,2638,20036,12836,20028,17613]
	Found 0.0533860688977050668157711331 at index 65075. Active features [8489,12832,57897,10483,21211,19596,57860,64276,20150,65195,57608,88858,20265,52110,23039,2638,20036,12836,20028,17613,65075]
	Found 0.0528646496390030653604113485 at index 57594. Active features [8489,12832,57897,10483,21211,19596,57860,64276,20150,65195,57608,88858,20265,52110,23039,2638,20036,12836,20028,17613,65075,57594]
	Found 0.0523270599044206831096207533 at index 21084. Active features [8489,12832,57897,10483,21211,19596,57860,64276,20150,65195,57608,88858,20265,52110,23039,2638,20036,12836,20028,17613,65075,57594,21084]
	Found 0.0518531017763591819947680486 at index 20262. Active features [8489,12832,57897,10483,21211,19596,57860,64276,20150,65195,57608,88858,20265,52110,23039,2638,20036,12836,20028,17613,65075,57594,21084,20262]
	Found 0.0514268700101718317793747894 at index 19613. Active features [8489,12832,57897,10483,21211,19596,57860,64276,20150,65195,57608,88858,20265,52110,23039,2638,20036,12836,20028,17613,65075,57594,21084,20262,19613]
	Found 0.0509160380460602613646523411 at index 64226. Active features [8489,12832,57897,10483,21211,19596,57860,64276,20150,65195,57608,88858,20265,52110,23039,2638,20036,12836,20028,17613,65075,57594,21084,20262,19613,64226]
	Found 0.0504901774837861853851610098 at index 58236. Active features [8489,12832,57897,10483,21211,19596,57860,64276,20150,65195,57608,88858,20265,52110,23039,2638,20036,12836,20028,17613,65075,57594,21084,20262,19613,64226,58236]
	Found 0.0501120249806695543905464464 at index 22436. Active features [8489,12832,57897,10483,21211,19596,57860,64276,20150,65195,57608,88858,20265,52110,23039,2638,20036,12836,20028,17613,65075,57594,21084,20262,19613,64226,58236,22436]
	Found 0.0497292872745434616978033969 at index 88898. Active features [8489,12832,57897,10483,21211,19596,57860,64276,20150,65195,57608,88858,20265,52110,23039,2638,20036,12836,20028,17613,65075,57594,21084,20262,19613,64226,58236,22436,88898]
	Found 0.0494491791440066784367235603 at index 8747. Active features [8489,12832,57897,10483,21211,19596,57860,64276,20150,65195,57608,88858,20265,52110,23039,2638,20036,12836,20028,17613,65075,57594,21084,20262,19613,64226,58236,22436,88898,8747]
	Found 0.0491476452110920935528799195 at index 57639. Active features [8489,12832,57897,10483,21211,19596,57860,64276,20150,65195,57608,88858,20265,52110,23039,2638,20036,12836,20028,17613,65075,57594,21084,20262,19613,64226,58236,22436,88898,8747,57639]
	Found 0.048787169070440360639123833 at index 15824. Active features [8489,12832,57897,10483,21211,19596,57860,64276,20150,65195,57608,88858,20265,52110,23039,2638,20036,12836,20028,17613,65075,57594,21084,20262,19613,64226,58236,22436,88898,8747,57639,15824]
	Found 0.0485466428775672865120456752 at index 2408. Active features [8489,12832,57897,10483,21211,19596,57860,64276,20150,65195,57608,88858,20265,52110,23039,2638,20036,12836,20028,17613,65075,57594,21084,20262,19613,64226,58236,22436,88898,8747,57639,15824,2408]
	Found 0.0483050588030377360355156154 at index 60381. Active features [8489,12832,57897,10483,21211,19596,57860,64276,20150,65195,57608,88858,20265,52110,23039,2638,20036,12836,20028,17613,65075,57594,21084,20262,19613,64226,58236,22436,88898,8747,57639,15824,2408,60381]
	Found 0.0479907237826153738496583534 at index 13288. Active features [8489,12832,57897,10483,21211,19596,57860,64276,20150,65195,57608,88858,20265,52110,23039,2638,20036,12836,20028,17613,65075,57594,21084,20262,19613,64226,58236,22436,88898,8747,57639,15824,2408,60381,13288]
	Found 0.0477752624005897736986320681 at index 19975. Active features [8489,12832,57897,10483,21211,19596,57860,64276,20150,65195,57608,88858,20265,52110,23039,2638,20036,12836,20028,17613,65075,57594,21084,20262,19613,64226,58236,22436,88898,8747,57639,15824,2408,60381,13288,19975]
	Found 0.0475543920667745304516717048 at index 63089. Active features [8489,12832,57897,10483,21211,19596,57860,64276,20150,65195,57608,88858,20265,52110,23039,2638,20036,12836,20028,17613,65075,57594,21084,20262,19613,64226,58236,22436,88898,8747,57639,15824,2408,60381,13288,19975,63089]
	Found 0.0472786632286596072129674722 at index 19405. Active features [8489,12832,57897,10483,21211,19596,57860,64276,20150,65195,57608,88858,20265,52110,23039,2638,20036,12836,20028,17613,65075,57594,21084,20262,19613,64226,58236,22436,88898,8747,57639,15824,2408,60381,13288,19975,63089,19405]
	Found 0.0470694377652208629757095062 at index 10299. Active features [8489,12832,57897,10483,21211,19596,57860,64276,20150,65195,57608,88858,20265,52110,23039,2638,20036,12836,20028,17613,65075,57594,21084,20262,19613,64226,58236,22436,88898,8747,57639,15824,2408,60381,13288,19975,63089,19405,10299]
	Found 0.0468952648792866944297749076 at index 20635. Active features [8489,12832,57897,10483,21211,19596,57860,64276,20150,65195,57608,88858,20265,52110,23039,2638,20036,12836,20028,17613,65075,57594,21084,20262,19613,64226,58236,22436,88898,8747,57639,15824,2408,60381,13288,19975,63089,19405,10299,20635]
	Found 0.0467156845672537865373789955 at index 27477. Active features [8489,12832,57897,10483,21211,19596,57860,64276,20150,65195,57608,88858,20265,52110,23039,2638,20036,12836,20028,17613,65075,57594,21084,20262,19613,64226,58236,22436,88898,8747,57639,15824,2408,60381,13288,19975,63089,19405,10299,20635,27477]
	Found 0.0465215616418158906429855409 at index 20142. Active features [8489,12832,57897,10483,21211,19596,57860,64276,20150,65195,57608,88858,20265,52110,23039,2638,20036,12836,20028,17613,65075,57594,21084,20262,19613,64226,58236,22436,88898,8747,57639,15824,2408,60381,13288,19975,63089,19405,10299,20635,27477,20142]
	Found 0.0463676122534672785716290049 at index 8465. Active features [8489,12832,57897,10483,21211,19596,57860,64276,20150,65195,57608,88858,20265,52110,23039,2638,20036,12836,20028,17613,65075,57594,21084,20262,19613,64226,58236,22436,88898,8747,57639,15824,2408,60381,13288,19975,63089,19405,10299,20635,27477,20142,8465]
	Found 0.0462049130499992447219432769 at index 19173. Active features [8489,12832,57897,10483,21211,19596,57860,64276,20150,65195,57608,88858,20265,52110,23039,2638,20036,12836,20028,17613,65075,57594,21084,20262,19613,64226,58236,22436,88898,8747,57639,15824,2408,60381,13288,19975,63089,19405,10299,20635,27477,20142,8465,19173]
	Found 0.0460335590957840923884303523 at index 63828. Active features [8489,12832,57897,10483,21211,19596,57860,64276,20150,65195,57608,88858,20265,52110,23039,2638,20036,12836,20028,17613,65075,57594,21084,20262,19613,64226,58236,22436,88898,8747,57639,15824,2408,60381,13288,19975,63089,19405,10299,20635,27477,20142,8465,19173,63828]
	Found 0.0459049242955214990860159551 at index 39192. Active features [8489,12832,57897,10483,21211,19596,57860,64276,20150,65195,57608,88858,20265,52110,23039,2638,20036,12836,20028,17613,65075,57594,21084,20262,19613,64226,58236,22436,88898,8747,57639,15824,2408,60381,13288,19975,63089,19405,10299,20635,27477,20142,8465,19173,63828,39192]
	Found 0.0457689591966774792776286765 at index 21025. Active features [8489,12832,57897,10483,21211,19596,57860,64276,20150,65195,57608,88858,20265,52110,23039,2638,20036,12836,20028,17613,65075,57594,21084,20262,19613,64226,58236,22436,88898,8747,57639,15824,2408,60381,13288,19975,63089,19405,10299,20635,27477,20142,8465,19173,63828,39192,21025]
	Found 0.0456311024048680799711800167 at index 48105. Active features [8489,12832,57897,10483,21211,19596,57860,64276,20150,65195,57608,88858,20265,52110,23039,2638,20036,12836,20028,17613,65075,57594,21084,20262,19613,64226,58236,22436,88898,8747,57639,15824,2408,60381,13288,19975,63089,19405,10299,20635,27477,20142,8465,19173,63828,39192,21025,48105]
	Found 0.0454976200619822792728971802 at index 19751. Active features [8489,12832,57897,10483,21211,19596,57860,64276,20150,65195,57608,88858,20265,52110,23039,2638,20036,12836,20028,17613,65075,57594,21084,20262,19613,64226,58236,22436,88898,8747,57639,15824,2408,60381,13288,19975,63089,19405,10299,20635,27477,20142,8465,19173,63828,39192,21025,48105,19751]
	Found 0.0453776443882017987718125636 at index 9117. Active features [8489,12832,57897,10483,21211,19596,57860,64276,20150,65195,57608,88858,20265,52110,23039,2638,20036,12836,20028,17613,65075,57594,21084,20262,19613,64226,58236,22436,88898,8747,57639,15824,2408,60381,13288,19975,63089,19405,10299,20635,27477,20142,8465,19173,63828,39192,21025,48105,19751,9117]
	Found 0.0452731766034104501544598853 at index 11125. Active features [8489,12832,57897,10483,21211,19596,57860,64276,20150,65195,57608,88858,20265,52110,23039,2638,20036,12836,20028,17613,65075,57594,21084,20262,19613,64226,58236,22436,88898,8747,57639,15824,2408,60381,13288,19975,63089,19405,10299,20635,27477,20142,8465,19173,63828,39192,21025,48105,19751,9117,11125]
	Found 0.045160664405780163903450336 at index 19777. Active features [8489,12832,57897,10483,21211,19596,57860,64276,20150,65195,57608,88858,20265,52110,23039,2638,20036,12836,20028,17613,65075,57594,21084,20262,19613,64226,58236,22436,88898,8747,57639,15824,2408,60381,13288,19975,63089,19405,10299,20635,27477,20142,8465,19173,63828,39192,21025,48105,19751,9117,11125,19777]
Features:
	8489. Feature{"Ft 010695." is_continuous=False}
	12832. Feature{"Ft 016794." is_continuous=False}
	57897. Feature{"Ft 079651." is_continuous=False}
	10483. Feature{"Ft 013359." is_continuous=False}
	21211. Feature{"Ft 029153." is_continuous=False}
	19596. Feature{"Ft 026238." is_continuous=False}
	57860. Feature{"Ft 079604." is_continuous=False}
	64276. Feature{"Ft 090406." is_continuous=False}
	20150. Feature{"Ft 027151." is_continuous=False}
	65195. Feature{"Ft 091839." is_continuous=False}
	57608. Feature{"Ft 079245." is_continuous=False}
	88858. Feature{"Ft 135817." is_continuous=False}
	20265. Feature{"Ft 027360." is_continuous=False}
	52110. Feature{"Ft 072034." is_continuous=False}
	23039. Feature{"Ft 032597." is_continuous=False}
	2638. Feature{"Ft 003392." is_continuous=False}
	20036. Feature{"Ft 026965." is_continuous=False}
	12836. Feature{"Ft 016798." is_continuous=False}
	20028. Feature{"Ft 026953." is_continuous=False}
	17613. Feature{"Ft 023406." is_continuous=False}
	65075. Feature{"Ft 091646." is_continuous=False}
	57594. Feature{"Ft 079226." is_continuous=False}
	21084. Feature{"Ft 028852." is_continuous=False}
	20262. Feature{"Ft 027356." is_continuous=False}
	19613. Feature{"Ft 026265." is_continuous=False}
	64226. Feature{"Ft 090331." is_continuous=False}
	58236. Feature{"Ft 080107." is_continuous=False}
	22436. Feature{"Ft 031644." is_continuous=False}
	88898. Feature{"Ft 135882." is_continuous=False}
	8747. Feature{"Ft 011028." is_continuous=False}
	57639. Feature{"Ft 079291." is_continuous=False}
	15824. Feature{"Ft 020728." is_continuous=False}
	2408. Feature{"Ft 003134." is_continuous=False}
	60381. Feature{"Ft 083120." is_continuous=False}
	13288. Feature{"Ft 017359." is_continuous=False}
	19975. Feature{"Ft 026872." is_continuous=False}
	63089. Feature{"Ft 088025." is_continuous=False}
	19405. Feature{"Ft 025988." is_continuous=False}
	10299. Feature{"Ft 013132." is_continuous=False}
	20635. Feature{"Ft 028062." is_continuous=False}
	27477. Feature{"Ft 039499." is_continuous=False}
	20142. Feature{"Ft 027136." is_continuous=False}
	8465. Feature{"Ft 010667." is_continuous=False}
	19173. Feature{"Ft 025630." is_continuous=False}
	63828. Feature{"Ft 089574." is_continuous=False}
	39192. Feature{"Ft 054842." is_continuous=False}
	21025. Feature{"Ft 028746." is_continuous=False}
	48105. Feature{"Ft 066772." is_continuous=False}
	19751. Feature{"Ft 026449." is_continuous=False}
	9117. Feature{"Ft 011643." is_continuous=False}
	11125. Feature{"Ft 014226." is_continuous=False}
	19777. Feature{"Ft 026490." is_continuous=False}
=====Ended FindAllFeaturesByRsResult at 5/3/2021 6:27:47 PM
=====Started FindAllFeaturesByRsResult at 5/3/2021 6:27:47 PM
	Found 0.1519312161714794330602776111 at index 8519. Active features [12914,8519]
	Found 0.1286019254078151301992354155 at index 26772. Active features [12914,8519,26772]
	Found 0.1164041816045006766199841556 at index 26934. Active features [12914,8519,26772,26934]
	Found 0.1080818501375797751258648955 at index 16007. Active features [12914,8519,26772,26934,16007]
	Found 0.1020512728407473349486753681 at index 20143. Active features [12914,8519,26772,26934,16007,20143]
	Found 0.0972689503258983140862288058 at index 57696. Active features [12914,8519,26772,26934,16007,20143,57696]
	Found 0.0931013685856909841490967735 at index 2592. Active features [12914,8519,26772,26934,16007,20143,57696,2592]
	Found 0.0898608289449943086458338608 at index 8641. Active features [12914,8519,26772,26934,16007,20143,57696,2592,8641]
	Found 0.0869806766770487463145076963 at index 19614. Active features [12914,8519,26772,26934,16007,20143,57696,2592,8641,19614]
	Found 0.0846406524117187824831025997 at index 22564. Active features [12914,8519,26772,26934,16007,20143,57696,2592,8641,19614,22564]
	Found 0.0826417117648587959836215112 at index 39181. Active features [12914,8519,26772,26934,16007,20143,57696,2592,8641,19614,22564,39181]
	Found 0.0807400193528260250036546727 at index 23075. Active features [12914,8519,26772,26934,16007,20143,57696,2592,8641,19614,22564,39181,23075]
	Found 0.0791583163713207849102561956 at index 22562. Active features [12914,8519,26772,26934,16007,20143,57696,2592,8641,19614,22564,39181,23075,22562]
	Found 0.0777051628965988543159414445 at index 20872. Active features [12914,8519,26772,26934,16007,20143,57696,2592,8641,19614,22564,39181,23075,22562,20872]
	Found 0.07641190735016159857931427 at index 2839. Active features [12914,8519,26772,26934,16007,20143,57696,2592,8641,19614,22564,39181,23075,22562,20872,2839]
	Found 0.0752328303341536432286222642 at index 20133. Active features [12914,8519,26772,26934,16007,20143,57696,2592,8641,19614,22564,39181,23075,22562,20872,2839,20133]
	Found 0.0741440377582427216533532132 at index 24887. Active features [12914,8519,26772,26934,16007,20143,57696,2592,8641,19614,22564,39181,23075,22562,20872,2839,20133,24887]
	Found 0.0731604918059587562506815613 at index 16057. Active features [12914,8519,26772,26934,16007,20143,57696,2592,8641,19614,22564,39181,23075,22562,20872,2839,20133,24887,16057]
	Found 0.0722012068106069820773633314 at index 19599. Active features [12914,8519,26772,26934,16007,20143,57696,2592,8641,19614,22564,39181,23075,22562,20872,2839,20133,24887,16057,19599]
	Found 0.0713696453552489962598067449 at index 60539. Active features [12914,8519,26772,26934,16007,20143,57696,2592,8641,19614,22564,39181,23075,22562,20872,2839,20133,24887,16057,19599,60539]
	Found 0.0705742395203218220933509665 at index 19414. Active features [12914,8519,26772,26934,16007,20143,57696,2592,8641,19614,22564,39181,23075,22562,20872,2839,20133,24887,16057,19599,60539,19414]
	Found 0.0698174068382791546187338288 at index 22391. Active features [12914,8519,26772,26934,16007,20143,57696,2592,8641,19614,22564,39181,23075,22562,20872,2839,20133,24887,16057,19599,60539,19414,22391]
	Found 0.0691289150865650244616049985 at index 21368. Active features [12914,8519,26772,26934,16007,20143,57696,2592,8641,19614,22564,39181,23075,22562,20872,2839,20133,24887,16057,19599,60539,19414,22391,21368]
	Found 0.068490158050601039348993351 at index 57935. Active features [12914,8519,26772,26934,16007,20143,57696,2592,8641,19614,22564,39181,23075,22562,20872,2839,20133,24887,16057,19599,60539,19414,22391,21368,57935]
	Found 0.0679060513563580087200466411 at index 52093. Active features [12914,8519,26772,26934,16007,20143,57696,2592,8641,19614,22564,39181,23075,22562,20872,2839,20133,24887,16057,19599,60539,19414,22391,21368,57935,52093]
	Found 0.0673433133769698244981658456 at index 9439. Active features [12914,8519,26772,26934,16007,20143,57696,2592,8641,19614,22564,39181,23075,22562,20872,2839,20133,24887,16057,19599,60539,19414,22391,21368,57935,52093,9439]
	Found 0.066800705219301592903980473 at index 20146. Active features [12914,8519,26772,26934,16007,20143,57696,2592,8641,19614,22564,39181,23075,22562,20872,2839,20133,24887,16057,19599,60539,19414,22391,21368,57935,52093,9439,20146]
	Found 0.0663045949142663469249766541 at index 42443. Active features [12914,8519,26772,26934,16007,20143,57696,2592,8641,19614,22564,39181,23075,22562,20872,2839,20133,24887,16057,19599,60539,19414,22391,21368,57935,52093,9439,20146,42443]
	Found 0.0658402622755383049951500519 at index 19770. Active features [12914,8519,26772,26934,16007,20143,57696,2592,8641,19614,22564,39181,23075,22562,20872,2839,20133,24887,16057,19599,60539,19414,22391,21368,57935,52093,9439,20146,42443,19770]
	Found 0.0653576648246545761525887514 at index 64143. Active features [12914,8519,26772,26934,16007,20143,57696,2592,8641,19614,22564,39181,23075,22562,20872,2839,20133,24887,16057,19599,60539,19414,22391,21368,57935,52093,9439,20146,42443,19770,64143]
	Found 0.0649447076302993482183601187 at index 21414. Active features [12914,8519,26772,26934,16007,20143,57696,2592,8641,19614,22564,39181,23075,22562,20872,2839,20133,24887,16057,19599,60539,19414,22391,21368,57935,52093,9439,20146,42443,19770,64143,21414]
	Found 0.0645398443301504281085837541 at index 27422. Active features [12914,8519,26772,26934,16007,20143,57696,2592,8641,19614,22564,39181,23075,22562,20872,2839,20133,24887,16057,19599,60539,19414,22391,21368,57935,52093,9439,20146,42443,19770,64143,21414,27422]
	Found 0.0641324533201220843746059193 at index 73837. Active features [12914,8519,26772,26934,16007,20143,57696,2592,8641,19614,22564,39181,23075,22562,20872,2839,20133,24887,16057,19599,60539,19414,22391,21368,57935,52093,9439,20146,42443,19770,64143,21414,27422,73837]
	Found 0.0637704986146855452394186359 at index 25679. Active features [12914,8519,26772,26934,16007,20143,57696,2592,8641,19614,22564,39181,23075,22562,20872,2839,20133,24887,16057,19599,60539,19414,22391,21368,57935,52093,9439,20146,42443,19770,64143,21414,27422,73837,25679]
	Found 0.0634292495080002264994203661 at index 16246. Active features [12914,8519,26772,26934,16007,20143,57696,2592,8641,19614,22564,39181,23075,22562,20872,2839,20133,24887,16057,19599,60539,19414,22391,21368,57935,52093,9439,20146,42443,19770,64143,21414,27422,73837,25679,16246]
	Found 0.0631071238711629405046148215 at index 66000. Active features [12914,8519,26772,26934,16007,20143,57696,2592,8641,19614,22564,39181,23075,22562,20872,2839,20133,24887,16057,19599,60539,19414,22391,21368,57935,52093,9439,20146,42443,19770,64143,21414,27422,73837,25679,16246,66000]
	Found 0.0627781698240280774254603419 at index 20983. Active features [12914,8519,26772,26934,16007,20143,57696,2592,8641,19614,22564,39181,23075,22562,20872,2839,20133,24887,16057,19599,60539,19414,22391,21368,57935,52093,9439,20146,42443,19770,64143,21414,27422,73837,25679,16246,66000,20983]
	Found 0.0624913039371015253765378494 at index 19089. Active features [12914,8519,26772,26934,16007,20143,57696,2592,8641,19614,22564,39181,23075,22562,20872,2839,20133,24887,16057,19599,60539,19414,22391,21368,57935,52093,9439,20146,42443,19770,64143,21414,27422,73837,25679,16246,66000,20983,19089]
	Found 0.0621925463868699112893120897 at index 65193. Active features [12914,8519,26772,26934,16007,20143,57696,2592,8641,19614,22564,39181,23075,22562,20872,2839,20133,24887,16057,19599,60539,19414,22391,21368,57935,52093,9439,20146,42443,19770,64143,21414,27422,73837,25679,16246,66000,20983,19089,65193]
	Found 0.0619190448412377724177291671 at index 17511. Active features [12914,8519,26772,26934,16007,20143,57696,2592,8641,19614,22564,39181,23075,22562,20872,2839,20133,24887,16057,19599,60539,19414,22391,21368,57935,52093,9439,20146,42443,19770,64143,21414,27422,73837,25679,16246,66000,20983,19089,65193,17511]
	Found 0.0616529601009209812550522442 at index 20245. Active features [12914,8519,26772,26934,16007,20143,57696,2592,8641,19614,22564,39181,23075,22562,20872,2839,20133,24887,16057,19599,60539,19414,22391,21368,57935,52093,9439,20146,42443,19770,64143,21414,27422,73837,25679,16246,66000,20983,19089,65193,17511,20245]
	Found 0.0613866404530427752335789853 at index 12515. Active features [12914,8519,26772,26934,16007,20143,57696,2592,8641,19614,22564,39181,23075,22562,20872,2839,20133,24887,16057,19599,60539,19414,22391,21368,57935,52093,9439,20146,42443,19770,64143,21414,27422,73837,25679,16246,66000,20983,19089,65193,17511,20245,12515]
	Found 0.0611417390194424951574453387 at index 63471. Active features [12914,8519,26772,26934,16007,20143,57696,2592,8641,19614,22564,39181,23075,22562,20872,2839,20133,24887,16057,19599,60539,19414,22391,21368,57935,52093,9439,20146,42443,19770,64143,21414,27422,73837,25679,16246,66000,20983,19089,65193,17511,20245,12515,63471]
	Found 0.0608970755293302957106286178 at index 57863. Active features [12914,8519,26772,26934,16007,20143,57696,2592,8641,19614,22564,39181,23075,22562,20872,2839,20133,24887,16057,19599,60539,19414,22391,21368,57935,52093,9439,20146,42443,19770,64143,21414,27422,73837,25679,16246,66000,20983,19089,65193,17511,20245,12515,63471,57863]
	Found 0.0606567959229333853628789372 at index 2428. Active features [12914,8519,26772,26934,16007,20143,57696,2592,8641,19614,22564,39181,23075,22562,20872,2839,20133,24887,16057,19599,60539,19414,22391,21368,57935,52093,9439,20146,42443,19770,64143,21414,27422,73837,25679,16246,66000,20983,19089,65193,17511,20245,12515,63471,57863,2428]
	Found 0.0604362012476019475370520661 at index 18517. Active features [12914,8519,26772,26934,16007,20143,57696,2592,8641,19614,22564,39181,23075,22562,20872,2839,20133,24887,16057,19599,60539,19414,22391,21368,57935,52093,9439,20146,42443,19770,64143,21414,27422,73837,25679,16246,66000,20983,19089,65193,17511,20245,12515,63471,57863,2428,18517]
	Found 0.0602070915873797029134026652 at index 57951. Active features [12914,8519,26772,26934,16007,20143,57696,2592,8641,19614,22564,39181,23075,22562,20872,2839,20133,24887,16057,19599,60539,19414,22391,21368,57935,52093,9439,20146,42443,19770,64143,21414,27422,73837,25679,16246,66000,20983,19089,65193,17511,20245,12515,63471,57863,2428,18517,57951]
	Found 0.0599952098583920683792902723 at index 24666. Active features [12914,8519,26772,26934,16007,20143,57696,2592,8641,19614,22564,39181,23075,22562,20872,2839,20133,24887,16057,19599,60539,19414,22391,21368,57935,52093,9439,20146,42443,19770,64143,21414,27422,73837,25679,16246,66000,20983,19089,65193,17511,20245,12515,63471,57863,2428,18517,57951,24666]
	Found 0.0597962964567991421839400985 at index 65625. Active features [12914,8519,26772,26934,16007,20143,57696,2592,8641,19614,22564,39181,23075,22562,20872,2839,20133,24887,16057,19599,60539,19414,22391,21368,57935,52093,9439,20146,42443,19770,64143,21414,27422,73837,25679,16246,66000,20983,19089,65193,17511,20245,12515,63471,57863,2428,18517,57951,24666,65625]
	Found 0.0595948405475940360763442188 at index 42389. Active features [12914,8519,26772,26934,16007,20143,57696,2592,8641,19614,22564,39181,23075,22562,20872,2839,20133,24887,16057,19599,60539,19414,22391,21368,57935,52093,9439,20146,42443,19770,64143,21414,27422,73837,25679,16246,66000,20983,19089,65193,17511,20245,12515,63471,57863,2428,18517,57951,24666,65625,42389]
	Found 0.0593970793263210558486467834 at index 21321. Active features [12914,8519,26772,26934,16007,20143,57696,2592,8641,19614,22564,39181,23075,22562,20872,2839,20133,24887,16057,19599,60539,19414,22391,21368,57935,52093,9439,20146,42443,19770,64143,21414,27422,73837,25679,16246,66000,20983,19089,65193,17511,20245,12515,63471,57863,2428,18517,57951,24666,65625,42389,21321]
	Found 0.0592108264228551569834215623 at index 57681. Active features [12914,8519,26772,26934,16007,20143,57696,2592,8641,19614,22564,39181,23075,22562,20872,2839,20133,24887,16057,19599,60539,19414,22391,21368,57935,52093,9439,20146,42443,19770,64143,21414,27422,73837,25679,16246,66000,20983,19089,65193,17511,20245,12515,63471,57863,2428,18517,57951,24666,65625,42389,21321,57681]
	Found 0.0590291602812659541562628426 at index 18088. Active features [12914,8519,26772,26934,16007,20143,57696,2592,8641,19614,22564,39181,23075,22562,20872,2839,20133,24887,16057,19599,60539,19414,22391,21368,57935,52093,9439,20146,42443,19770,64143,21414,27422,73837,25679,16246,66000,20983,19089,65193,17511,20245,12515,63471,57863,2428,18517,57951,24666,65625,42389,21321,57681,18088]
	Found 0.0588502176508124078653903299 at index 13016. Active features [12914,8519,26772,26934,16007,20143,57696,2592,8641,19614,22564,39181,23075,22562,20872,2839,20133,24887,16057,19599,60539,19414,22391,21368,57935,52093,9439,20146,42443,19770,64143,21414,27422,73837,25679,16246,66000,20983,19089,65193,17511,20245,12515,63471,57863,2428,18517,57951,24666,65625,42389,21321,57681,18088,13016]
	Found 0.0586867699630275347794841455 at index 65057. Active features [12914,8519,26772,26934,16007,20143,57696,2592,8641,19614,22564,39181,23075,22562,20872,2839,20133,24887,16057,19599,60539,19414,22391,21368,57935,52093,9439,20146,42443,19770,64143,21414,27422,73837,25679,16246,66000,20983,19089,65193,17511,20245,12515,63471,57863,2428,18517,57951,24666,65625,42389,21321,57681,18088,13016,65057]
	Found 0.058522705222925650948591214 at index 15821. Active features [12914,8519,26772,26934,16007,20143,57696,2592,8641,19614,22564,39181,23075,22562,20872,2839,20133,24887,16057,19599,60539,19414,22391,21368,57935,52093,9439,20146,42443,19770,64143,21414,27422,73837,25679,16246,66000,20983,19089,65193,17511,20245,12515,63471,57863,2428,18517,57951,24666,65625,42389,21321,57681,18088,13016,65057,15821]
	Found 0.0583713287226923094323038307 at index 13284. Active features [12914,8519,26772,26934,16007,20143,57696,2592,8641,19614,22564,39181,23075,22562,20872,2839,20133,24887,16057,19599,60539,19414,22391,21368,57935,52093,9439,20146,42443,19770,64143,21414,27422,73837,25679,16246,66000,20983,19089,65193,17511,20245,12515,63471,57863,2428,18517,57951,24666,65625,42389,21321,57681,18088,13016,65057,15821,13284]
	Found 0.0582133319319275194033155254 at index 20972. Active features [12914,8519,26772,26934,16007,20143,57696,2592,8641,19614,22564,39181,23075,22562,20872,2839,20133,24887,16057,19599,60539,19414,22391,21368,57935,52093,9439,20146,42443,19770,64143,21414,27422,73837,25679,16246,66000,20983,19089,65193,17511,20245,12515,63471,57863,2428,18517,57951,24666,65625,42389,21321,57681,18088,13016,65057,15821,13284,20972]
	Found 0.0580637145486420236415106351 at index 21301. Active features [12914,8519,26772,26934,16007,20143,57696,2592,8641,19614,22564,39181,23075,22562,20872,2839,20133,24887,16057,19599,60539,19414,22391,21368,57935,52093,9439,20146,42443,19770,64143,21414,27422,73837,25679,16246,66000,20983,19089,65193,17511,20245,12515,63471,57863,2428,18517,57951,24666,65625,42389,21321,57681,18088,13016,65057,15821,13284,20972,21301]
	Found 0.0579159371275586431594132605 at index 16760. Active features [12914,8519,26772,26934,16007,20143,57696,2592,8641,19614,22564,39181,23075,22562,20872,2839,20133,24887,16057,19599,60539,19414,22391,21368,57935,52093,9439,20146,42443,19770,64143,21414,27422,73837,25679,16246,66000,20983,19089,65193,17511,20245,12515,63471,57863,2428,18517,57951,24666,65625,42389,21321,57681,18088,13016,65057,15821,13284,20972,21301,16760]
	Found 0.0577731158366072513209957689 at index 66119. Active features [12914,8519,26772,26934,16007,20143,57696,2592,8641,19614,22564,39181,23075,22562,20872,2839,20133,24887,16057,19599,60539,19414,22391,21368,57935,52093,9439,20146,42443,19770,64143,21414,27422,73837,25679,16246,66000,20983,19089,65193,17511,20245,12515,63471,57863,2428,18517,57951,24666,65625,42389,21321,57681,18088,13016,65057,15821,13284,20972,21301,16760,66119]
	Found 0.0576345613910109690957777121 at index 8041. Active features [12914,8519,26772,26934,16007,20143,57696,2592,8641,19614,22564,39181,23075,22562,20872,2839,20133,24887,16057,19599,60539,19414,22391,21368,57935,52093,9439,20146,42443,19770,64143,21414,27422,73837,25679,16246,66000,20983,19089,65193,17511,20245,12515,63471,57863,2428,18517,57951,24666,65625,42389,21321,57681,18088,13016,65057,15821,13284,20972,21301,16760,66119,8041]
	Found 0.0574988990872259780888324135 at index 20282. Active features [12914,8519,26772,26934,16007,20143,57696,2592,8641,19614,22564,39181,23075,22562,20872,2839,20133,24887,16057,19599,60539,19414,22391,21368,57935,52093,9439,20146,42443,19770,64143,21414,27422,73837,25679,16246,66000,20983,19089,65193,17511,20245,12515,63471,57863,2428,18517,57951,24666,65625,42389,21321,57681,18088,13016,65057,15821,13284,20972,21301,16760,66119,8041,20282]
	Found 0.0573665660700960332567484808 at index 20243. Active features [12914,8519,26772,26934,16007,20143,57696,2592,8641,19614,22564,39181,23075,22562,20872,2839,20133,24887,16057,19599,60539,19414,22391,21368,57935,52093,9439,20146,42443,19770,64143,21414,27422,73837,25679,16246,66000,20983,19089,65193,17511,20245,12515,63471,57863,2428,18517,57951,24666,65625,42389,21321,57681,18088,13016,65057,15821,13284,20972,21301,16760,66119,8041,20282,20243]
	Found 0.0572364766243005674014615806 at index 64271. Active features [12914,8519,26772,26934,16007,20143,57696,2592,8641,19614,22564,39181,23075,22562,20872,2839,20133,24887,16057,19599,60539,19414,22391,21368,57935,52093,9439,20146,42443,19770,64143,21414,27422,73837,25679,16246,66000,20983,19089,65193,17511,20245,12515,63471,57863,2428,18517,57951,24666,65625,42389,21321,57681,18088,13016,65057,15821,13284,20972,21301,16760,66119,8041,20282,20243,64271]
	Found 0.057108121109557176512420878 at index 66127. Active features [12914,8519,26772,26934,16007,20143,57696,2592,8641,19614,22564,39181,23075,22562,20872,2839,20133,24887,16057,19599,60539,19414,22391,21368,57935,52093,9439,20146,42443,19770,64143,21414,27422,73837,25679,16246,66000,20983,19089,65193,17511,20245,12515,63471,57863,2428,18517,57951,24666,65625,42389,21321,57681,18088,13016,65057,15821,13284,20972,21301,16760,66119,8041,20282,20243,64271,66127]
	Found 0.0569813977220894942654063268 at index 85895. Active features [12914,8519,26772,26934,16007,20143,57696,2592,8641,19614,22564,39181,23075,22562,20872,2839,20133,24887,16057,19599,60539,19414,22391,21368,57935,52093,9439,20146,42443,19770,64143,21414,27422,73837,25679,16246,66000,20983,19089,65193,17511,20245,12515,63471,57863,2428,18517,57951,24666,65625,42389,21321,57681,18088,13016,65057,15821,13284,20972,21301,16760,66119,8041,20282,20243,64271,66127,85895]
	Found 0.0568589249260435741871579647 at index 17735. Active features [12914,8519,26772,26934,16007,20143,57696,2592,8641,19614,22564,39181,23075,22562,20872,2839,20133,24887,16057,19599,60539,19414,22391,21368,57935,52093,9439,20146,42443,19770,64143,21414,27422,73837,25679,16246,66000,20983,19089,65193,17511,20245,12515,63471,57863,2428,18517,57951,24666,65625,42389,21321,57681,18088,13016,65057,15821,13284,20972,21301,16760,66119,8041,20282,20243,64271,66127,85895,17735]
	Found 0.056736953773892134116012757 at index 20930. Active features [12914,8519,26772,26934,16007,20143,57696,2592,8641,19614,22564,39181,23075,22562,20872,2839,20133,24887,16057,19599,60539,19414,22391,21368,57935,52093,9439,20146,42443,19770,64143,21414,27422,73837,25679,16246,66000,20983,19089,65193,17511,20245,12515,63471,57863,2428,18517,57951,24666,65625,42389,21321,57681,18088,13016,65057,15821,13284,20972,21301,16760,66119,8041,20282,20243,64271,66127,85895,17735,20930]
	Found 0.0566183411040384327640526155 at index 20205. Active features [12914,8519,26772,26934,16007,20143,57696,2592,8641,19614,22564,39181,23075,22562,20872,2839,20133,24887,16057,19599,60539,19414,22391,21368,57935,52093,9439,20146,42443,19770,64143,21414,27422,73837,25679,16246,66000,20983,19089,65193,17511,20245,12515,63471,57863,2428,18517,57951,24666,65625,42389,21321,57681,18088,13016,65057,15821,13284,20972,21301,16760,66119,8041,20282,20243,64271,66127,85895,17735,20930,20205]
	Found 0.0565012567429548586347329862 at index 19416. Active features [12914,8519,26772,26934,16007,20143,57696,2592,8641,19614,22564,39181,23075,22562,20872,2839,20133,24887,16057,19599,60539,19414,22391,21368,57935,52093,9439,20146,42443,19770,64143,21414,27422,73837,25679,16246,66000,20983,19089,65193,17511,20245,12515,63471,57863,2428,18517,57951,24666,65625,42389,21321,57681,18088,13016,65057,15821,13284,20972,21301,16760,66119,8041,20282,20243,64271,66127,85895,17735,20930,20205,19416]
	Found 0.0563887379740275450057876637 at index 19401. Active features [12914,8519,26772,26934,16007,20143,57696,2592,8641,19614,22564,39181,23075,22562,20872,2839,20133,24887,16057,19599,60539,19414,22391,21368,57935,52093,9439,20146,42443,19770,64143,21414,27422,73837,25679,16246,66000,20983,19089,65193,17511,20245,12515,63471,57863,2428,18517,57951,24666,65625,42389,21321,57681,18088,13016,65057,15821,13284,20972,21301,16760,66119,8041,20282,20243,64271,66127,85895,17735,20930,20205,19416,19401]
Features:
	12914. Feature{"Ft 016887." is_continuous=False}
	8519. Feature{"Ft 010729." is_continuous=False}
	26772. Feature{"Ft 038575." is_continuous=False}
	26934. Feature{"Ft 038768." is_continuous=False}
	16007. Feature{"Ft 020974." is_continuous=False}
	20143. Feature{"Ft 027137." is_continuous=False}
	57696. Feature{"Ft 079379." is_continuous=False}
	2592. Feature{"Ft 003341." is_continuous=False}
	8641. Feature{"Ft 010891." is_continuous=False}
	19614. Feature{"Ft 026266." is_continuous=False}
	22564. Feature{"Ft 031820." is_continuous=False}
	39181. Feature{"Ft 054827." is_continuous=False}
	23075. Feature{"Ft 032638." is_continuous=False}
	22562. Feature{"Ft 031818." is_continuous=False}
	20872. Feature{"Ft 028532." is_continuous=False}
	2839. Feature{"Ft 003628." is_continuous=False}
	20133. Feature{"Ft 027123." is_continuous=False}
	24887. Feature{"Ft 035717." is_continuous=False}
	16057. Feature{"Ft 021033." is_continuous=False}
	19599. Feature{"Ft 026243." is_continuous=False}
	60539. Feature{"Ft 083345." is_continuous=False}
	19414. Feature{"Ft 026007." is_continuous=False}
	22391. Feature{"Ft 031581." is_continuous=False}
	21368. Feature{"Ft 029369." is_continuous=False}
	57935. Feature{"Ft 079697." is_continuous=False}
	52093. Feature{"Ft 072009." is_continuous=False}
	9439. Feature{"Ft 012069." is_continuous=False}
	20146. Feature{"Ft 027142." is_continuous=False}
	42443. Feature{"Ft 059737." is_continuous=False}
	19770. Feature{"Ft 026472." is_continuous=False}
	64143. Feature{"Ft 090186." is_continuous=False}
	21414. Feature{"Ft 029423." is_continuous=False}
	27422. Feature{"Ft 039442." is_continuous=False}
	73837. Feature{"Ft 106429." is_continuous=False}
	25679. Feature{"Ft 037103." is_continuous=False}
	16246. Feature{"Ft 021280." is_continuous=False}
	66000. Feature{"Ft 093358." is_continuous=False}
	20983. Feature{"Ft 028682." is_continuous=False}
	19089. Feature{"Ft 025498." is_continuous=False}
	65193. Feature{"Ft 091836." is_continuous=False}
	17511. Feature{"Ft 023290." is_continuous=False}
	20245. Feature{"Ft 027320." is_continuous=False}
	12515. Feature{"Ft 016371." is_continuous=False}
	63471. Feature{"Ft 088791." is_continuous=False}
	57863. Feature{"Ft 079609." is_continuous=False}
	2428. Feature{"Ft 003158." is_continuous=False}
	18517. Feature{"Ft 024760." is_continuous=False}
	57951. Feature{"Ft 079719." is_continuous=False}
	24666. Feature{"Ft 035434." is_continuous=False}
	65625. Feature{"Ft 092647." is_continuous=False}
	42389. Feature{"Ft 059676." is_continuous=False}
	21321. Feature{"Ft 029312." is_continuous=False}
	57681. Feature{"Ft 079362." is_continuous=False}
	18088. Feature{"Ft 024172." is_continuous=False}
	13016. Feature{"Ft 017004." is_continuous=False}
	65057. Feature{"Ft 091625." is_continuous=False}
	15821. Feature{"Ft 020725." is_continuous=False}
	13284. Feature{"Ft 017355." is_continuous=False}
	20972. Feature{"Ft 028670." is_continuous=False}
	21301. Feature{"Ft 029290." is_continuous=False}
	16760. Feature{"Ft 022042." is_continuous=False}
	66119. Feature{"Ft 093542." is_continuous=False}
	8041. Feature{"Ft 010085." is_continuous=False}
	20282. Feature{"Ft 027384." is_continuous=False}
	20243. Feature{"Ft 027318." is_continuous=False}
	64271. Feature{"Ft 090397." is_continuous=False}
	66127. Feature{"Ft 093562." is_continuous=False}
	85895. Feature{"Ft 130624." is_continuous=False}
	17735. Feature{"Ft 023596." is_continuous=False}
	20930. Feature{"Ft 028602." is_continuous=False}
	20205. Feature{"Ft 027250." is_continuous=False}
	19416. Feature{"Ft 026011." is_continuous=False}
	19401. Feature{"Ft 025983." is_continuous=False}
=====Ended FindAllFeaturesByRsResult at 5/3/2021 6:30:52 PM
=====Started FindAllFeaturesByRsResult at 5/3/2021 6:30:52 PM
	Found 0.1701892340805811006821910047 at index 8597. Active features [26745,8597]
	Found 0.1429037663038131003804796362 at index 26716. Active features [26745,8597,26716]
	Found 0.127859087862304408082615685 at index 12876. Active features [26745,8597,26716,12876]
	Found 0.1183657658851492903334969687 at index 12540. Active features [26745,8597,26716,12876,12540]
	Found 0.1116335867470390267468919669 at index 67367. Active features [26745,8597,26716,12876,12540,67367]
	Found 0.1063974818233718035687022186 at index 57725. Active features [26745,8597,26716,12876,12540,67367,57725]
	Found 0.1024272615419886466110472165 at index 12676. Active features [26745,8597,26716,12876,12540,67367,57725,12676]
	Found 0.0992898646314021652439515007 at index 24753. Active features [26745,8597,26716,12876,12540,67367,57725,12676,24753]
	Found 0.0965544230139165702406051446 at index 9147. Active features [26745,8597,26716,12876,12540,67367,57725,12676,24753,9147]
	Found 0.0941711060292557173568505518 at index 19101. Active features [26745,8597,26716,12876,12540,67367,57725,12676,24753,9147,19101]
	Found 0.0920157662862239328860474843 at index 52114. Active features [26745,8597,26716,12876,12540,67367,57725,12676,24753,9147,19101,52114]
	Found 0.0901782984544316619212347331 at index 13440. Active features [26745,8597,26716,12876,12540,67367,57725,12676,24753,9147,19101,52114,13440]
	Found 0.0884696692090060324192348005 at index 19571. Active features [26745,8597,26716,12876,12540,67367,57725,12676,24753,9147,19101,52114,13440,19571]
	Found 0.0869168739182071546697551128 at index 39393. Active features [26745,8597,26716,12876,12540,67367,57725,12676,24753,9147,19101,52114,13440,19571,39393]
	Found 0.0855083493710746506619691046 at index 2384. Active features [26745,8597,26716,12876,12540,67367,57725,12676,24753,9147,19101,52114,13440,19571,39393,2384]
	Found 0.0843428212943853421966047585 at index 58028. Active features [26745,8597,26716,12876,12540,67367,57725,12676,24753,9147,19101,52114,13440,19571,39393,2384,58028]
	Found 0.0832721189910037343791861065 at index 8392. Active features [26745,8597,26716,12876,12540,67367,57725,12676,24753,9147,19101,52114,13440,19571,39393,2384,58028,8392]
	Found 0.0823151918748803243675251099 at index 13794. Active features [26745,8597,26716,12876,12540,67367,57725,12676,24753,9147,19101,52114,13440,19571,39393,2384,58028,8392,13794]
	Found 0.0814775664243667233007441629 at index 8461. Active features [26745,8597,26716,12876,12540,67367,57725,12676,24753,9147,19101,52114,13440,19571,39393,2384,58028,8392,13794,8461]
	Found 0.0806583287736128827639499456 at index 19540. Active features [26745,8597,26716,12876,12540,67367,57725,12676,24753,9147,19101,52114,13440,19571,39393,2384,58028,8392,13794,8461,19540]
	Found 0.0799065665282408811641852683 at index 22612. Active features [26745,8597,26716,12876,12540,67367,57725,12676,24753,9147,19101,52114,13440,19571,39393,2384,58028,8392,13794,8461,19540,22612]
	Found 0.0792186895285319603557912692 at index 57939. Active features [26745,8597,26716,12876,12540,67367,57725,12676,24753,9147,19101,52114,13440,19571,39393,2384,58028,8392,13794,8461,19540,22612,57939]
	Found 0.0785346050862195768088891836 at index 19385. Active features [26745,8597,26716,12876,12540,67367,57725,12676,24753,9147,19101,52114,13440,19571,39393,2384,58028,8392,13794,8461,19540,22612,57939,19385]
	Found 0.0778996933153158535139072548 at index 22665. Active features [26745,8597,26716,12876,12540,67367,57725,12676,24753,9147,19101,52114,13440,19571,39393,2384,58028,8392,13794,8461,19540,22612,57939,19385,22665]
	Found 0.0773187765637298802046232654 at index 57972. Active features [26745,8597,26716,12876,12540,67367,57725,12676,24753,9147,19101,52114,13440,19571,39393,2384,58028,8392,13794,8461,19540,22612,57939,19385,22665,57972]
	Found 0.0767515541559132080382600947 at index 57612. Active features [26745,8597,26716,12876,12540,67367,57725,12676,24753,9147,19101,52114,13440,19571,39393,2384,58028,8392,13794,8461,19540,22612,57939,19385,22665,57972,57612]
	Found 0.0761931420998800762323522675 at index 57866. Active features [26745,8597,26716,12876,12540,67367,57725,12676,24753,9147,19101,52114,13440,19571,39393,2384,58028,8392,13794,8461,19540,22612,57939,19385,22665,57972,57612,57866]
	Found 0.0756837732072434954384631122 at index 22624. Active features [26745,8597,26716,12876,12540,67367,57725,12676,24753,9147,19101,52114,13440,19571,39393,2384,58028,8392,13794,8461,19540,22612,57939,19385,22665,57972,57612,57866,22624]
	Found 0.0751675573482715848451191477 at index 57599. Active features [26745,8597,26716,12876,12540,67367,57725,12676,24753,9147,19101,52114,13440,19571,39393,2384,58028,8392,13794,8461,19540,22612,57939,19385,22665,57972,57612,57866,22624,57599]
	Found 0.0747262763301830176250772141 at index 52191. Active features [26745,8597,26716,12876,12540,67367,57725,12676,24753,9147,19101,52114,13440,19571,39393,2384,58028,8392,13794,8461,19540,22612,57939,19385,22665,57972,57612,57866,22624,57599,52191]
	Found 0.074280453975073587723406751 at index 12720. Active features [26745,8597,26716,12876,12540,67367,57725,12676,24753,9147,19101,52114,13440,19571,39393,2384,58028,8392,13794,8461,19540,22612,57939,19385,22665,57972,57612,57866,22624,57599,52191,12720]
	Found 0.0738226043402761356696040505 at index 19459. Active features [26745,8597,26716,12876,12540,67367,57725,12676,24753,9147,19101,52114,13440,19571,39393,2384,58028,8392,13794,8461,19540,22612,57939,19385,22665,57972,57612,57866,22624,57599,52191,12720,19459]
	Found 0.0734250613988436006542254693 at index 12864. Active features [26745,8597,26716,12876,12540,67367,57725,12676,24753,9147,19101,52114,13440,19571,39393,2384,58028,8392,13794,8461,19540,22612,57939,19385,22665,57972,57612,57866,22624,57599,52191,12720,19459,12864]
	Found 0.072994984949455658833980165 at index 24880. Active features [26745,8597,26716,12876,12540,67367,57725,12676,24753,9147,19101,52114,13440,19571,39393,2384,58028,8392,13794,8461,19540,22612,57939,19385,22665,57972,57612,57866,22624,57599,52191,12720,19459,12864,24880]
	Found 0.0726087247486138982758689975 at index 74233. Active features [26745,8597,26716,12876,12540,67367,57725,12676,24753,9147,19101,52114,13440,19571,39393,2384,58028,8392,13794,8461,19540,22612,57939,19385,22665,57972,57612,57866,22624,57599,52191,12720,19459,12864,24880,74233]
	Found 0.0722378512001540383555390242 at index 22366. Active features [26745,8597,26716,12876,12540,67367,57725,12676,24753,9147,19101,52114,13440,19571,39393,2384,58028,8392,13794,8461,19540,22612,57939,19385,22665,57972,57612,57866,22624,57599,52191,12720,19459,12864,24880,74233,22366]
	Found 0.0718785630311695099644219687 at index 16580. Active features [26745,8597,26716,12876,12540,67367,57725,12676,24753,9147,19101,52114,13440,19571,39393,2384,58028,8392,13794,8461,19540,22612,57939,19385,22665,57972,57612,57866,22624,57599,52191,12720,19459,12864,24880,74233,22366,16580]
	Found 0.0715294812353820315676648498 at index 66112. Active features [26745,8597,26716,12876,12540,67367,57725,12676,24753,9147,19101,52114,13440,19571,39393,2384,58028,8392,13794,8461,19540,22612,57939,19385,22665,57972,57612,57866,22624,57599,52191,12720,19459,12864,24880,74233,22366,16580,66112]
	Found 0.0711810317917260218012278996 at index 21262. Active features [26745,8597,26716,12876,12540,67367,57725,12676,24753,9147,19101,52114,13440,19571,39393,2384,58028,8392,13794,8461,19540,22612,57939,19385,22665,57972,57612,57866,22624,57599,52191,12720,19459,12864,24880,74233,22366,16580,66112,21262]
	Found 0.0708715848949582802849124466 at index 20856. Active features [26745,8597,26716,12876,12540,67367,57725,12676,24753,9147,19101,52114,13440,19571,39393,2384,58028,8392,13794,8461,19540,22612,57939,19385,22665,57972,57612,57866,22624,57599,52191,12720,19459,12864,24880,74233,22366,16580,66112,21262,20856]
	Found 0.0705720392589461645321009093 at index 12395. Active features [26745,8597,26716,12876,12540,67367,57725,12676,24753,9147,19101,52114,13440,19571,39393,2384,58028,8392,13794,8461,19540,22612,57939,19385,22665,57972,57612,57866,22624,57599,52191,12720,19459,12864,24880,74233,22366,16580,66112,21262,20856,12395]
	Found 0.0702443899548963846921649946 at index 22680. Active features [26745,8597,26716,12876,12540,67367,57725,12676,24753,9147,19101,52114,13440,19571,39393,2384,58028,8392,13794,8461,19540,22612,57939,19385,22665,57972,57612,57866,22624,57599,52191,12720,19459,12864,24880,74233,22366,16580,66112,21262,20856,12395,22680]
	Found 0.0699789750286562426585030243 at index 64398. Active features [26745,8597,26716,12876,12540,67367,57725,12676,24753,9147,19101,52114,13440,19571,39393,2384,58028,8392,13794,8461,19540,22612,57939,19385,22665,57972,57612,57866,22624,57599,52191,12720,19459,12864,24880,74233,22366,16580,66112,21262,20856,12395,22680,64398]
	Found 0.069702503655596611121088582 at index 57697. Active features [26745,8597,26716,12876,12540,67367,57725,12676,24753,9147,19101,52114,13440,19571,39393,2384,58028,8392,13794,8461,19540,22612,57939,19385,22665,57972,57612,57866,22624,57599,52191,12720,19459,12864,24880,74233,22366,16580,66112,21262,20856,12395,22680,64398,57697]
	Found 0.0694336895222738197460637631 at index 8600. Active features [26745,8597,26716,12876,12540,67367,57725,12676,24753,9147,19101,52114,13440,19571,39393,2384,58028,8392,13794,8461,19540,22612,57939,19385,22665,57972,57612,57866,22624,57599,52191,12720,19459,12864,24880,74233,22366,16580,66112,21262,20856,12395,22680,64398,57697,8600]
	Found 0.0691657710045377333885901952 at index 65263. Active features [26745,8597,26716,12876,12540,67367,57725,12676,24753,9147,19101,52114,13440,19571,39393,2384,58028,8392,13794,8461,19540,22612,57939,19385,22665,57972,57612,57866,22624,57599,52191,12720,19459,12864,24880,74233,22366,16580,66112,21262,20856,12395,22680,64398,57697,8600,65263]
	Found 0.0689046859410245789238366639 at index 58744. Active features [26745,8597,26716,12876,12540,67367,57725,12676,24753,9147,19101,52114,13440,19571,39393,2384,58028,8392,13794,8461,19540,22612,57939,19385,22665,57972,57612,57866,22624,57599,52191,12720,19459,12864,24880,74233,22366,16580,66112,21262,20856,12395,22680,64398,57697,8600,65263,58744]
	Found 0.0686688088892386236732835792 at index 68086. Active features [26745,8597,26716,12876,12540,67367,57725,12676,24753,9147,19101,52114,13440,19571,39393,2384,58028,8392,13794,8461,19540,22612,57939,19385,22665,57972,57612,57866,22624,57599,52191,12720,19459,12864,24880,74233,22366,16580,66112,21262,20856,12395,22680,64398,57697,8600,65263,58744,68086]
	Found 0.0684574737465576011358202213 at index 18912. Active features [26745,8597,26716,12876,12540,67367,57725,12676,24753,9147,19101,52114,13440,19571,39393,2384,58028,8392,13794,8461,19540,22612,57939,19385,22665,57972,57612,57866,22624,57599,52191,12720,19459,12864,24880,74233,22366,16580,66112,21262,20856,12395,22680,64398,57697,8600,65263,58744,68086,18912]
	Found 0.0682442478831249068535881092 at index 20020. Active features [26745,8597,26716,12876,12540,67367,57725,12676,24753,9147,19101,52114,13440,19571,39393,2384,58028,8392,13794,8461,19540,22612,57939,19385,22665,57972,57612,57866,22624,57599,52191,12720,19459,12864,24880,74233,22366,16580,66112,21262,20856,12395,22680,64398,57697,8600,65263,58744,68086,18912,20020]
	Found 0.0680201555907212783528164453 at index 22294. Active features [26745,8597,26716,12876,12540,67367,57725,12676,24753,9147,19101,52114,13440,19571,39393,2384,58028,8392,13794,8461,19540,22612,57939,19385,22665,57972,57612,57866,22624,57599,52191,12720,19459,12864,24880,74233,22366,16580,66112,21262,20856,12395,22680,64398,57697,8600,65263,58744,68086,18912,20020,22294]
	Found 0.0678104637087148405044435477 at index 758. Active features [26745,8597,26716,12876,12540,67367,57725,12676,24753,9147,19101,52114,13440,19571,39393,2384,58028,8392,13794,8461,19540,22612,57939,19385,22665,57972,57612,57866,22624,57599,52191,12720,19459,12864,24880,74233,22366,16580,66112,21262,20856,12395,22680,64398,57697,8600,65263,58744,68086,18912,20020,22294,758]
	Found 0.0675907307998946325467413767 at index 57691. Active features [26745,8597,26716,12876,12540,67367,57725,12676,24753,9147,19101,52114,13440,19571,39393,2384,58028,8392,13794,8461,19540,22612,57939,19385,22665,57972,57612,57866,22624,57599,52191,12720,19459,12864,24880,74233,22366,16580,66112,21262,20856,12395,22680,64398,57697,8600,65263,58744,68086,18912,20020,22294,758,57691]
	Found 0.0673906746950630129903747743 at index 66084. Active features [26745,8597,26716,12876,12540,67367,57725,12676,24753,9147,19101,52114,13440,19571,39393,2384,58028,8392,13794,8461,19540,22612,57939,19385,22665,57972,57612,57866,22624,57599,52191,12720,19459,12864,24880,74233,22366,16580,66112,21262,20856,12395,22680,64398,57697,8600,65263,58744,68086,18912,20020,22294,758,57691,66084]
	Found 0.0672052383445359704128766105 at index 12799. Active features [26745,8597,26716,12876,12540,67367,57725,12676,24753,9147,19101,52114,13440,19571,39393,2384,58028,8392,13794,8461,19540,22612,57939,19385,22665,57972,57612,57866,22624,57599,52191,12720,19459,12864,24880,74233,22366,16580,66112,21262,20856,12395,22680,64398,57697,8600,65263,58744,68086,18912,20020,22294,758,57691,66084,12799]
	Found 0.0670184801934299904858349937 at index 60363. Active features [26745,8597,26716,12876,12540,67367,57725,12676,24753,9147,19101,52114,13440,19571,39393,2384,58028,8392,13794,8461,19540,22612,57939,19385,22665,57972,57612,57866,22624,57599,52191,12720,19459,12864,24880,74233,22366,16580,66112,21262,20856,12395,22680,64398,57697,8600,65263,58744,68086,18912,20020,22294,758,57691,66084,12799,60363]
	Found 0.0668136524569975625398356512 at index 20033. Active features [26745,8597,26716,12876,12540,67367,57725,12676,24753,9147,19101,52114,13440,19571,39393,2384,58028,8392,13794,8461,19540,22612,57939,19385,22665,57972,57612,57866,22624,57599,52191,12720,19459,12864,24880,74233,22366,16580,66112,21262,20856,12395,22680,64398,57697,8600,65263,58744,68086,18912,20020,22294,758,57691,66084,12799,60363,20033]
	Found 0.0666450977219385014998078615 at index 17422. Active features [26745,8597,26716,12876,12540,67367,57725,12676,24753,9147,19101,52114,13440,19571,39393,2384,58028,8392,13794,8461,19540,22612,57939,19385,22665,57972,57612,57866,22624,57599,52191,12720,19459,12864,24880,74233,22366,16580,66112,21262,20856,12395,22680,64398,57697,8600,65263,58744,68086,18912,20020,22294,758,57691,66084,12799,60363,20033,17422]
	Found 0.0664828046187631014863656728 at index 16422. Active features [26745,8597,26716,12876,12540,67367,57725,12676,24753,9147,19101,52114,13440,19571,39393,2384,58028,8392,13794,8461,19540,22612,57939,19385,22665,57972,57612,57866,22624,57599,52191,12720,19459,12864,24880,74233,22366,16580,66112,21262,20856,12395,22680,64398,57697,8600,65263,58744,68086,18912,20020,22294,758,57691,66084,12799,60363,20033,17422,16422]
	Found 0.0663048922666448416257828457 at index 57642. Active features [26745,8597,26716,12876,12540,67367,57725,12676,24753,9147,19101,52114,13440,19571,39393,2384,58028,8392,13794,8461,19540,22612,57939,19385,22665,57972,57612,57866,22624,57599,52191,12720,19459,12864,24880,74233,22366,16580,66112,21262,20856,12395,22680,64398,57697,8600,65263,58744,68086,18912,20020,22294,758,57691,66084,12799,60363,20033,17422,16422,57642]
	Found 0.0661403408537756358249963103 at index 64731. Active features [26745,8597,26716,12876,12540,67367,57725,12676,24753,9147,19101,52114,13440,19571,39393,2384,58028,8392,13794,8461,19540,22612,57939,19385,22665,57972,57612,57866,22624,57599,52191,12720,19459,12864,24880,74233,22366,16580,66112,21262,20856,12395,22680,64398,57697,8600,65263,58744,68086,18912,20020,22294,758,57691,66084,12799,60363,20033,17422,16422,57642,64731]
	Found 0.0659869582588656771108862423 at index 67458. Active features [26745,8597,26716,12876,12540,67367,57725,12676,24753,9147,19101,52114,13440,19571,39393,2384,58028,8392,13794,8461,19540,22612,57939,19385,22665,57972,57612,57866,22624,57599,52191,12720,19459,12864,24880,74233,22366,16580,66112,21262,20856,12395,22680,64398,57697,8600,65263,58744,68086,18912,20020,22294,758,57691,66084,12799,60363,20033,17422,16422,57642,64731,67458]
	Found 0.0658282652122097669606320587 at index 8363. Active features [26745,8597,26716,12876,12540,67367,57725,12676,24753,9147,19101,52114,13440,19571,39393,2384,58028,8392,13794,8461,19540,22612,57939,19385,22665,57972,57612,57866,22624,57599,52191,12720,19459,12864,24880,74233,22366,16580,66112,21262,20856,12395,22680,64398,57697,8600,65263,58744,68086,18912,20020,22294,758,57691,66084,12799,60363,20033,17422,16422,57642,64731,67458,8363]
	Found 0.0656529152101189808688201292 at index 9204. Active features [26745,8597,26716,12876,12540,67367,57725,12676,24753,9147,19101,52114,13440,19571,39393,2384,58028,8392,13794,8461,19540,22612,57939,19385,22665,57972,57612,57866,22624,57599,52191,12720,19459,12864,24880,74233,22366,16580,66112,21262,20856,12395,22680,64398,57697,8600,65263,58744,68086,18912,20020,22294,758,57691,66084,12799,60363,20033,17422,16422,57642,64731,67458,8363,9204]
	Found 0.0655139502309034882341103928 at index 48980. Active features [26745,8597,26716,12876,12540,67367,57725,12676,24753,9147,19101,52114,13440,19571,39393,2384,58028,8392,13794,8461,19540,22612,57939,19385,22665,57972,57612,57866,22624,57599,52191,12720,19459,12864,24880,74233,22366,16580,66112,21262,20856,12395,22680,64398,57697,8600,65263,58744,68086,18912,20020,22294,758,57691,66084,12799,60363,20033,17422,16422,57642,64731,67458,8363,9204,48980]
	Found 0.0653679074837833756102296028 at index 27617. Active features [26745,8597,26716,12876,12540,67367,57725,12676,24753,9147,19101,52114,13440,19571,39393,2384,58028,8392,13794,8461,19540,22612,57939,19385,22665,57972,57612,57866,22624,57599,52191,12720,19459,12864,24880,74233,22366,16580,66112,21262,20856,12395,22680,64398,57697,8600,65263,58744,68086,18912,20020,22294,758,57691,66084,12799,60363,20033,17422,16422,57642,64731,67458,8363,9204,48980,27617]
	Found 0.0652334692634945515388291029 at index 19402. Active features [26745,8597,26716,12876,12540,67367,57725,12676,24753,9147,19101,52114,13440,19571,39393,2384,58028,8392,13794,8461,19540,22612,57939,19385,22665,57972,57612,57866,22624,57599,52191,12720,19459,12864,24880,74233,22366,16580,66112,21262,20856,12395,22680,64398,57697,8600,65263,58744,68086,18912,20020,22294,758,57691,66084,12799,60363,20033,17422,16422,57642,64731,67458,8363,9204,48980,27617,19402]
	Found 0.0650709815204778102278363786 at index 9291. Active features [26745,8597,26716,12876,12540,67367,57725,12676,24753,9147,19101,52114,13440,19571,39393,2384,58028,8392,13794,8461,19540,22612,57939,19385,22665,57972,57612,57866,22624,57599,52191,12720,19459,12864,24880,74233,22366,16580,66112,21262,20856,12395,22680,64398,57697,8600,65263,58744,68086,18912,20020,22294,758,57691,66084,12799,60363,20033,17422,16422,57642,64731,67458,8363,9204,48980,27617,19402,9291]
	Found 0.0649317562733774692083524067 at index 22744. Active features [26745,8597,26716,12876,12540,67367,57725,12676,24753,9147,19101,52114,13440,19571,39393,2384,58028,8392,13794,8461,19540,22612,57939,19385,22665,57972,57612,57866,22624,57599,52191,12720,19459,12864,24880,74233,22366,16580,66112,21262,20856,12395,22680,64398,57697,8600,65263,58744,68086,18912,20020,22294,758,57691,66084,12799,60363,20033,17422,16422,57642,64731,67458,8363,9204,48980,27617,19402,9291,22744]
	Found 0.0648133759676358895749974028 at index 7970. Active features [26745,8597,26716,12876,12540,67367,57725,12676,24753,9147,19101,52114,13440,19571,39393,2384,58028,8392,13794,8461,19540,22612,57939,19385,22665,57972,57612,57866,22624,57599,52191,12720,19459,12864,24880,74233,22366,16580,66112,21262,20856,12395,22680,64398,57697,8600,65263,58744,68086,18912,20020,22294,758,57691,66084,12799,60363,20033,17422,16422,57642,64731,67458,8363,9204,48980,27617,19402,9291,22744,7970]
	Found 0.0646856487899905647472345339 at index 17579. Active features [26745,8597,26716,12876,12540,67367,57725,12676,24753,9147,19101,52114,13440,19571,39393,2384,58028,8392,13794,8461,19540,22612,57939,19385,22665,57972,57612,57866,22624,57599,52191,12720,19459,12864,24880,74233,22366,16580,66112,21262,20856,12395,22680,64398,57697,8600,65263,58744,68086,18912,20020,22294,758,57691,66084,12799,60363,20033,17422,16422,57642,64731,67458,8363,9204,48980,27617,19402,9291,22744,7970,17579]
	Found 0.0645684269096958821345620473 at index 20135. Active features [26745,8597,26716,12876,12540,67367,57725,12676,24753,9147,19101,52114,13440,19571,39393,2384,58028,8392,13794,8461,19540,22612,57939,19385,22665,57972,57612,57866,22624,57599,52191,12720,19459,12864,24880,74233,22366,16580,66112,21262,20856,12395,22680,64398,57697,8600,65263,58744,68086,18912,20020,22294,758,57691,66084,12799,60363,20033,17422,16422,57642,64731,67458,8363,9204,48980,27617,19402,9291,22744,7970,17579,20135]
	Found 0.0644378391326531422786599802 at index 5712. Active features [26745,8597,26716,12876,12540,67367,57725,12676,24753,9147,19101,52114,13440,19571,39393,2384,58028,8392,13794,8461,19540,22612,57939,19385,22665,57972,57612,57866,22624,57599,52191,12720,19459,12864,24880,74233,22366,16580,66112,21262,20856,12395,22680,64398,57697,8600,65263,58744,68086,18912,20020,22294,758,57691,66084,12799,60363,20033,17422,16422,57642,64731,67458,8363,9204,48980,27617,19402,9291,22744,7970,17579,20135,5712]
	Found 0.0643187873216956818176384174 at index 21068. Active features [26745,8597,26716,12876,12540,67367,57725,12676,24753,9147,19101,52114,13440,19571,39393,2384,58028,8392,13794,8461,19540,22612,57939,19385,22665,57972,57612,57866,22624,57599,52191,12720,19459,12864,24880,74233,22366,16580,66112,21262,20856,12395,22680,64398,57697,8600,65263,58744,68086,18912,20020,22294,758,57691,66084,12799,60363,20033,17422,16422,57642,64731,67458,8363,9204,48980,27617,19402,9291,22744,7970,17579,20135,5712,21068]
	Found 0.0642056818156114902333860002 at index 64100. Active features [26745,8597,26716,12876,12540,67367,57725,12676,24753,9147,19101,52114,13440,19571,39393,2384,58028,8392,13794,8461,19540,22612,57939,19385,22665,57972,57612,57866,22624,57599,52191,12720,19459,12864,24880,74233,22366,16580,66112,21262,20856,12395,22680,64398,57697,8600,65263,58744,68086,18912,20020,22294,758,57691,66084,12799,60363,20033,17422,16422,57642,64731,67458,8363,9204,48980,27617,19402,9291,22744,7970,17579,20135,5712,21068,64100]
	Found 0.0640870900504475134894268171 at index 39475. Active features [26745,8597,26716,12876,12540,67367,57725,12676,24753,9147,19101,52114,13440,19571,39393,2384,58028,8392,13794,8461,19540,22612,57939,19385,22665,57972,57612,57866,22624,57599,52191,12720,19459,12864,24880,74233,22366,16580,66112,21262,20856,12395,22680,64398,57697,8600,65263,58744,68086,18912,20020,22294,758,57691,66084,12799,60363,20033,17422,16422,57642,64731,67458,8363,9204,48980,27617,19402,9291,22744,7970,17579,20135,5712,21068,64100,39475]
	Found 0.0639795571905613886851363943 at index 9002. Active features [26745,8597,26716,12876,12540,67367,57725,12676,24753,9147,19101,52114,13440,19571,39393,2384,58028,8392,13794,8461,19540,22612,57939,19385,22665,57972,57612,57866,22624,57599,52191,12720,19459,12864,24880,74233,22366,16580,66112,21262,20856,12395,22680,64398,57697,8600,65263,58744,68086,18912,20020,22294,758,57691,66084,12799,60363,20033,17422,16422,57642,64731,67458,8363,9204,48980,27617,19402,9291,22744,7970,17579,20135,5712,21068,64100,39475,9002]
	Found 0.0638681504448618500092480124 at index 22434. Active features [26745,8597,26716,12876,12540,67367,57725,12676,24753,9147,19101,52114,13440,19571,39393,2384,58028,8392,13794,8461,19540,22612,57939,19385,22665,57972,57612,57866,22624,57599,52191,12720,19459,12864,24880,74233,22366,16580,66112,21262,20856,12395,22680,64398,57697,8600,65263,58744,68086,18912,20020,22294,758,57691,66084,12799,60363,20033,17422,16422,57642,64731,67458,8363,9204,48980,27617,19402,9291,22744,7970,17579,20135,5712,21068,64100,39475,9002,22434]
Features:
	26745. Feature{"Ft 038544." is_continuous=False}
	8597. Feature{"Ft 010822." is_continuous=False}
	26716. Feature{"Ft 038510." is_continuous=False}
	12876. Feature{"Ft 016847." is_continuous=False}
	12540. Feature{"Ft 016404." is_continuous=False}
	67367. Feature{"Ft 096182." is_continuous=False}
	57725. Feature{"Ft 079421." is_continuous=False}
	12676. Feature{"Ft 016592." is_continuous=False}
	24753. Feature{"Ft 035546." is_continuous=False}
	9147. Feature{"Ft 011679." is_continuous=False}
	19101. Feature{"Ft 025515." is_continuous=False}
	52114. Feature{"Ft 072039." is_continuous=False}
	13440. Feature{"Ft 017585." is_continuous=False}
	19571. Feature{"Ft 026205." is_continuous=False}
	39393. Feature{"Ft 055117." is_continuous=False}
	2384. Feature{"Ft 003109." is_continuous=False}
	58028. Feature{"Ft 079826." is_continuous=False}
	8392. Feature{"Ft 010549." is_continuous=False}
	13794. Feature{"Ft 018092." is_continuous=False}
	8461. Feature{"Ft 010661." is_continuous=False}
	19540. Feature{"Ft 026173." is_continuous=False}
	22612. Feature{"Ft 031899." is_continuous=False}
	57939. Feature{"Ft 079702." is_continuous=False}
	19385. Feature{"Ft 025961." is_continuous=False}
	22665. Feature{"Ft 031970." is_continuous=False}
	57972. Feature{"Ft 079740." is_continuous=False}
	57612. Feature{"Ft 079249." is_continuous=False}
	57866. Feature{"Ft 079616." is_continuous=False}
	22624. Feature{"Ft 031914." is_continuous=False}
	57599. Feature{"Ft 079235." is_continuous=False}
	52191. Feature{"Ft 072151." is_continuous=False}
	12720. Feature{"Ft 016640." is_continuous=False}
	19459. Feature{"Ft 026081." is_continuous=False}
	12864. Feature{"Ft 016830." is_continuous=False}
	24880. Feature{"Ft 035709." is_continuous=False}
	74233. Feature{"Ft 106989." is_continuous=False}
	22366. Feature{"Ft 031547." is_continuous=False}
	16580. Feature{"Ft 021786." is_continuous=False}
	66112. Feature{"Ft 093529." is_continuous=False}
	21262. Feature{"Ft 029225." is_continuous=False}
	20856. Feature{"Ft 028512." is_continuous=False}
	12395. Feature{"Ft 016193." is_continuous=False}
	22680. Feature{"Ft 031990." is_continuous=False}
	64398. Feature{"Ft 090599." is_continuous=False}
	57697. Feature{"Ft 079383." is_continuous=False}
	8600. Feature{"Ft 010826." is_continuous=False}
	65263. Feature{"Ft 091931." is_continuous=False}
	58744. Feature{"Ft 080818." is_continuous=False}
	68086. Feature{"Ft 097792." is_continuous=False}
	18912. Feature{"Ft 025275." is_continuous=False}
	20020. Feature{"Ft 026945." is_continuous=False}
	22294. Feature{"Ft 031435." is_continuous=False}
	758. Feature{"Ft 000912." is_continuous=False}
	57691. Feature{"Ft 079374." is_continuous=False}
	66084. Feature{"Ft 093484." is_continuous=False}
	12799. Feature{"Ft 016737." is_continuous=False}
	60363. Feature{"Ft 083099." is_continuous=False}
	20033. Feature{"Ft 026958." is_continuous=False}
	17422. Feature{"Ft 023158." is_continuous=False}
	16422. Feature{"Ft 021512." is_continuous=False}
	57642. Feature{"Ft 079294." is_continuous=False}
	64731. Feature{"Ft 091120." is_continuous=False}
	67458. Feature{"Ft 096345." is_continuous=False}
	8363. Feature{"Ft 010517." is_continuous=False}
	9204. Feature{"Ft 011750." is_continuous=False}
	48980. Feature{"Ft 067859." is_continuous=False}
	27617. Feature{"Ft 039665." is_continuous=False}
	19402. Feature{"Ft 025984." is_continuous=False}
	9291. Feature{"Ft 011869." is_continuous=False}
	22744. Feature{"Ft 032101." is_continuous=False}
	7970. Feature{"Ft 009987." is_continuous=False}
	17579. Feature{"Ft 023366." is_continuous=False}
	20135. Feature{"Ft 027126." is_continuous=False}
	5712. Feature{"Ft 007300." is_continuous=False}
	21068. Feature{"Ft 028817." is_continuous=False}
	64100. Feature{"Ft 090095." is_continuous=False}
	39475. Feature{"Ft 055216." is_continuous=False}
	9002. Feature{"Ft 011472." is_continuous=False}
	22434. Feature{"Ft 031642." is_continuous=False}
=====Ended FindAllFeaturesByRsResult at 5/3/2021 6:34:09 PM
