0
2
20
22
23
24
32
38
42
47
50
67
79
105
107
157
174
197
201
208
210
213
293
306
368
373
375
400
401
408
412
419
432
442
455
456
469
496
530
586
599
626
628
632
645
649
666
706
713
718
726
758
765
771
775
797
803
811
839
850
870
877
891
900
917
934
935
943
947
971
1024
1030
1032
1035
1079
1084
1111
1144
1147
1149
1168
1197
1201
1229
1233
1276
1290
1295
1301
1303
1311
1315
1325
1334
1335
1338
1340
1342
1345
1347
1388
1402
1411
1429
1447
1456
1472
1513
1516
1532
1546
1555
1577
1583
1601
1605
1625
1630
1651
1662
1665
1667
1693
1694
1699
1706
1709
1712
1738
1746
1758
1768
1780
1782
1791
1798
1812
1817
1835
1836
1838
1841
1844
1846
1856
1861
1865
1866
1882
1895
1896
1904
1914
1919
1922
1923
1930
1935
1958
1959
1961
1969
1972
1976
1981
1983
1984
1985
1990
1997
1999
2007
2008
2009
2010
2011
2013
2016
2018
2019
2021
2023
2024
2025
2027
2028
2029
2031
2032
2035
2038
2039
2040
2041
2044
2046
2047
2048
2049
2050
2059
2061
2062
2064
2065
2068
2070
2073
2074
2076
2077
2080
2081
2082
2083
2087
2089
2092
2095
2098
2108
2109
2110
2114
2119
2120
2122
2124
2129
2138
2154
2160
2161
2174
2175
2179
2186
2191
2192
2193
2196
2197
2200
2201
2208
2213
2219
2223
2226
2235
2241
2244
2258
2262
2270
2276
2295
2296
2299
2303
2306
2308
2314
2324
2332
2334
2338
2339
2344
2345
2349
2355
2363
2367
2375
2395
2399
2431
2436
2438
2439
2442
2448
2454
2460
2462
2476
2484
2498
2513
2526
2536
2538
2542
2544
2546
2549
2551
2557
2574
2576
2581
2582
2590
2591
2595
2610
2616
2619
2620
2621
2645
2646
2651
2655
2659
2662
2668
2676
2691
2696
2710
2716
2723
2742
2745
2746
2751
2781
2783
2802
2804
2813
2822
2828
2840
2845
2846
2854
2857
2866
2873
2881
2885
2893
2918
2919
2937
2945
2946
2951
2968
2969
2970
2976
2991
2996
3021
3023
3026
3028
3030
3035
3039
3059
3063
3065
3072
3073
3078
3083
3093
3099
3104
3106
3111
3114
3117
3122
3130
3132
3145
3150
3158
3160
3166
3168
3172
3179
3184
3198
3200
3246
3254
3255
3256
3261
3263
3266
3267
3269
3270
3275
3278
3292
3293
3294
3299
3307
3314
3324
3330
3331
3333
3338
3344
3345
3347
3348
3349
3356
3871
3872
3873
3874
3875
3876
3877
3878
3879
3880
3881
3882
3883
3884
3885
3886
3887
3888
3889
3890
3891
3892
3893
3894
3895
3896
3897
3898
3899
3900
3901
3902
3904
3907
3910
3912
3914
3915
3916
3917
3918
3920
3921
3922
3923
3926
3927
3930
3931
3932
3933
3935
3936
3937
3939
3940
3941
3942
3943
3944
3947
3949
3951
3954
3958
3959
3962
3964
3965
3969
3971
3973
3975
3976
3982
3983
3984
3990
3991
3992
3995
3996
3999
4003
4006
4009
4010
4016
4018
4020
4023
4024
4025
4028
4034
4037
4038
4042
4043
4047
4049
4050
4055
4057
4065
4067
4071
4073
4075
4078
4079
4090
4111
4114
4127
4132
4133
4136
4137
4138
4139
4142
4147
4148
4150
4151
4152
4160
4167
4170
4178
4185
4189
4192
4194
4196
4198
4199
4203
4210
4216
4218
4224
4238
4245
4248
4252
4253
4254
4262
4269
4270
4271
4275
4282
4285
4290
4300
4320
4326
4329
4331
4332
4333
4340
4347
4349
4352
4357
4364
4377
4378
4382
4384
4394
4396
4403
4414
4418
4422
4425
4431
4451
4460
4461
4462
4471
4473
4477
4497
4498
4504
4505
4508
4516
4518
4523
4532
4551
4572
4575
4583
4593
4603
4608
4613
4615
4620
4633
4646
4649
4653
4658
4662
4667
4677
4678
4690
4695
4745
4761
4764
4797
4804
4811
4830
4839
4860
4865
4873
4882
4884
4889
4900
4905
4906
4917
4920
4932
4936
4948
4951
4970
4985
4987
4996
5017
5041
5058
5066
5072
5113
5119
5123
5127
5151
5158
5171
5172
5179
5185
5189
5245
5248
5251
5262
5268
5270
5291
5298
5312
5316
5332
5350
5352
5368
5373
5378
5379
5393
5416
5423
5429
5440
5452
5480
5489
5491
5495
5497
5498
5499
5500
5501
5502
5504
5505
5506
5507
5508
5509
5510
5511
5513
5515
5516
5517
5518
5519
5521
5523
5525
5527
5529
5537
5539
5540
5545
5549
5552
5556
5561
5564
5566
5573
5604
5605
5606
5616
5626
5627
5641
5644
5646
5650
5664
5686
5692
5705
5716
5723
5731
5757
5763
5774
5794
5810
5819
5823
5839
5856
5876
5900
5915
5920
5925
5929
5930
5946
6035
6040
6082
6099
6128
6145
6160
6215
6254
6257
6259
6323
6330
6331
6399
6418
6427
6459
6491
6521
6562
6566
6614
6624
6654
6670
6712
6716
6734
6743
6744
6748
6775
6822
6828
6837
6843
6883
6917
6920
6935
6954
6967
6982
6983
6992
7013
7038
7040
7063
7069
7076
7084
7087
7119
7128
7129
7131
7133
7146
7205
7210
7211
7218
7223
7229
7239
7244
7258
7266
7268
7279
7283
7288
7307
7311
7313
7327
7331
7332
7336
7337
7339
7340
7347
7356
7359
7367
7374
7385
7386
7391
7399
7400
7407
7408
7411
7414
7415
7417
7419
7422
7423
7426
7428
7429
7430
7431
7432
7433
7434
7435
7436
7437
7438
7439
7440
7441
7442
7443
7444
7445
7446
7447
7448
7449
7450
7451
7452
7453
7454
7455
7456
7457
7458
7459
7460
7461
7462
7463
7464
7465
7466
7467
7468
7469
7470
7471
7472
7473
7474
7475
7476
7478
7479
7480
7481
7482
7483
7484
7485
7486
7487
7488
7489
7490
7491
7492
7493
7494
7495
7496
7497
7498
7499
7500
7501
7502
7503
7504
7506
7507
7509
7510
7511
7512
7513
7514
7515
7516
7517
7518
7519
7520
7521
7522
7524
7525
7526
7527
7528
7529
7530
7531
7532
7533
7535
7536
7537
7538
7539
7540
7541
7543
7544
7545
7546
7548
7550
7551
7552
7554
7557
7560
7561
7562
7563
7564
7565
7567
7568
7569
7570
7571
7572
7573
7574
7575
7576
7577
7578
7580
7581
7582
7583
7585
7586
7587
7588
7589
7590
7592
7593
7595
7596
7597
7598
7599
7600
7601
7602
7603
7604
7605
7606
7607
7609
7610
7611
7612
7613
7614
7615
7616
7617
7618
7619
7620
7621
7623
7627
7631
7632
7633
7634
7635
7637
7638
7639
7642
7643
7644
7646
7647
7648
7650
7651
7653
7655
7656
7657
7660
7661
7662
7663
7664
7665
7666
7667
7669
7671
7672
7674
7676
7677
7679
7681
7683
7684
7685
7687
7688
7690
7695
7696
7698
7700
7701
7702
7703
7708
7709
7710
7711
7712
7714
7715
7717
7720
7722
7724
7725
7728
7729
7731
7732
7734
7735
7736
7737
7738
7740
7742
7745
7746
7748
7750
7751
7755
7756
7758
7760
7763
7765
7767
7770
7771
7772
7773
7775
7776
7777
7778
7779
7784
7786
7787
7789
7790
7798
7801
7802
7804
7806
7810
7812
7814
7816
7819
7820
7821
7823
7826
7828
7830
7833
7836
7840
7843
7846
7849
7850
7852
7853
7854
7856
7859
7862
7866
7867
7870
7873
7878
7882
7889
7890
7892
7897
7899
7900
7902
7904
7905
7907
7908
7909
7911
7914
7916
7917
7920
7922
7923
7924
7926
7927
7929
7930
7931
7932
7933
7935
7943
7944
7950
7954
7957
7963
7966
7968
7973
7978
7979
7980
7984
7985
7990
7995
7997
8001
8003
8016
8021
8023
8026
8028
8030
8033
8034
8038
8043
8044
8046
8049
8051
8056
8059
8067
8068
8070
8073
8077
8082
8084
8089
8092
8096
8100
8117
8120
8122
8125
8130
8134
8141
8148
8150
8154
8155
8156
8159
8166
8177
8184
8188
8191
8195
8196
8197
8198
8219
8220
8227
8230
8231
8233
8237
8253
8254
8257
8260
8272
8274
8278
8280
8284
8285
8287
8293
8294
8311
8313
8317
8319
8321
8330
8343
8351
8356
8375
8378
8384
8388
8389
8390
8394
8400
8404
8414
8419
8420
8452
8454
8455
8459
8477
8486
8490
8529
8541
8547
8563
8572
8587
8592
8604
8660
8669
8676
8681
8691
8699
8703
8735
8736
8810
8830
8833
8858
8865
8871
8881
8886
8890
8894
8919
8923
8937
8956
9008
9025
9028
9033
9043
9045
9052
9057
9073
9076
9097
9113
9130
9141
9154
9160
9171
9187
9190
9195
9211
9224
9236
9242
9254
9278
9279
9283
9307
9319
9330
9369
9376
9387
9390
9393
9396
9404
9409
9411
9428
9433
9456
9482
9492
9501
9504
9510
9512
9516
9517
9526
9529
9530
9531
9536
9546
9558
9569
9601
9604
9629
9660
9667
9669
9677
9686
9695
9727
9758
9761
9783
9792
9795
9797
9802
9828
9830
9831
9843
9865
9873
9876
9886
9890
9892
9894
9898
9900
9904
9907
9923
9929
9934
9955
9956
9957
9958
9960
9967
9968
9969
9971
9972
9976
9979
9981
9982
9987
9990
9992
9997
10000
10005
10006
10007
10008
10009
10010
10011
10012
10013
10016
10018
10020
10021
10022
10023
10032
10033
10035
10037
10038
10039
10041
10043
10044
10045
10047
10048
10049
10050
10051
10053
10054
10056
10058
10059
10060
10061
10062
10063
10064
10422
11062
11128
11224
11454
11473
11539
11551
11561
11564
11601
11788
11794
11832
11895
11983
11998
12001
12002
12004
12029
12036
12038
12043
12056
12104
12119
12132
12189
12198
12202
12208
12218
12227
12234
12244
12273
12274
12306
12314
12318
12337
12355
12359
12407
12413
12415
12436
12449
12450
12452
12469
12474
12477
12479
12489
12494
12505
12509
12510
12514
12522
12526
12529
12540
12544
12550
12554
12566
12568
12570
12574
12593
12603
12605
12618
12645
12647
12649
12655
12659
12662
12665
12666
12697
12702
12704
12708
12711
12720
12725
12728
12750
12757
12758
12761
12763
12771
12775
12778
12779
12789
12792
12795
12798
12799
12806
12810
12812
12816
12818
12820
12822
12826
12830
12834
12842
12848
12854
12857
12858
12861
12862
12873
12875
12884
12893
12894
12899
12901
12909
12911
12915
12918
12921
12925
12928
12933
12938
12940
12941
12943
12945
12947
12948
12949
12950
12954
12958
12961
12963
12965
12969
12970
12972
12973
12976
12982
12983
12984
12985
12986
12991
12996
12997
12999
13002
13005
13007
13009
13010
13013
13016
13017
13019
13022
13023
13025
13026
13029
13032
13033
13036
13040
13041
13046
13047
13049
13063
13071
13072
13075
13077
13081
13083
13084
13089
13093
13095
13097
13102
13105
13109
13113
13116
13117
13118
13131
13132
13134
13136
13137
13138
13142
13146
13147
13149
13151
13152
13154
13156
13158
13160
13165
13167
13172
13176
13178
13179
13182
13184
13186
13187
13192
13195
13196
13197
13199
13200
13211
13212
13213
13215
13219
13220
13221
13229
13233
13242
13245
13246
13248
13249
13251
13252
13253
13254
13258
13259
13261
13263
13264
13265
13269
13270
13271
13274
13277
13278
13281
13283
13285
13286
13292
13298
13300
13301
13302
13305
13306
13307
13308
13309
13312
13313
13314
13315
13316
13319
13320
13321
13322
13323
13330
13332
13333
13334
13335
13340
13342
13346
13347
13351
13352
13354
13356
13357
13359
13360
13361
13362
13364
13365
13374
13375
13376
13378
13379
13382
13384
13386
13387
13389
13390
13392
13396
13397
13404
13407
13409
13411
13413
13414
13415
13417
13418
13420
13421
13422
13423
13424
13425
13426
13427
13430
13432
13435
13436
13437
13438
13439
13440
13441
13445
13447
13448
13449
13450
13451
13453
13455
13456
13457
13459
13460
13461
13462
13463
13464
13465
13466
13467
13468
13469
13470
13471
13472
13474
13475
13476
13477
13479
13480
13481
13484
13485
13486
13488
13489
13490
13491
13492
13493
13494
13495
13497
13498
13499
13500
13501
13502
13503
13504
13505
13507
13508
13509
13510
13511
13512
13513
13514
13515
13517
13518
13519
13520
13521
13522
13523
13524
13525
13527
13528
13529
13530
13531
13532
13533
13535
13536
13537
13538
13540
13541
13542
13544
13545
13546
13547
13548
13549
13550
13551
13552
13553
13555
13556
13558
13559
13561
13562
13563
13564
13565
13566
13567
13568
13569
13570
13571
13572
13573
13574
13575
13576
13577
13578
13579
13580
13581
13582
13583
13584
13585
13586
13587
13588
13589
13590
13591
13592
13593
13594
13595
13596
13597
13598
13599
13600
13601
13602
13603
13604
13605
13606
13607
13608
13609
13610
