2
20
22
29
32
39
43
47
95
101
103
105
107
157
158
174
201
208
214
278
346
359
375
408
430
437
488
530
559
615
630
655
677
718
732
775
797
811
853
893
954
1011
1038
1050
1070
1084
1201
1233
1266
1280
1295
1299
1325
1346
1387
1391
1411
1412
1421
1425
1440
1457
1502
1507
1527
1537
1597
1598
1662
1667
1746
1762
1800
1827
1876
1891
1893
1898
1900
1910
1913
1941
1946
1956
1964
1974
1975
1987
1997
1998
2001
2010
2015
2017
2020
2022
2026
2030
2033
2034
2036
2041
2043
2045
2053
2054
2056
2062
2066
2070
2072
2073
2075
2078
2081
2084
2088
2096
2098
2112
2117
2121
2122
2130
2132
2134
2136
2144
2153
2155
2163
2164
2166
2193
2195
2197
2203
2214
2217
2218
2220
2227
2230
2236
2239
2241
2242
2244
2245
2250
2253
2258
2269
2270
2276
2282
2290
2296
2299
2303
2324
2342
2350
2372
2394
2399
2400
2413
2431
2434
2436
2439
2462
2464
2484
2486
2491
2519
2533
2540
2548
2551
2593
2609
2617
2651
2653
2655
2662
2665
2666
2668
2689
2692
2700
2710
2716
2722
2729
2732
2736
2748
2751
2770
2790
2797
2800
2802
2810
2824
2827
2834
2835
2846
2854
2858
2863
2866
2872
2895
2897
2913
2919
2935
2937
2938
2944
2946
2950
2970
2973
2976
2977
2984
3000
3030
3042
3045
3049
3054
3064
3073
3086
3099
3114
3115
3116
3130
3145
3159
3160
3161
3168
3179
3181
3189
3198
3200
3223
3242
3248
3264
3267
3269
3275
3278
3292
3293
3294
3313
3324
3325
3326
3329
3332
3333
3334
3335
3337
3341
3344
3345
3346
3349
3350
3880
3884
3887
3890
3895
3897
3901
3903
3906
3908
3911
3913
3914
3916
3918
3919
3924
3929
3940
3941
3942
3944
3945
3948
3949
3952
3953
3956
3958
3963
3964
3967
3968
3970
3972
3974
3984
3985
3988
3993
3996
4004
4006
4012
4016
4018
4019
4020
4021
4027
4034
4036
4037
4038
4046
4047
4049
4050
4053
4054
4057
4059
4060
4063
4064
4065
4067
4070
4071
4074
4075
4079
4080
4085
4087
4088
4090
4095
4097
4099
4104
4107
4121
4130
4150
4151
4152
4160
4164
4166
4169
4170
4177
4178
4179
4188
4196
4203
4204
4206
4207
4210
4216
4220
4224
4239
4249
4261
4262
4266
4271
4301
4316
4331
4343
4348
4352
4353
4364
4375
4378
4406
4414
4423
4425
4431
4449
4451
4452
4470
4473
4478
4498
4504
4508
4514
4516
4517
4518
4523
4524
4527
4534
4539
4544
4557
4581
4604
4605
4613
4633
4640
4646
4668
4677
4681
4686
4695
4700
4745
4747
4749
4761
4764
4786
4789
4795
4799
4804
4810
4819
4827
4838
4839
4840
4843
4862
4865
4879
4885
4900
4903
4906
4910
4948
4951
4962
4964
4970
4981
5002
5007
5017
5022
5041
5072
5082
5093
5108
5113
5148
5168
5171
5172
5179
5185
5189
5200
5201
5205
5207
5244
5251
5279
5291
5298
5312
5316
5318
5322
5332
5334
5336
5356
5373
5379
5393
5398
5414
5416
5417
5423
5440
5443
5480
5489
5491
5493
5494
5496
5497
5500
5501
5507
5508
5509
5513
5514
5520
5552
5579
5612
5618
5621
5633
5668
5694
5699
5727
5757
5773
5857
5877
5938
5939
5956
5966
6011
6025
6041
6099
6117
6120
6306
6307
6314
6419
6461
6486
6565
6608
6609
6639
6657
6670
6680
6698
6734
6740
6744
6747
6760
6790
6850
6901
6921
6935
6941
6947
7038
7040
7060
7069
7080
7084
7131
7149
7165
7205
7218
7223
7239
7243
7248
7268
7279
7281
7282
7306
7310
7313
7322
7336
7338
7356
7357
7367
7370
7385
7391
7401
7402
7412
7419
7420
7464
7475
7477
7487
7497
7498
7503
7505
7508
7518
7523
7534
7542
7547
7549
7550
7553
7555
7556
7559
7561
7563
7566
7568
7570
7577
7579
7583
7585
7586
7587
7591
7592
7594
7599
7600
7605
7606
7608
7612
7616
7619
7622
7624
7625
7626
7627
7628
7629
7636
7638
7640
7641
7644
7645
7647
7649
7652
7656
7658
7659
7661
7668
7673
7675
7676
7678
7680
7683
7686
7692
7694
7699
7705
7706
7709
7713
7717
7718
7719
7721
7725
7726
7727
7730
7735
7741
7742
7743
7747
7752
7753
7754
7756
7757
7761
7762
7768
7774
7776
7782
7785
7790
7793
7794
7795
7800
7803
7804
7805
7810
7813
7817
7818
7819
7823
7824
7828
7833
7839
7840
7843
7846
7851
7852
7864
7865
7868
7873
7877
7881
7888
7897
7909
7910
7912
7914
7916
7920
7924
7927
7928
7930
7936
7938
7943
7944
7959
7961
7962
7965
7994
7995
7998
8001
8009
8013
8015
8020
8021
8022
8026
8030
8034
8040
8043
8044
8059
8063
8067
8069
8074
8087
8091
8114
8120
8130
8133
8150
8151
8152
8157
8159
8166
8175
8181
8182
8183
8186
8205
8210
8238
8241
8253
8254
8262
8275
8293
8294
8331
8333
8384
8400
8401
8445
8466
8468
8534
8546
8547
8548
8563
8592
8651
8660
8701
8703
8736
8738
8799
8801
8830
8858
8901
8967
8981
8985
8990
9073
9076
9113
9120
9122
9170
9187
9278
9279
9283
9289
9319
9390
9446
9486
9504
9516
9519
9528
9530
9542
9546
9602
9629
9646
9682
9713
9720
9724
9725
9729
9739
9752
9758
9760
9768
9797
9807
9808
9820
9835
9841
9864
9871
9881
9910
9911
9916
9923
9931
9954
9965
9967
9979
9986
9993
9994
9996
9997
9999
10000
10002
10006
10008
10010
10011
10018
10019
10022
10024
10029
10031
10033
10035
10038
10040
10047
10048
10052
10055
10057
10139
10156
10342
10422
10470
10928
10931
10957
10962
11034
11498
11505
11551
11552
11561
11788
11815
11855
11933
11953
11983
12004
12026
12029
12059
12066
12116
12194
12202
12227
12325
12333
12357
12429
12450
12451
12495
12509
12520
12526
12529
12551
12579
12614
12623
12658
12674
12688
12710
12713
12716
12721
12723
12731
12739
12740
12750
12779
12798
12806
12815
12818
12834
12854
12861
12871
12885
12891
12901
12902
12905
12906
12909
12910
12927
12928
12934
12935
12942
12946
12950
12954
12964
12966
12978
12986
12988
13002
13003
13004
13008
13013
13018
13020
13022
13025
13028
13031
13037
13039
13040
13054
13055
13057
13063
13067
13071
13073
13077
13078
13094
13096
13101
13103
13114
13117
13119
13123
13125
13128
13130
13143
13146
13147
13151
13170
13171
13182
13184
13192
13195
13197
13199
13203
13204
13207
13210
13212
13217
13218
13223
13225
13234
13236
13243
13249
13252
13255
13257
13258
13262
13263
13268
13270
13280
13282
13283
13284
13288
13290
13296
13297
13298
13300
13313
13317
13318
13324
13325
13326
13327
13328
13337
13338
13339
13340
13344
13345
13347
13349
13353
13359
13363
13367
13369
13370
13371
13373
13376
13380
13381
13385
13388
13394
13395
13397
13398
13399
13400
13406
13408
13413
13414
13416
13418
13419
13420
13421
13427
13428
13429
13432
13433
13434
13437
13438
13442
13443
13444
13452
13454
13455
13456
13458
13459
13461
13468
13470
13471
13473
13475
13476
13478
13482
13483
13484
13487
13491
13496
13501
13506
13510
13516
13526
13539
13543
13557
13560
13567
13577
13581
13591
13606
