2
12
23
46
47
50
61
79
101
105
132
158
168
174
208
214
216
229
232
237
276
278
293
303
316
328
329
346
359
374
387
400
408
419
438
455
463
465
496
502
532
541
542
554
568
581
586
594
598
599
628
630
632
649
677
695
706
713
716
718
726
765
771
773
793
803
809
811
850
853
877
878
883
912
917
934
935
939
947
948
961
971
974
988
989
997
999
1005
1010
1011
1012
1014
1024
1038
1040
1041
1047
1050
1062
1067
1070
1079
1083
1084
1114
1131
1132
1144
1147
1164
1168
1182
1190
1195
1197
1211
1229
1234
1271
1276
1284
1287
1290
1295
1299
1304
1309
1311
1315
1318
1323
1328
1332
1334
1335
1336
1338
1340
1345
1346
1347
1352
1359
1368
1381
1401
1411
1412
1415
1419
1421
1426
1428
1442
1443
1456
1463
1470
1490
1498
1513
1516
1522
1528
1532
1537
1538
1541
1554
1571
1577
1585
1605
1625
1642
1646
1647
1659
1660
1662
1694
1700
1705
1720
1724
1734
1761
1763
1768
1774
1803
1827
1830
1835
1841
1842
1846
1852
1865
1866
1872
1875
1882
1891
1897
1900
1911
1912
1913
1914
1918
1921
1922
1928
1930
1953
1958
1964
1967
1974
1976
1977
1981
1984
1985
1988
1990
1994
1995
1997
2001
2010
2020
2025
2031
2033
2037
2039
2041
2042
2043
2051
2052
2053
2056
2060
2061
2062
2063
2065
2068
2069
2070
2073
2075
2076
2078
2082
2084
2087
2088
2089
2091
2092
2098
2099
2101
2102
2104
2105
2110
2111
2112
2114
2117
2120
2122
2124
2129
2133
2135
2145
2147
2149
2153
2154
2155
2163
2166
2172
2174
2177
2179
2181
2183
2186
2195
2196
2197
2199
2200
2205
2208
2211
2212
2213
2217
2218
2223
2225
2226
2236
2240
2241
2245
2248
2250
2255
2257
2258
2262
2270
2272
2273
2282
2289
2290
2296
2298
2300
2303
2306
2308
2312
2316
2318
2319
2324
2332
2338
2339
2341
2344
2345
2349
2350
2360
2363
2367
2372
2380
2395
2399
2400
2408
2422
2430
2434
2435
2437
2439
2453
2457
2460
2464
2472
2475
2483
2484
2486
2491
2492
2498
2510
2513
2518
2519
2526
2536
2538
2540
2544
2546
2548
2551
2555
2557
2573
2574
2575
2593
2595
2606
2610
2616
2617
2621
2628
2629
2645
2648
2651
2655
2659
2663
2665
2666
2670
2676
2684
2689
2691
2696
2698
2700
2706
2709
2710
2714
2722
2723
2729
2732
2742
2745
2746
2749
2751
2754
2769
2775
2781
2783
2797
2800
2802
2804
2810
2827
2834
2835
2840
2845
2846
2854
2857
2858
2866
2872
2881
2890
2893
2897
2901
2904
2910
2917
2918
2919
2921
2937
2944
2946
2951
2963
2964
2970
2977
2984
2996
2997
3000
3015
3019
3021
3023
3026
3030
3035
3039
3049
3059
3065
3072
3073
3083
3086
3089
3092
3093
3099
3104
3106
3107
3111
3112
3114
3117
3130
3132
3145
3148
3159
3161
3165
3166
3168
3178
3181
3200
3202
3208
3225
3229
3233
3238
3241
3242
3246
3255
3256
3259
3263
3269
3274
3275
3292
3294
3313
3314
3319
3324
3326
3330
3333
3338
3346
3347
3348
3349
3352
3355
3356
3360
3362
3368
3427
3434
3884
3886
3890
3896
3900
3903
3904
3908
3910
3911
3913
3914
3915
3916
3920
3923
3924
3925
3929
3934
3938
3939
3940
3941
3944
3948
3949
3950
3951
3952
3953
3954
3959
3962
3966
3969
3971
3972
3973
3982
3983
3985
3988
3990
3991
3995
3996
3998
4001
4004
4005
4009
4012
4015
4016
4017
4019
4021
4023
4025
4027
4032
4037
4038
4040
4041
4042
4043
4044
4048
4053
4054
4055
4056
4058
4059
4062
4063
4066
4069
4072
4073
4074
4075
4077
4078
4087
4088
4089
4090
4092
4093
4095
4100
4101
4107
4108
4109
4111
4112
4114
4120
4121
4122
4124
4125
4127
4129
4130
4132
4133
4134
4136
4137
4138
4142
4144
4146
4148
4151
4152
4153
4160
4167
4168
4170
4171
4175
4177
4181
4185
4189
4192
4194
4195
4196
4198
4203
4206
4210
4211
4213
4216
4218
4219
4220
4224
4232
4237
4238
4242
4243
4247
4248
4249
4251
4253
4254
4255
4256
4257
4261
4266
4276
4281
4282
4285
4289
4290
4292
4301
4304
4306
4308
4318
4324
4326
4329
4332
4333
4336
4337
4340
4343
4347
4353
4355
4357
4359
4364
4366
4367
4373
4375
4379
4382
4383
4384
4388
4389
4396
4399
4400
4402
4403
4414
4415
4418
4422
4424
4425
4427
4430
4431
4451
4452
4453
4457
4460
4464
4471
4472
4473
4477
4483
4497
4499
4502
4508
4517
4523
4524
4527
4528
4532
4534
4542
4553
4572
4583
4589
4593
4596
4603
4605
4606
4608
4609
4611
4615
4618
4622
4630
4632
4637
4639
4640
4642
4643
4646
4649
4650
4656
4662
4664
4667
4668
4671
4674
4676
4678
4691
4693
4694
4695
4699
4700
4715
4728
4745
4747
4749
4755
4759
4781
4789
4790
4797
4804
4811
4819
4821
4827
4843
4844
4852
4854
4860
4862
4865
4873
4879
4882
4884
4885
4900
4901
4904
4905
4908
4916
4920
4930
4931
4936
4948
4951
4958
4964
4965
4970
4971
4972
4978
4982
4985
4996
5002
5008
5010
5014
5017
5022
5025
5032
5050
5058
5066
5072
5075
5077
5090
5091
5092
5105
5107
5108
5119
5122
5147
5148
5149
5158
5171
5172
5175
5179
5185
5204
5207
5213
5229
5248
5252
5255
5262
5268
5277
5281
5283
5285
5291
5293
5298
5300
5301
5303
5309
5316
5322
5332
5350
5352
5353
5377
5378
5379
5383
5398
5411
5413
5416
5429
5437
5439
5440
5451
5452
5453
5470
5489
5491
5494
5501
5504
5505
5507
5508
5509
5512
5517
5521
5524
5526
5527
5533
5537
5538
5541
5545
5546
5547
5548
5549
5564
5567
5572
5579
5581
5598
5599
5604
5605
5606
5615
5620
5621
5625
5640
5641
5651
5664
5668
5696
5697
5699
5720
5721
5723
5743
5763
5771
5774
5786
5789
5794
5795
5798
5810
5819
5822
5846
5857
5876
5877
5893
5900
5901
5907
5915
5920
5925
5928
5930
5938
5939
5944
5968
5980
5986
6011
6025
6030
6041
6047
6089
6099
6106
6117
6120
6127
6145
6153
6159
6160
6195
6196
6221
6254
6257
6259
6286
6306
6307
6309
6315
6323
6330
6331
6336
6383
6400
6405
6416
6418
6427
6437
6459
6486
6487
6500
6509
6510
6526
6528
6530
6562
6565
6566
6572
6597
6598
6599
6600
6614
6615
6621
6633
6635
6654
6657
6680
6683
6687
6700
6702
6706
6712
6716
6724
6730
6734
6738
6740
6743
6744
6747
6748
6751
6760
6775
6790
6800
6826
6828
6843
6848
6883
6905
6912
6917
6920
6921
6939
6954
6956
6961
6963
6967
6972
6981
6982
6983
6992
6999
7004
7005
7007
7026
7031
7041
7059
7066
7067
7068
7076
7084
7087
7094
7095
7096
7097
7098
7120
7122
7123
7128
7129
7131
7133
7146
7152
7162
7163
7165
7169
7170
7174
7193
7211
7212
7216
7222
7223
7229
7230
7231
7232
7239
7243
7253
7258
7265
7266
7268
7269
7271
7279
7282
7283
7288
7291
7306
7310
7311
7322
7323
7325
7327
7332
7334
7336
7337
7338
7339
7340
7343
7356
7367
7368
7370
7371
7382
7385
7391
7392
7395
7401
7402
7403
7411
7420
7422
7423
7426
7437
7442
7443
7446
7453
7457
7461
7467
7472
7477
7486
7487
7489
7494
7495
7498
7501
7503
7506
7508
7516
7518
7519
7521
7522
7523
7524
7531
7536
7538
7539
7541
7542
7543
7545
7547
7550
7556
7557
7561
7563
7564
7567
7568
7575
7579
7580
7584
7586
7600
7603
7605
7609
7612
7613
7616
7619
7621
7622
7624
7627
7628
7629
7631
7633
7635
7636
7637
7639
7642
7647
7649
7650
7656
7658
7660
7661
7662
7664
7667
7668
7669
7672
7677
7681
7686
7689
7692
7693
7696
7697
7701
7702
7705
7706
7708
7709
7711
7715
7716
7717
7720
7722
7724
7726
7727
7728
7735
7738
7740
7742
7743
7746
7754
7755
7757
7759
7761
7763
7764
7767
7769
7771
7772
7775
7776
7777
7778
7779
7780
7782
7786
7787
7791
7801
7803
7804
7808
7810
7811
7812
7814
7815
7817
7819
7820
7823
7825
7826
7827
7828
7829
7830
7832
7836
7837
7839
7840
7841
7843
7844
7845
7846
7849
7852
7853
7854
7855
7856
7859
7860
7862
7863
7865
7866
7867
7869
7872
7874
7879
7881
7883
7886
7889
7891
7892
7894
7895
7896
7902
7904
7905
7909
7910
7912
7914
7916
7919
7920
7922
7923
7925
7929
7930
7931
7933
7935
7938
7941
7943
7944
7946
7949
7950
7952
7956
7957
7958
7959
7960
7961
7962
7965
7966
7968
7969
7970
7973
7974
7978
7979
7980
7981
7983
7984
7987
7988
7989
7992
7994
7995
7996
7997
7999
8001
8002
8003
8006
8008
8009
8011
8015
8018
8019
8021
8023
8024
8025
8026
8027
8033
8035
8039
8040
8041
8042
8043
8044
8045
8046
8049
8051
8053
8059
8060
8062
8063
8064
8065
8067
8068
8069
8071
8073
8074
8075
8076
8078
8079
8081
8082
8083
8084
8086
8089
8090
8091
8092
8095
8096
8097
8102
8106
8107
8109
8114
8116
8117
8119
8120
8122
8123
8125
8126
8130
8132
8133
8135
8137
8140
8141
8142
8143
8145
8146
8148
8150
8151
8152
8154
8155
8156
8158
8162
8163
8166
8168
8169
8172
8173
8174
8181
8186
8188
8189
8191
8193
8195
8196
8197
8201
8202
8205
8209
8210
8211
8212
8213
8216
8218
8219
8220
8222
8223
8225
8226
8227
8231
8232
8233
8236
8238
8239
8241
8242
8244
8245
8246
8248
8253
8254
8256
8257
8258
8260
8261
8262
8264
8265
8268
8269
8270
8271
8272
8274
8275
8276
8277
8278
8279
8281
8284
8285
8288
8291
8292
8293
8294
8296
8299
8300
8301
8311
8313
8315
8316
8317
8319
8320
8321
8324
8330
8331
8333
8335
8340
8342
8343
8345
8346
8347
8352
8354
8357
8358
8360
8362
8363
8365
8366
8369
8370
8371
8372
8373
8375
8376
8377
8378
8387
8388
8389
8390
8393
8394
8400
8403
8404
8405
8407
8409
8410
8415
8416
8419
8427
8430
8433
8435
8439
8445
8447
8454
8455
8457
8459
8460
8461
8462
8466
8467
8473
8474
8475
8477
8483
8485
8489
8498
8503
8504
8506
8507
8508
8512
8516
8522
8526
8528
8529
8530
8531
8541
8544
8546
8547
8549
8551
8561
8562
8563
8568
8571
8577
8580
8585
8594
8596
8597
8598
8605
8610
8613
8617
8618
8623
8630
8636
8639
8646
8648
8657
8659
8661
8665
8666
8671
8686
8689
8691
8695
8698
8701
8708
8710
8718
8723
8725
8733
8741
8742
8743
8744
8745
8748
8750
8758
8760
8769
8780
8783
8784
8791
8802
8805
8806
8814
8815
8816
8821
8838
8842
8861
8865
8870
8873
8875
8880
8881
8887
8890
8892
8894
8895
8896
8901
8911
8919
8934
8937
8941
8948
8949
8956
8971
8983
8984
9008
9015
9024
9027
9028
9033
9050
9056
9062
9065
9073
9086
9093
9095
9097
9117
9124
9130
9138
9145
9154
9160
9171
9183
9185
9187
9190
9193
9195
9200
9205
9207
9211
9213
9220
9225
9236
9251
9260
9267
9271
9283
9284
9285
9287
9294
9299
9302
9303
9312
9317
9319
9321
9323
9325
9328
9330
9331
9340
9341
9345
9363
9372
9376
9382
9384
9385
9398
9401
9403
9404
9405
9409
9410
9411
9414
9417
9422
9428
9431
9440
9441
9456
9465
9472
9482
9485
9501
9510
9512
9513
9516
9517
9529
9530
9531
9536
9546
9558
9559
9561
9575
9577
9587
9601
9604
9614
9617
9619
9629
9633
9638
9667
9668
9669
9677
9679
9680
9685
9690
9691
9697
9698
9701
9706
9707
9721
9725
9728
9737
9745
9755
9759
9761
9765
9766
9778
9781
9783
9786
9792
9796
9799
9800
9803
9805
9808
9809
9811
9812
9816
9820
9825
9828
9840
9841
9842
9843
9846
9851
9859
9861
9862
9873
9874
9876
9877
9886
9891
9892
9900
9902
9903
9908
9910
9913
9914
9922
9923
9927
9929
9935
9942
9943
9945
9947
9948
9952
9954
9955
9956
9958
9960
9961
9965
9966
9967
9969
9971
9973
9976
9979
9980
9981
9982
9984
9985
9986
9987
9988
9992
9993
9997
9998
10000
10002
10003
10004
10005
10006
10007
10008
10009
10010
10013
10019
10020
10022
10024
10026
10029
10031
10032
10033
10034
10036
10037
10038
10040
10041
10042
10048
10049
10055
10059
10061
10342
10422
10443
10689
10714
10928
11046
11062
11128
11193
11222
11224
11243
11257
11264
11280
11289
11325
11332
11389
11420
11448
11450
11459
11464
11505
11523
11524
11539
11546
11551
11552
11561
11564
11575
11589
11601
11675
11679
11687
11688
11696
11719
11720
11728
11741
11743
11765
11770
11774
11788
11794
11803
11809
11813
11819
11820
11832
11839
11849
11853
11854
11855
11856
11865
11871
11872
11873
11877
11887
11889
11895
11896
11902
11910
11914
11916
11920
11933
11953
11956
11966
11967
11974
11975
11978
11983
11998
12001
12002
12014
12016
12017
12020
12026
12029
12030
12034
12035
12036
12038
12041
12043
12044
12045
12047
12048
12056
12059
12065
12067
12069
12072
12073
12083
12089
12091
12095
12104
12110
12111
12113
12115
12119
12120
12129
12130
12132
12134
12136
12138
12142
12145
12148
12152
12157
12159
12165
12169
12171
12179
12183
12189
12194
12196
12198
12202
12208
12213
12218
12223
12226
12228
12234
12236
12239
12240
12244
12245
12247
12250
12252
12253
12257
12266
12267
12270
12273
12274
12279
12280
12284
12288
12293
12298
12303
12306
12309
12314
12318
12324
12325
12326
12327
12330
12332
12333
12337
12340
12343
12346
12351
12353
12354
12355
12357
12359
12361
12367
12371
12378
12380
12382
12384
12387
12389
12396
12397
12400
12403
12413
12414
12417
12428
12429
12434
12436
12439
12441
12447
12448
12451
12452
12454
12455
12457
12461
12467
12469
12472
12474
12477
12479
12481
12483
12485
12488
12489
12492
12494
12496
12506
12507
12509
12511
12515
12516
12517
12520
12522
12525
12526
12527
12528
12529
12530
12533
12539
12540
12543
12544
12550
12553
12554
12560
12562
12566
12567
12568
12571
12573
12574
12575
12576
12581
12584
12585
12589
12592
12595
12596
12598
12600
12602
12605
12608
12609
12610
12614
12615
12618
12622
12624
12627
12628
12629
12635
12636
12637
12640
12641
12642
12647
12648
12651
12655
12658
12662
12666
12667
12668
12670
12680
12684
12687
12691
12692
12700
12701
12702
12703
12704
12707
12708
12711
12713
12714
12715
12716
12720
12722
12724
12725
12728
12729
12731
12734
12736
12737
12741
12745
12749
12750
12754
12757
12758
12765
12767
12769
12770
12775
12780
12782
12788
12789
12792
12793
12794
12795
12802
12803
12804
12806
12808
12809
12810
12816
12817
12820
12825
12826
12832
12833
12834
12835
12838
12841
12843
12848
12849
12851
12857
12858
12860
12861
12862
12864
12865
12868
12870
12875
12877
12878
12880
12881
12882
12884
12885
12886
12889
12891
12892
12893
12894
12898
12899
12908
12909
12910
12911
12912
12914
12915
12921
12922
12923
12928
12929
12934
12935
12936
12938
12941
12943
12946
12947
12949
12951
12952
12953
12954
12958
12963
12965
12966
12967
12970
12971
12972
12973
12974
12977
12978
12982
12983
12984
12985
12986
12990
12991
12993
12995
12996
12997
12999
13000
13001
13002
13003
13005
13007
13009
13010
13014
13015
13017
13019
13020
13021
13022
13023
13025
13028
13030
13032
13034
13035
13036
13038
13041
13042
13045
13046
13048
13049
13051
13052
13057
13060
13064
13066
13067
13071
13072
13073
13074
13078
13079
13082
13083
13084
13087
13092
13093
13095
13096
13098
13101
13104
13108
13109
13111
13113
13117
13119
13122
13123
13124
13126
13127
13135
13136
13137
13139
13141
13143
13144
13145
13146
13147
13150
13151
13153
13154
13157
13161
13162
13164
13165
13166
13167
13168
13169
13170
13171
13176
13177
13180
13182
13184
13186
13195
13196
13197
13199
13201
13202
13206
13207
13208
13211
13212
13214
13217
13219
13221
13224
13225
13227
13228
13230
13233
13234
13235
13236
13247
13251
13252
13253
13255
13259
13263
13264
13268
13270
13273
13274
13277
13278
13280
13283
13284
13288
13290
13297
13298
13299
13302
13303
13304
13306
13307
13308
13309
13314
13315
13316
13321
13322
13324
13328
13331
13332
13334
13335
13337
13341
13342
13343
13351
13353
13354
13356
13359
13360
13361
13362
13364
13365
13366
13367
13372
13374
13375
13376
13377
13379
13380
13381
13382
13385
13387
13391
13393
13394
13399
13400
13401
13404
13405
13408
13410
13411
13413
13416
13418
13421
13427
13428
13430
13432
13434
13436
13438
13441
13442
13447
13455
13456
13457
13459
13460
13463
13466
13475
13476
13477
13478
13486
13487
13491
13494
13497
13498
13502
13506
13508
13510
13513
13516
13517
13519
13521
13523
13531
13533
13534
13536
13538
13539
13541
13545
13546
13549
13551
13552
13553
13557
13560
13562
13565
13566
13567
13572
13579
13586
13591
13602
13606
13610
