16886, 38574, 10728, 38767, 20973, 25285, 27136, 3340, 79378, 79236, 26265, 21032, 79425, 31819, 3627, 54826, 28636, 31817, 96146, 79656, 35716, 31580, 29368, 90361, 27141, 26242, 72008, 90185, 59736, 26471, 79463, 38337, 28801, 31913, 39441, 31898, 27319, 21279, 106428, 27383, 16370, 17584, 91835, 37102, 72038, 136076, 93541, 23289, 22041, 91649, 17354, 25960, 91624, 79361, 79739, 31434, 26080, 35545, 31546, 29224, 28601, 31989, 83098, 24171, 28511, 72150, 10084, 135193, 31969, 7299, 26957, 20724, 91930, 79382, 21511, 79718, 79615, 96344, 27317, 16192, 9986, 79248, 26944, 90598, 93528, 93483, 2888, 35708, 23365, 911, 113055, 79701, 115390, 99035, 67858, 91119, 39664, 90094, 72013, 79825, 21785, 62373, 25303, 3108, 27125, 26172, 130623, 11471, 28816, 11041, 17281, 58406, 26204, 28580, 25317, 91605, 10395, 29446, 26089, 32100, 35274, 25983, 25418, 58714, 93688, 11749, 24567, 29621, 17097, 135985, 31641, 26146, 90269, 124017, 16639, 79234, 79468, 11868, 79373, 62524, 28480, 10825, 91152, 14230, 90557, 90560
Feature count is 146
Criterion1 result is ObjectIndex = 239, Distance = -17.228746362333689185998637820, Value = 0.7621225065240514510356411965
Boundary = -17.217427947597800497576543526
-18.315542
-17.478352
-18.315542
-18.315542
-18.315542
-18.315542
-18.315542
-18.315542
-18.315542
-18.315542
-18.315542
-18.315542
-18.315542
-17.072909
-18.315542
-18.315542
-18.315542
-18.315542
-18.315542
-17.278075
-18.315542
-18.315542
-18.315542
-18.315542
-18.315542
-18.315542
-18.315542
-18.315542
-18.315542
-18.128883
-18.315542
-18.315542
-18.315542
-18.315542
-18.315542
-17.289651
-18.315542
-18.315542
-18.315542
-18.315542
-18.315542
-18.315542
-18.315542
-18.315542
-18.315542
-18.315542
-18.315542
-18.315542
-18.315542
-18.315542
-18.315542
-18.315542
-18.315542
-18.315542
-18.315542
-18.097638
-17.042072
-18.315542
-13.983378
-18.315542
-18.315542
-18.315542
-18.315542
-18.315542
-18.315542
-18.315542
-18.315542
-18.315542
-18.315542
-18.315542
-18.315542
-18.315542
-18.315542
-18.315542
-18.315542
-18.315542
-18.315542
-18.315542
-18.315542
-18.315542
-18.315542
-18.315542
-18.315542
-18.315542
-18.315542
17.004076
-18.127658
-18.315542
-18.315542
-18.315542
-18.315542
-18.315542
-18.315542
-18.315542
-18.315542
-18.315542
-18.127658
-18.315542
-18.315542
-18.315542
-18.315542
-18.315542
-12.568434
-18.315542
-18.315542
-18.315542
-17.693411
-12.950461
-18.315542
-18.315542
-17.938549
-18.315542
-18.315542
-18.315542
-18.315542
-18.315542
-18.315542
-18.315542
-18.315542
-18.315542
-18.315542
-18.315542
-17.878441
-18.315542
-18.315542
-16.475019
-18.315542
-18.315542
-18.315542
-18.315542
-18.315542
-18.315542
-18.315542
-18.315542
-18.315542
-18.315542
-9.901776
-18.315542
-18.315542
-18.315542
-18.315542
-14.539842
-18.315542
-18.315542
-18.315542
-18.097638
-18.315542
-18.315542
-18.064311
-18.315542
-18.315542
-18.315542
-18.315542
-18.315542
-18.315542
-18.315542
-18.315542
-18.315542
-18.127658
-18.315542
-18.315542
-18.126841
-17.278208
-18.315542
-18.315542
-18.315542
-18.315542
-17.237096
-18.315542
-18.315542
-18.315542
-18.315542
-18.315542
-18.315542
-18.315542
-18.315542
-18.315542
-18.315542
-17.070930
-18.315542
-18.315542
-18.315542
-18.315542
-18.315542
-18.315542
-18.315542
-18.315542
-18.315542
-18.315542
-18.315542
-18.315542
-18.315542
-18.315542
-18.315542
-18.315542
-18.315542
-18.315542
-18.315542
-18.315542
-18.315542
-18.315542
-18.315542
-18.315542
-18.315542
-18.315542
-18.315542
-18.315542
-18.315542
-18.315542
-18.315542
-18.315542
-18.315542
-18.315542
-18.315542
-18.315542
-18.315542
-18.315542
-18.315542
-18.315542
-18.315542
-18.315542
-18.315542
-18.315542
-18.315542
-18.315542
-18.315542
-18.315542
-18.315542
-18.315542
-17.289242
-18.315542
-18.315542
-18.315542
-18.315542
-18.315542
-18.315542
-18.315542
-18.315542
-17.478352
-17.228746
-18.315542
-18.315542
-18.315542
-18.315542
-18.315542
-18.315542
-18.315542
-18.315542
-18.315542
-18.315542
-18.315542
-16.884552
-18.315542
-18.315542
-18.315542
-18.315542
-18.315542
-12.723832
-18.315542
-18.315542
-18.315542
-18.315542
-18.315542
-18.315542
-18.315542
-18.315542
-18.315542
-17.206110
-18.315542
-18.315542
-11.798562
-18.315542
-18.315542
-18.315542
-18.315542
-18.315542
-17.478352
-18.315542
-18.315542
-18.315542
-18.315542
-18.315542
-18.315542
-18.315542
-18.315542
-18.315542
-18.315542
-18.315542
-18.315542
-18.315542
-18.315542
-18.315542
-18.315542
-18.315542
-3.292361
-18.315542
-18.315542
-18.315542
-18.315542
-18.315542
-18.315542
-18.315542
-18.315542
-18.315542
-18.315542
-18.315542
-18.315542
-18.315542
-18.315542
-18.315542
-18.315542
-18.315542
-18.315542
-18.315542
-18.315542
-18.315542
-15.593369
-16.266509
-18.098583
-18.315542
-18.315542
-18.315542
-18.315542
-18.315542
-18.315542
-18.315542
-18.315542
-18.315542
-18.315542
-18.315542
-18.315542
-18.315542
-18.315542
-18.315542
-18.315542
-17.478352
-18.315542
-18.315542
-18.315542
-18.315542
-13.827999
-18.315542
-18.315542
-18.315542
-18.315542
-18.315542
-18.315542
-18.315542
-18.315542
-18.315542
-18.315542
-18.315542
-18.315542
-18.315542
-18.315542
-18.315542
-18.315542
-18.315542
-18.315542
-18.315542
-18.315542
-18.315542
-18.315542
-18.315542
-18.315542
-18.315542
-18.315542
-18.315542
-18.315542
-18.315542
-18.315542
-18.315542
-18.315542
-18.315542
-18.315542
-18.315542
-18.315542
-18.315542
-5.253010
-18.315542
-18.315542
-18.315542
-17.261393
-18.315542
-18.315542
-18.315542
-18.315542
-18.315542
-18.315542
-17.843865
-18.315542
-18.315542
-18.315542
-18.315542
-18.315542
-18.315542
-18.315542
-18.315542
-18.315542
-18.097166
-18.315542
-18.315542
-18.315542
-18.315542
-18.315542
-18.315542
-18.315542
-18.315542
-18.315542
-7.365565
-18.315542
-18.315542
-18.315542
-18.315542
-17.910700
-18.315542
-17.478352
-18.315542
-18.315542
-18.315542
-18.315542
-18.315542
-18.315542
-18.315542
-18.315542
-18.315542
-18.315542
-18.315542
-18.315542
-18.315542
-18.315542
-18.315542
-18.315542
-18.315542
-18.315542
-18.315542
-18.315542
-18.315542
-6.482675
-15.814097
-18.315542
-18.315542
-18.315542
-18.315542
-18.315542
-16.634068
-18.315542
12.586162
-18.315542
-18.315542
-18.315542
-18.315542
-18.315542
-18.315542
-18.315542
-18.315542
-18.096692
-18.315542
-18.315542
-9.883049
-18.315542
-18.315542
-18.064311
-18.315542
-15.373548
-18.315542
-18.315542
-18.315542
-18.315542
-18.315542
-18.315542
-18.315542
-18.315542
-18.315542
-18.315542
-18.315542
-18.315542
-18.315542
-18.315542
-17.048656
-17.290060
-18.315542
-18.315542
-18.315542
-18.315542
-18.315542
-17.848574
-18.315542
-18.315542
-18.315542
-18.315542
-18.315542
-18.315542
-18.315542
-18.315542
-17.659467
-17.343889
-17.041251
-18.315542
-18.315542
-18.315542
-18.315542
-18.315542
-18.315542
-18.315542
-18.315542
-18.315542
-18.315542
-18.315542
-17.004422
-16.904711
-18.315542
-18.315542
-18.315542
-18.315542
-17.290060
-18.315542
-18.315542
-18.315542
-18.315542
-18.315542
-18.315542
-18.098111
-18.315542
-18.315542
-18.315542
-18.315542
-18.315542
-18.315542
-18.315542
-18.315542
-18.315542
-18.315542
-18.315542
-18.315542
-18.315542
-18.315542
-18.315542
-18.315542
-18.315542
-18.315542
-18.127658
-18.315542
-18.315542
-18.315542
-18.315542
-17.275809
-18.315542
-18.315542
-18.315542
-18.315542
-18.315542
-12.286380
-18.315542
-18.315542
-18.315542
-18.315542
-18.315542
-18.315542
-17.478352
-18.315542
-18.315542
-17.478352
-18.315542
-18.315542
-18.315542
-18.097638
12.143364
-18.315542
-18.315542
-18.315542
-18.315542
-18.315542
-18.315542
-18.315542
-7.853062
-18.315542
-18.315542
-18.315542
-18.315542
-9.564751
-18.315542
-18.315542
-18.315542
-18.315542
-17.193123
-18.315542
-16.937472
-18.315542
-8.910687
-18.315542
-18.315542
-18.315542
-18.315542
-18.315542
-18.315542
-16.406017
-18.315542
-18.315542
-18.315542
-18.315542
-18.315542
-18.315542
-18.315542
-18.315542
-18.315542
-18.315542
-18.315542
-18.315542
-18.315542
-18.315542
-18.315542
-18.315542
-18.315542
-18.315542
3.634029
-18.315542
-18.315542
-18.315542
-18.315542
-18.315542
-18.315542
-18.315542
-18.315542
-18.315542
-18.315542
-18.315542
-17.739445
-18.315542
-18.315542
-18.315542
-18.315542
-18.315542
-18.315542
-18.315542
-18.315542
-18.098111
-18.315542
-18.127658
-18.315542
-18.315542
-18.315542
-18.315542
-18.315542
-11.000625
-18.315542
-18.315542
-18.315542
-18.315542
-18.315542
-18.315542
-13.333187
-18.315542
-18.315542
-18.315542
-18.315542
-18.315542
-18.315542
-18.315542
-18.315542
-18.315542
-18.315542
-18.315542
-18.315542
-18.315542
-18.315542
-18.315542
-18.315542
-18.315542
-18.315542
-18.315542
-18.315542
-18.315542
-18.315542
-18.315542
-18.315542
-14.560196
-18.315542
-18.315542
-18.128475
-18.315542
-18.315542
-18.315542
-18.315542
-18.315542
-18.315542
-18.315542
-18.315542
-18.315542
-18.315542
-18.315542
-18.315542
-18.315542
-18.315542
-18.127658
-18.315542
-18.315542
-18.315542
-18.315542
-18.315542
-18.315542
-18.315542
-18.315542
-18.315542
-18.315542
-18.315542
-17.911924
-18.315542
-18.315542
-18.315542
-18.315542
-18.315542
-18.315542
-18.315542
-18.315542
-18.315542
-18.315542
-18.315542
-18.315542
-18.315542
-18.315542
-18.315542
-18.315542
-18.315542
-18.315542
-18.315542
-18.315542
-12.244516
-18.315542
-18.315542
-18.315542
-18.315542
-18.315542
-18.315542
-18.315542
-18.315542
-18.315542
-18.315542
-18.315542
-18.315542
-18.315542
-18.315542
-18.315542
-12.152696
-18.315542
-18.315542
-18.315542
-18.315542
-18.315542
-18.315542
-18.315542
-18.315542
-18.315542
-18.315542
-18.315542
-18.315542
-18.315542
-18.315542
-18.315542
-18.315542
-17.910572
-18.315542
-18.315542
-18.315542
-18.315542
-18.315542
-18.315542
-18.315542
-17.881447
-18.315542
-18.315542
-18.315542
-18.315542
-17.259029
-18.315542
-17.806639
-18.315542
-18.315542
-18.315542
-18.315542
-16.852554
-18.315542
-18.315542
-18.315542
-18.315542
-18.315542
-18.315542
-18.315542
-18.315542
-1.738204
-18.315542
-18.098111
-18.315542
-18.315542
-18.315542
-18.315542
-18.315542
-17.259976
-18.315542
-18.315542
-18.315542
-18.315542
-18.315542
-18.315542
-15.935229
-18.315542
-18.315542
-18.315542
-18.315542
-18.315542
-18.315542
-13.445990
-18.315542
-18.315542
-18.315542
-18.315542
-18.315542
-18.315542
-18.315542
-18.315542
-18.315542
-18.097638
-18.315542
-18.315542
-18.315542
-18.315542
-18.315542
-18.315542
-18.315542
-18.315542
-18.315542
-18.315542
-18.315542
-18.315542
-18.315542
-18.315542
-18.315542
-18.315542
-18.315542
-18.315542
-18.315542
-9.415909
-17.780782
-18.315542
-17.478352
-18.315542
-15.680652
-18.315542
-18.315542
-18.315542
-18.315542
-18.315542
-18.315542
-18.315542
-18.315542
-18.315542
-18.315542
-18.315542
-18.315542
-18.315542
-18.315542
-15.966190
-18.315542
-18.315542
-17.194353
-18.315542
-18.315542
-18.315542
-18.315542
-18.126841
-18.315542
-18.315542
-18.315542
-18.315542
-18.315542
-18.315542
-10.967037
-18.315542
-18.315542
-18.315542
-16.411574
-18.315542
-18.315542
-18.315542
-18.315542
-18.315542
-17.478352
-18.315542
-18.315542
-18.315542
-18.315542
-18.315542
-18.315542
-18.315542
-18.315542
-18.315542
-16.153731
-18.315542
-18.315542
-18.315542
-18.315542
-18.315542
-17.558523
-18.315542
-18.315542
-18.315542
-18.315542
-18.315542
-18.315542
-18.315542
-18.315542
-18.315542
-16.654428
-18.315542
-18.315542
-18.315542
-18.315542
-17.594260
-18.315542
-18.315542
-18.315542
-18.315542
-18.315542
-18.315542
-18.315542
-18.315542
-18.315542
-18.315542
-18.315542
-18.315542
-18.315542
-18.315542
-18.315542
-18.315542
-18.315542
-18.315542
-18.315542
-18.315542
-18.315542
-18.315542
-16.882983
-18.315542
-18.315542
-18.315542
-18.315542
-18.315542
-18.315542
-18.315542
-18.315542
-18.315542
-18.315542
-18.315542
-17.271356
-18.315542
-18.315542
-18.315542
-18.315542
-17.478352
-11.279074
-18.315542
-18.315542
-17.478352
-18.315542
-18.315542
-18.315542
-18.315542
-18.315542
-18.315542
-18.128883
-18.315542
-18.315542
-17.938549
-18.315542
-18.315542
-18.128475
-18.315542
-18.315542
-18.315542
-18.315542
-18.315542
-18.315542
-18.315542
-18.315542
-17.478352
-18.315542
-18.315542
-18.315542
-18.315542
-18.315542
-18.315542
-18.315542
-18.315542
-18.315542
-18.315542
-18.315542
-18.315542
-17.589083
-18.315542
-18.315542
-16.467563
-18.315542
-18.315542
-18.315542
-18.315542
-18.315542
-18.315542
-18.315542
-18.127250
-18.315542
-18.315542
-18.315542
-18.315542
-18.315542
-18.315542
-18.315542
-18.315542
-18.315542
-12.226028
-18.315542
-17.478352
-18.315542
-17.768992
-18.315542
-18.315542
-3.179938
-18.315542
-18.315542
-18.315542
-18.315542
-18.315542
-18.315542
-18.315542
-18.126841
-18.315542
-18.315542
-18.315542
-18.315542
-18.315542
-18.315542
-17.478352
-18.315542
-18.315542
-18.315542
-18.315542
-18.315542
-17.625425
-18.315542
-18.315542
-18.315542
-14.686114
-18.315542
-18.315542
-18.315542
-18.315542
-18.315542
-7.416967
-18.315542
-18.315542
-18.315542
-18.315542
-18.315542
-18.315542
-18.315542
-18.315542
-18.315542
-18.315542
-18.315542
-18.315542
-18.315542
-17.809901
-18.315542
-18.315542
-18.315542
-18.315542
-18.315542
-18.315542
-18.315542
-18.315542
-18.315542
-18.315542
-18.315542
-18.315542
-18.315542
-18.315542
-18.315542
-17.877103
-18.315542
-18.315542
-18.315542
-18.315542
-12.632497
-18.315542
-18.315542
-18.315542
-18.315542
-18.315542
-15.968087
-18.315542
-18.315542
-18.315542
-16.247891
-18.315542
-18.315542
-18.315542
-6.672565
-18.315542
-18.315542
-18.315542
-18.315542
-18.315542
-18.315542
-18.315542
-18.315542
-18.128475
-11.827395
-18.315542
-18.315542
-18.315542
-18.315542
-18.315542
-18.315542
-18.315542
-18.315542
-18.315542
-18.315542
-18.315542
-18.315542
-18.315542
-18.315542
-18.315542
-18.315542
-18.315542
-18.315542
-18.315542
-18.315542
-18.315542
-18.315542
-11.495530
-18.315542
-18.315542
-18.315542
-18.315542
-18.315542
-18.315542
-18.315542
-18.315542
-18.315542
-18.315542
-18.315542
-18.315542
-18.315542
-18.315542
-18.315542
-18.315542
-18.315542
-18.315542
-18.315542
-18.315542
-18.315542
-18.315542
-18.315542
-18.315542
-18.315542
-18.315542
-18.315542
-18.315542
9.328373
-11.507983
-18.315542
-18.315542
-18.315542
-18.315542
-18.315542
15.182269
-18.315542
-18.315542
-18.315542
-18.315542
-18.315542
-18.315542
-18.315542
-18.315542
-18.315542
-18.315542
-18.315542
-18.315542
-18.315542
-18.315542
-18.315542
-18.315542
-18.315542
-18.315542
-18.098583
-18.315542
-18.315542
-18.315542
-18.130512
-18.315542
-18.315542
-18.315542
-18.315542
-17.289651
-18.315542
9.506239
-18.315542
-18.315542
-18.315542
-18.315542
-18.315542
-18.315542
-13.833505
-18.315542
-18.315542
-18.315542
-18.315542
-18.315542
-18.315542
-18.315542
-18.315542
-18.315542
-18.315542
-18.315542
-18.098583
-17.478352
-18.315542
-18.315542
-18.315542
-18.315542
-18.315542
-18.315542
-16.318929
-18.315542
-18.315542
-18.315542
-18.315542
-18.315542
-18.315542
-6.736789
-18.315542
-18.315542
-18.315542
-18.315542
-18.315542
-18.315542
-18.315542
-18.315542
-18.315542
-17.478352
-18.315542
-18.315542
-18.315542
-18.315542
-18.315542
-18.315542
-18.315542
-18.315542
-18.315542
-18.315542
-12.279934
-18.315542
-18.315542
-18.315542
-18.315542
-18.315542
-18.315542
-16.635465
-18.315542
-18.315542
-18.315542
-18.127658
-18.315542
-18.315542
-18.315542
-17.072909
-18.315542
-18.315542
-18.315542
-18.315542
-18.315542
-18.315542
-18.315542
-18.315542
-18.315542
-18.315542
-16.930210
-17.741185
-18.315542
-18.315542
-18.315542
-18.315542
-18.315542
-18.315542
-18.315542
-18.315542
-18.315542
-18.315542
-18.315542
-18.315542
-18.315542
-18.315542
-18.315542
-18.315542
-13.537448
-18.315542
-18.315542
-18.315542
-15.830002
-18.315542
-18.315542
-18.130512
-18.315542
0.484403
-18.315542
-18.315542
-18.315542
-18.315542
-18.315542
-17.741185
-0.446244
-18.315542
-18.315542
-18.315542
-18.315542
-18.315542
-18.315542
-18.315542
-18.315542
-18.128475
-18.315542
-18.315542
-18.065395
-18.315542
-18.315542
-18.315542
-18.315542
-18.315542
-18.315542
-18.315542
-18.315542
-9.740395
-18.315542
-18.315542
-18.315542
-18.315542
-18.315542
-18.315542
-18.315542
-18.315542
-18.315542
-18.315542
-18.315542
-18.315542
-18.315542
-18.315542
-18.315542
-18.315542
-18.315542
-17.478352
-6.646875
-18.315542
-18.315542
-17.260448
-18.315542
-18.315542
-18.315542
-18.315542
-18.315542
-18.315542
-18.315542
-10.808026
-18.315542
-18.315542
-16.437226
-17.393501
-18.315542
-18.315542
-18.315542
-18.315542
-18.315542
-18.315542
-18.315542
-18.315542
-18.315542
-18.315542
-18.315542
-18.315542
-18.315542
-18.315542
-18.315542
-18.315542
-14.652527
-18.315542
-18.315542
-18.066477
-18.315542
-18.315542
-18.315542
-18.315542
-18.315542
-18.315542
-18.315542
-18.315542
-18.315542
-18.315542
-18.315542
-18.315542
-18.315542
-18.315542
3.749779
-18.315542
-18.315542
-18.315542
-18.315542
-18.315542
-18.097166
-18.315542
-18.315542
-18.315542
-18.315542
-18.315542
-11.647292
-18.068096
-18.098583
-18.315542
-18.315542
-18.130512
-18.315542
-18.315542
-18.315542
-18.315542
-18.315542
-18.097638
-18.315542
-18.315542
-18.315542
-18.315542
-18.315542
-18.315542
-3.510235
-18.315542
-18.315542
-18.315542
-18.097638
-18.315542
-18.315542
-18.315542
-18.315542
-18.315542
-18.315542
-18.315542
-18.315542
-18.315542
-18.315542
-18.315542
-18.315542
-18.315542
-18.315542
-18.315542
-18.315542
-18.315542
-18.315542
-18.315542
-18.315542
-18.315542
-17.478352
-17.260448
-18.315542
-18.315542
-18.315542
-18.315542
-18.315542
-18.315542
-18.127250
-18.315542
-18.315542
-18.315542
-18.315542
-18.315542
-18.315542
-18.315542
-18.315542
-18.315542
-18.315542
-18.127250
-18.315542
-18.315542
-18.315542
-18.315542
-18.315542
-18.315542
-18.315542
-18.315542
-18.315542
-18.315542
-18.315542
-18.315542
8.514445
-18.315542
-18.315542
-18.315542
-18.315542
-18.315542
-18.315542
-18.315542
-18.315542
-18.315542
-18.315542
-18.315542
-18.315542
-18.315542
-18.315542
-18.315542
-18.315542
-18.315542
-18.315542
-18.315542
-18.315542
-18.315542
-18.315542
-18.315542
-18.315542
-18.315542
-4.654682
-18.315542
-18.315542
-18.315542
-18.315542
-18.315542
-18.315542
-18.315542
-18.315542
-18.315542
-18.315542
14.522412
-18.315542
-18.315542
-18.315542
-18.315542
-18.315542
-18.315542
-18.315542
-18.315542
-18.315542
-18.315542
-18.315542
-17.877103
-18.315542
-18.315542
-18.064853
-18.315542
-18.315542
-18.315542
-18.315542
-18.315542
-18.315542
-18.315542
-18.315542
-18.315542
-18.315542
-18.315542
-18.315542
-18.315542
-18.315542
-18.315542
-18.315542
-18.315542
-18.315542
-18.315542
-18.315542
-18.315542
-18.315542
-18.315542
-18.315542
-14.822085
-4.667335
-18.315542
-18.315542
-18.315542
-18.315542
-18.315542
-18.315542
-18.315542
-18.315542
-18.315542
-18.315542
-18.315542
-14.915370
-18.315542
-18.315542
-13.765124
-7.088383
-18.315542
-18.315542
-18.315542
-18.315542
-18.315542
-18.315542
-18.315542
-18.315542
-18.315542
-18.315542
-18.315542
-18.315542
-18.315542
-18.315542
-18.315542
-18.315542
-18.315542
-18.315542
-18.315542
-18.315542
-17.994931
-18.315542
-18.315542
-18.315542
-18.315542
-18.315542
-18.315542
-18.315542
-18.315542
-18.315542
-18.315542
-18.315542
-18.315542
-18.315542
-18.315542
-18.315542
-18.315542
-18.315542
-18.315542
-18.315542
-18.315542
-18.315542
-18.315542
-18.315542
-18.315542
-18.315542
-18.315542
-18.315542
-18.315542
-18.315542
-18.315542
2.517371
-18.315542
-18.315542
-18.315542
-18.315542
-17.193123
-18.315542
-18.315542
-18.315542
-18.315542
-18.315542
-18.315542
-18.315542
-18.315542
-18.315542
-18.315542
-18.315542
-17.478352
-18.315542
-18.315542
-18.315542
-18.315542
-18.127250
-18.315542
-18.128883
-16.035264
-18.315542
-18.315542
-18.315542
-18.315542
-16.821807
-18.315542
-18.315542
-18.315542
-18.315542
-18.315542
-18.315542
-18.315542
-18.315542
-18.315542
-18.315542
-18.315542
-18.315542
-17.777028
-18.315542
-18.315542
-18.315542
-18.315542
-18.315542
-18.315542
-18.315542
-18.315542
-18.315542
-18.315542
-18.315542
-18.315542
-18.315542
-18.315542
-18.315542
-18.315542
-18.315542
-18.315542
-18.315542
-18.315542
-17.775862
-18.315542
-18.315542
-18.315542
-18.315542
-10.530897
-18.315542
-18.315542
-17.478352
-18.315542
-18.315542
-18.315542
-18.315542
-18.315542
-18.315542
-18.315542
-18.315542
-18.315542
-18.315542
-18.315542
-18.315542
-18.315542
-18.315542
-18.315542
-18.315542
-18.315542
-17.319359
-18.127250
-18.315542
-18.315542
-18.315542
-18.315542
-18.315542
-18.315542
-18.315542
-18.315542
-18.315542
-18.315542
-18.315542
-18.315542
-18.315542
-18.315542
-18.315542
-18.315542
-18.315542
-18.315542
-18.315542
-18.315542
-18.315542
-18.315542
-18.315542
-18.315542
-18.315542
-18.315542
-18.315542
-18.315542
-18.315542
-18.315542
-18.315542
-18.315542
-18.315542
-18.315542
-18.315542
-18.315542
-18.315542
-18.315542
-9.671917
-18.315542
-18.315542
-18.315542
-18.315542
-18.315542
-18.315542
-16.349452
-17.040322
-18.315542
-18.315542
-18.315542
-18.315542
-17.478352
-18.315542
-18.315542
-18.315542
-18.315542
-18.315542
-18.315542
-18.315542
-12.546295
5.204193
-18.315542
-18.315542
-18.315542
-18.315542
-18.315542
-15.240530
-18.315542
-18.315542
-18.315542
-18.315542
-18.315542
-18.315542
-18.315542
-18.315542
-18.315542
-18.315542
-18.315542
-18.315542
-18.315542
-18.315542
-18.315542
-18.315542
-18.315542
-17.478352
-18.315542
-18.315542
-18.315542
-18.315542
-18.315542
-18.315542
-18.315542
-18.315542
-18.315542
-18.315542
-18.128883
-18.315542
-18.315542
-18.315542
-18.315542
-18.315542
-18.315542
-17.879262
-18.315542
-18.130512
-18.315542
-18.315542
-18.315542
-18.315542
-18.315542
-18.315542
-18.315542
-18.315542
-18.315542
-18.315542
-17.909410
-18.315542
-18.315542
-18.315542
-18.315542
-18.315542
-18.315542
-18.315542
-18.315542
-18.315542
-18.315542
-18.315542
-18.315542
-18.315542
-18.315542
-8.490606
-18.315542
-18.126432
-18.315542
-18.315542
-18.315542
-18.315542
-18.315542
-18.315542
-18.315542
-18.126841
-18.315542
-18.315542
-18.315542
-18.315542
-3.730079
-18.315542
-18.315542
-18.315542
-18.315542
-18.315542
-18.315542
-18.315542
-18.315542
-18.315542
-18.315542
-18.097638
-18.315542
-18.315542
-18.315542
-18.315542
-18.315542
-18.315542
-18.315542
-18.315542
-18.315542
-18.315542
-18.315542
-18.315542
-18.315542
-18.315542
-18.315542
-18.130512
-18.315542
-18.315542
