11649, 46976, 9484, 21083, 57741, 3582, 9930, 72875, 46723, 66823, 129267, 16578, 62272, 48549, 3300, 77305, 49742, 22586, 13187, 75938, 64019, 13644, 81743, 13478, 46573, 72872, 123229, 9385, 46706, 103126, 72685, 47176, 50934
Feature count is 33
Criterion1 result is ObjectIndex = 775, Distance = -2.8691288271328328220602198363, Value = 0.6923458112868875090035884362
Boundary = -2.8633547714926222772104453095
-3.641057
-4.334792
-4.334792
-4.334792
-4.334792
-4.334792
-4.334792
-4.334792
-4.334792
-4.334792
-4.334792
-4.334792
-4.334792
-3.149392
-4.334792
-4.334792
-4.334792
-4.334792
-4.334792
-2.495632
-4.334792
-4.334792
-4.334792
-4.334792
-4.334792
-4.334792
-4.334792
-4.334792
-4.334792
-4.334792
-4.334792
-4.334792
-4.334792
-3.613838
-4.334792
-2.463631
-4.334792
-4.334792
-2.578700
-4.334792
-4.334792
-3.668177
-4.334792
-4.334792
-4.334792
-4.334792
-4.334792
-4.334792
-4.334792
-4.334792
-4.334792
-4.334792
-4.334792
-3.640139
-4.334792
-3.849632
-2.910044
-4.334792
0.561208
-4.334792
-4.334792
-4.334792
-4.334792
-4.334792
-4.334792
-4.334792
-4.334792
-4.334792
-4.334792
-4.334792
-4.334792
-4.334792
-4.334792
-4.334792
-3.931698
-3.282152
-4.334792
-4.334792
-4.334792
-3.944052
-4.334792
-4.334792
-4.334792
-4.334792
-4.334792
0.819210
-4.334792
-4.334792
-4.334792
-4.334792
-4.334792
-4.334792
-4.334792
-4.334792
-4.334792
-4.334792
-4.108456
-4.334792
-4.334792
-4.334792
-4.334792
-4.334792
-0.978433
-3.816155
-4.334792
-4.334792
-3.119476
-1.389028
-4.334792
-4.334792
-4.334792
-4.334792
-4.334792
-4.334792
-3.288269
-3.410927
-4.334792
-4.334792
-3.904830
-4.334792
-4.334792
-4.334792
-4.334792
-4.334792
-4.334792
-3.849632
-3.844489
-4.334792
-4.334792
-3.944052
-4.334792
-4.334792
-4.334792
-4.334792
-4.334792
-4.334792
-1.726521
-4.334792
-4.334792
-2.811871
-4.334792
-2.276780
-4.108456
-4.334792
-4.334792
-3.077392
-4.334792
-4.334792
-4.004792
-4.334792
-4.334792
-4.334792
-4.334792
-4.334792
-4.334792
-4.334792
-4.334792
-4.334792
-2.084288
-4.334792
-4.334792
-4.334792
-2.668694
-4.334792
-4.334792
-4.334792
-4.334792
-3.531135
-4.334792
-4.334792
-4.334792
-4.334792
-4.334792
-4.334792
-4.334792
-4.334792
-4.334792
-4.334792
-3.489145
-4.334792
-4.334792
-4.334792
-4.334792
-4.334792
-4.334792
-4.334792
-4.334792
-4.334792
-4.334792
-4.334792
-4.334792
-4.334792
-4.334792
-4.334792
-3.485132
-4.334792
-4.334792
-4.334792
-4.334792
-4.334792
-4.334792
-4.334792
-4.334792
-4.334792
-4.334792
-4.334792
-4.334792
-4.334792
-4.334792
-4.334792
-4.334792
-4.334792
-4.334792
-3.315480
-4.334792
-4.334792
-4.334792
-4.334792
-4.334792
-4.334792
-4.334792
-4.334792
-2.385133
-4.334792
-3.901532
-4.132732
-4.334792
-4.334792
-4.334792
-3.028845
-4.334792
-4.334792
-4.334792
-3.443159
-4.334792
-4.334792
-4.334792
-4.334792
-3.221970
-2.744650
-3.944052
-4.334792
-4.334792
-4.334792
-4.334792
-4.334792
-4.334792
-4.334792
-4.334792
-4.334792
-4.334792
-1.532630
-4.334792
-4.334792
-4.334792
-4.334792
-4.334792
-0.872737
-4.334792
-4.334792
-4.334792
-4.334792
-4.334792
-4.334792
-4.334792
-4.334792
-4.334792
-1.854600
-4.334792
-4.334792
-2.675533
-4.334792
-4.334792
-4.334792
-4.334792
-4.334792
-3.351453
-4.334792
-4.334792
-4.334792
-4.334792
-4.334792
-4.334792
-4.334792
-4.334792
-4.334792
-4.334792
-3.784252
-3.569236
-4.334792
-4.334792
-4.334792
-4.334792
-4.334792
1.040452
-4.334792
-4.334792
-4.334792
-4.334792
-4.334792
-4.334792
-3.931698
-4.334792
-4.334792
-4.334792
-4.334792
-4.334792
-4.334792
-4.334792
-3.718232
-4.131813
-4.334792
-4.334792
-4.334792
-4.334792
-4.334792
0.895052
-2.695791
-4.334792
-4.334792
-4.334792
-4.334792
-4.334792
-4.334792
-4.334792
-4.334792
-4.334792
-4.334792
-4.334792
-4.334792
-4.334792
-4.334792
-4.334792
-4.334792
-4.334792
-4.075969
-4.334792
-4.334792
-4.334792
-4.334792
-0.329020
-4.334792
-4.334792
-4.334792
-4.334792
-4.334792
-4.334792
-4.334792
-4.334792
-4.334792
-4.334792
-4.334792
-4.334792
-4.334792
-4.334792
-4.334792
-4.334792
-4.334792
-4.334792
-4.334792
-4.334792
-4.334792
-4.334792
-4.334792
-4.334792
-3.778315
-4.108972
-4.334792
-4.334792
-4.334792
-4.334792
-4.334792
-4.334792
-4.334792
-4.334792
-4.334792
-4.334792
-4.334792
0.247588
-4.334792
-4.334792
-4.334792
-3.111546
-4.334792
-4.334792
-4.334792
-4.334792
-4.334792
-4.334792
-2.221588
-4.334792
-4.334792
-4.334792
-4.334792
-4.334792
-4.334792
-4.334792
-4.334792
-4.334792
-3.742193
-4.334792
-4.334792
-4.334792
-3.668177
-4.334792
-4.334792
-4.334792
-4.334792
-4.334792
-2.231030
-3.904830
-4.334792
-4.334792
-4.334792
-3.944052
-4.334792
-2.168675
-4.334792
-4.334792
-3.904830
-3.448314
-4.334792
-4.334792
-4.334792
-4.334792
-4.334792
-4.334792
-4.108972
-4.334792
-4.334792
-4.334792
-4.334792
-4.334792
-4.334792
-4.334792
-4.334792
-4.334792
-4.334792
2.670909
-2.154269
-4.334792
-4.334792
-4.334792
-4.334792
-4.334792
-2.786807
-4.334792
-0.218542
-4.334792
-4.334792
-4.334792
-4.334792
-4.334792
-4.334792
-4.334792
-4.334792
-4.108456
-4.334792
-4.334792
-1.992766
-4.334792
-4.334792
-3.931698
-4.334792
-1.964066
-4.334792
-4.334792
-4.334792
-4.334792
-4.334792
-4.108972
-4.334792
-4.334792
-4.334792
-4.041836
-4.334792
-4.334792
-4.334792
-4.042492
-2.508029
-0.631506
-4.334792
-4.334792
-4.334792
-4.334792
-4.334792
-4.075969
-4.334792
-3.742193
-4.334792
-4.334792
-4.334792
-4.334792
-4.334792
-4.334792
-3.031526
-2.329956
-1.956982
-4.334792
-4.334792
-4.334792
-4.334792
-4.334792
-4.334792
-4.334792
-4.334792
-4.334792
-4.334792
-4.334792
-2.954047
-1.798752
-4.334792
-4.334792
-4.334792
-4.334792
-0.552599
-4.334792
-4.334792
-4.334792
-4.334792
-4.334792
-4.334792
-3.974305
-4.334792
-4.334792
-4.334792
-4.334792
-4.334792
-4.334792
-4.334792
-4.334792
-4.334792
-4.334792
-4.334792
-4.334792
-4.334792
-4.334792
-4.334792
-4.334792
-4.334792
-4.334792
-4.334792
-4.334792
-3.635876
-4.334792
-4.334792
-3.027925
-4.334792
-3.240143
-4.334792
-4.334792
-4.334792
-3.287084
-3.506915
-4.334792
-4.334792
-4.334792
-4.334792
-4.334792
-0.755276
-4.334792
-4.334792
-4.334792
-4.334792
-4.334792
-4.334792
-2.216315
1.913835
-4.334792
-4.334792
-4.334792
-4.334792
-4.334792
-4.334792
-4.334792
-2.857581
-4.334792
-4.334792
-4.334792
-4.334792
1.599337
-4.334792
-4.334792
-4.334792
-4.334792
-3.545214
-4.334792
-1.641248
-4.334792
-0.828077
-4.334792
-4.334792
-4.334792
-4.334792
-4.108972
-4.334792
-3.380464
-4.334792
-3.091848
-4.334792
-4.334792
-4.334792
-4.334792
-4.334792
-4.108972
-4.334792
-4.334792
-4.334792
-3.944052
-4.334792
-4.334792
-4.334792
-4.334792
-4.334792
-4.334792
-2.815186
-4.334792
-4.334792
-4.334792
-4.334792
-4.334792
-4.334792
-4.334792
-4.334792
-4.334792
-4.334792
-2.712199
-3.081671
-4.334792
-4.334792
-4.334792
-4.334792
-4.334792
-4.334792
-4.334792
-3.718232
-3.742193
-4.334792
-3.742193
-4.334792
-4.334792
-4.334792
-4.334792
-4.334792
0.313085
-4.334792
-4.334792
-4.334792
-4.334792
-4.334792
-4.334792
-2.797240
-4.071271
-4.334792
-4.334792
-4.334792
-4.334792
-4.334792
-4.334792
-4.334792
-4.334792
-4.334792
-4.334792
-4.334792
-4.334792
-4.334792
-4.334792
-4.334792
-4.334792
-4.334792
-4.334792
-4.334792
-4.334792
-4.334792
-4.334792
-4.334792
0.907425
-4.334792
-3.668177
-3.478672
-4.334792
-4.334792
-4.334792
-4.334792
-4.334792
-4.334792
-4.334792
-4.334792
-4.334792
-4.334792
-4.334792
-4.334792
-4.334792
-4.334792
-4.108972
-4.334792
-4.334792
-4.334792
-4.334792
-4.334792
-4.134108
-4.334792
-4.334792
-4.334792
-4.334792
-4.334792
-3.245334
-4.334792
-4.334792
-4.334792
-4.334792
-4.334792
-4.334792
-4.334792
-4.334792
-4.334792
-4.334792
-4.334792
-4.334792
-4.334792
-4.334792
-4.334792
-4.334792
-4.334792
-4.334792
-4.334792
-4.334792
-0.730172
-4.334792
-4.334792
-4.334792
-4.334792
-4.334792
-4.334792
-4.334792
-4.334792
-4.334792
-4.334792
-4.334792
-4.334792
-4.334792
-4.334792
-4.334792
-1.880625
-4.334792
-4.334792
-4.334792
-4.334792
-4.334792
-4.334792
-4.334792
-4.334792
-4.076553
-4.334792
-4.334792
-4.334792
-3.312230
-4.334792
-4.334792
-4.334792
-1.417652
-4.334792
-4.334792
-4.334792
-4.334792
-4.334792
-4.334792
-4.334792
-2.896545
-4.334792
-4.334792
-4.334792
-4.334792
-0.972017
-4.334792
-2.869129
-4.334792
-4.334792
-4.334792
-4.334792
-2.303745
-4.334792
-4.334792
-4.334792
-4.334792
-4.334792
-4.334792
-4.334792
-4.334792
0.348908
-4.334792
-2.333168
-4.334792
-4.334792
-4.334792
-4.334792
-4.334792
-3.264463
-4.334792
-4.334792
-4.334792
-4.334792
-3.614052
-4.334792
-2.394496
-4.334792
-4.334792
-4.334792
-4.334792
-4.334792
-3.944052
1.453556
-4.334792
-4.334792
-4.334792
-4.334792
-4.334792
-4.334792
-4.334792
-4.334792
-4.334792
-3.778315
-4.334792
-4.334792
-4.334792
-4.334792
-4.334792
-4.334792
-4.334792
-4.334792
-4.334792
-4.334792
-4.334792
-4.334792
-4.334792
-4.334792
-4.334792
-4.334792
-4.334792
-2.254008
-4.334792
-0.118373
-3.503651
-4.334792
-3.669505
-4.334792
-1.589049
-4.334792
-3.931698
-4.334792
-4.334792
-4.334792
-4.334792
-4.334792
-4.334792
-4.334792
-4.334792
-3.145372
-4.334792
-4.334792
-4.334792
-3.572933
-4.334792
-4.334792
-3.055153
-4.334792
-4.334792
-4.334792
-4.334792
-4.334792
-4.334792
-4.334792
-4.334792
-4.334792
-4.334792
-4.334792
0.139249
-3.386192
-4.334792
-4.334792
-1.277765
-4.334792
-4.334792
-4.334792
-4.334792
-4.334792
-4.334792
-4.334792
-4.334792
-4.334792
-4.334792
-4.334792
-4.334792
-4.334792
-4.334792
-4.334792
-2.284513
-4.334792
-4.334792
-4.334792
-4.334792
-3.906854
-4.076553
-4.334792
-4.334792
-4.334792
-4.334792
-3.944052
-4.334792
-4.334792
-4.334792
-4.334792
-2.649739
-4.334792
-4.334792
-4.334792
-4.334792
-3.906854
-4.334792
-4.334792
-4.334792
-4.334792
-3.497729
-4.334792
-4.334792
-4.334792
-4.334792
-4.334792
-4.334792
-4.334792
-4.334792
-4.334792
-4.334792
-4.334792
-4.334792
-4.334792
-4.334792
-4.334792
-4.334792
-4.334792
-0.623715
-4.334792
-3.904830
-3.306637
-4.334792
-4.334792
-4.334792
-4.334792
-4.334792
-4.334792
-4.334792
-4.043800
-0.929620
-4.334792
-4.334792
-4.334792
-4.334792
-1.854385
1.083227
-4.334792
-4.334792
-3.409937
-4.334792
-3.489145
-4.334792
-4.334792
-4.334792
-4.334792
-4.334792
-4.334792
-4.334792
-4.334792
-3.778315
-4.334792
-1.989280
-4.334792
-4.334792
-4.334792
-4.334792
-4.334792
-4.334792
-4.334792
-4.134108
-3.490333
-4.334792
-4.334792
-3.506400
-4.334792
-4.334792
-4.334792
-4.334792
-4.334792
-4.334792
-4.334792
-4.334792
-4.334792
-4.334792
-4.334792
-4.334792
-1.572078
-4.334792
-4.334792
-4.334792
-4.334792
-4.334792
-4.334792
-4.108456
-3.409937
-4.334792
-4.334792
-4.334792
-4.334792
-4.334792
-4.334792
-4.334792
-4.334792
-4.334792
1.594528
-4.334792
-3.117636
-4.334792
-3.283796
-4.334792
-4.334792
1.945820
-4.334792
-4.334792
-4.334792
-3.931698
-4.334792
-3.381157
-4.334792
-3.477551
-4.334792
-4.071271
-4.334792
-4.334792
-4.334792
-4.334792
-2.833258
-4.334792
-4.334792
-4.108972
-4.334792
-4.108456
-3.288185
-4.334792
-4.334792
-4.334792
-2.338174
-4.334792
-4.334792
-4.334792
-4.334792
-4.334792
0.600090
-4.334792
-4.334792
-4.334792
-4.334792
-4.334792
-4.334792
-4.334792
-4.334792
-4.334792
-4.334792
-4.334792
-4.334792
-4.334792
-3.028845
-4.334792
-4.334792
-4.334792
-4.334792
-4.334792
-4.334792
-4.334792
-4.334792
-4.004792
-4.334792
-4.334792
-4.334792
-4.334792
-4.334792
-4.334792
-3.672766
-4.334792
-4.334792
-4.334792
-4.334792
-1.154996
-4.334792
-4.334792
-4.334792
-4.334792
-4.334792
-1.135954
-4.334792
-4.334792
-4.334792
-2.287041
-4.334792
-4.334792
-4.334792
-0.523577
-4.334792
-4.334792
-4.134108
-4.334792
-4.334792
-4.334792
-4.334792
-4.334792
-3.086410
1.292574
-4.334792
-4.334792
-4.334792
-4.334792
-4.334792
-4.334792
-3.944052
-4.135480
-4.334792
-4.334792
-3.729178
-4.134108
-4.334792
-4.334792
-4.334792
-4.334792
-4.334792
-4.334792
-4.334792
-4.334792
-4.334792
-4.334792
-3.289960
-4.334792
-3.944052
-4.334792
-4.334792
-3.704145
-4.334792
-4.334792
-4.334792
-4.334792
-4.334792
-4.334792
-4.334792
-4.334792
-4.334792
-4.334792
-3.804108
-4.334792
-3.931698
-4.334792
-4.334792
-4.334792
-4.334792
-4.334792
-4.334792
-4.334792
-4.334792
-4.334792
-4.334792
0.033968
-2.062921
-4.135480
-4.334792
-4.334792
-4.334792
-4.334792
0.038090
-4.131813
-4.334792
-4.334792
-4.334792
-4.334792
-4.334792
-4.334792
-4.334792
-4.334792
-4.133191
-4.334792
-4.334792
-4.334792
-4.334792
-4.334792
-4.334792
-4.334792
-4.334792
-4.334792
-4.334792
-4.334792
-4.334792
-3.306637
-4.334792
-3.944052
-4.334792
-4.334792
-2.607455
-4.334792
3.728597
-4.334792
-4.334792
-3.849632
-4.071271
-4.334792
-4.334792
-2.847389
-4.334792
-4.334792
-4.334792
-4.334792
-4.334792
-4.334792
-4.334792
-4.334792
-4.334792
-4.334792
-4.334792
-4.334792
-2.641280
-4.334792
-4.334792
-4.135480
-4.334792
-4.334792
-4.133650
-0.933876
-4.334792
-4.334792
-4.334792
-4.334792
-3.944052
-4.334792
1.024307
-4.334792
-4.334792
-4.334792
-4.334792
-4.334792
-4.334792
-4.334792
-4.334792
-4.334792
-3.225130
-4.334792
-4.334792
-4.334792
-4.334792
-4.334792
-4.334792
-4.108972
-4.334792
-4.334792
-4.334792
2.802252
-4.334792
-4.334792
-4.334792
-4.334792
-4.334792
-3.571531
-4.073626
-4.334792
-4.334792
-4.334792
-4.108456
-4.334792
-4.334792
-4.334792
-2.783464
-4.334792
-4.334792
-4.334792
-4.334792
-4.334792
-4.334792
-4.334792
-4.334792
-4.334792
-4.334792
-3.772704
-4.334792
-4.334792
-4.334792
-4.334792
-4.334792
-4.334792
-4.334792
-4.334792
-4.334792
-4.334792
-4.334792
-4.076553
-4.334792
-4.334792
-4.334792
-4.334792
-4.334792
-0.743038
-4.334792
-4.334792
-4.334792
-2.881856
-4.334792
-4.334792
-3.849632
-4.334792
3.018756
-4.334792
-4.334792
-4.334792
-4.334792
-4.334792
-3.673458
-0.523166
-4.334792
-4.334792
-4.334792
-4.334792
-4.334792
-4.334792
-4.334792
-4.334792
-2.870492
-4.334792
-4.334792
-2.120336
-4.334792
-4.334792
-4.334792
-4.334792
-4.334792
-4.334792
-4.334792
-4.334792
-0.186585
-4.334792
-4.334792
-4.334792
-4.334792
-4.334792
-4.334792
-4.334792
-4.334792
-4.334792
-4.334792
-4.334792
-4.334792
-4.334792
-4.334792
-4.334792
-4.334792
-4.334792
-3.441143
-1.007665
-2.020252
-4.334792
-1.903265
-4.334792
-4.334792
-4.334792
-4.334792
-4.334792
-4.334792
-4.334792
-0.315371
-4.334792
-4.334792
0.364766
-2.255525
-4.334792
-4.334792
-4.334792
-4.334792
-4.042492
-4.334792
-4.334792
-4.334792
-4.334792
-4.334792
-4.334792
-4.334792
-4.334792
-3.718232
-4.334792
-4.334792
0.655508
-4.334792
-4.334792
-4.108456
-4.334792
-4.334792
-4.334792
-4.334792
-4.334792
-4.334792
-4.334792
-4.334792
-4.334792
-3.904830
-4.334792
-4.334792
-4.334792
-4.334792
2.336448
-4.334792
-4.334792
-4.334792
-4.334792
-4.334792
-1.818425
-4.076553
-4.334792
-4.334792
-4.334792
-4.334792
-2.994527
-4.076553
-4.334792
-4.334792
-4.334792
-3.850216
-4.334792
-4.334792
-4.334792
-4.334792
-4.334792
-3.049935
-4.334792
-4.334792
-4.334792
-4.334792
-4.334792
-4.334792
1.278688
-4.334792
-4.334792
-3.930211
-4.334792
-4.334792
-4.334792
-4.334792
-4.334792
-4.334792
-4.334792
-4.334792
-4.334792
-4.334792
-4.334792
-4.334792
-4.334792
-4.334792
-4.334792
-4.334792
-4.334792
-4.334792
-2.711788
-4.131813
-3.944052
-4.334792
-4.334792
-2.819537
-3.944052
-4.334792
-4.334792
-4.334792
-4.334792
-3.944052
-3.932961
-4.334792
-4.334792
-4.334792
-3.904830
-2.709816
-4.334792
-4.334792
-4.334792
-4.108972
-4.334792
-4.075969
-4.334792
-4.334792
-4.334792
-3.931698
-4.334792
-4.334792
-4.334792
-4.334792
-4.334792
-4.334792
-4.334792
-4.334792
1.380535
-4.334792
-4.334792
-4.334792
-4.334792
-4.334792
-4.334792
-4.334792
-4.334792
-4.334792
-4.135480
-4.334792
-4.334792
-4.334792
-4.334792
-4.334792
-4.334792
-4.334792
-4.334792
-4.334792
-4.334792
-4.334792
-4.334792
-4.334792
-4.334792
-4.334792
-2.748441
-4.334792
-4.334792
-4.334792
-4.334792
-4.334792
-4.334792
-4.334792
-4.334792
-4.334792
-4.334792
2.182196
-4.334792
-4.071271
-4.334792
-1.447311
-4.334792
-4.334792
-4.334792
-4.334792
-4.334792
-4.334792
-4.334792
-4.108456
-4.334792
-4.334792
-2.937876
-4.334792
-4.334792
-4.334792
-4.334792
-4.334792
-4.334792
-4.334792
-4.334792
-4.334792
-3.465657
-4.334792
-4.334792
-4.334792
-4.334792
-4.334792
-4.334792
-4.334792
-4.334792
-4.334792
-4.334792
-4.334792
-4.334792
-4.334792
-4.334792
-2.234398
0.738392
-4.334792
-4.334792
-4.334792
-4.334792
-4.334792
-4.334792
-4.334792
-4.334792
-4.334792
-4.334792
-4.334792
-1.765607
-4.334792
-4.334792
1.353979
-1.070808
-4.334792
-4.334792
-4.334792
-4.334792
-4.334792
-4.334792
-4.334792
-4.334792
-4.334792
-4.334792
-4.334792
-4.334792
-4.334792
-4.334792
-4.334792
-4.334792
-4.334792
-3.668177
-4.334792
-4.334792
-2.253653
-4.334792
-4.334792
-3.465197
-4.334792
-4.334792
-4.334792
-4.334792
-4.334792
-4.334792
-4.334792
-4.334792
-4.334792
-4.334792
-4.334792
-4.334792
-4.334792
-4.334792
-4.334792
-3.784252
-4.334792
-4.334792
-4.334792
-4.334792
-4.334792
-4.334792
-4.334792
-4.334792
-3.944052
-4.334792
-4.334792
3.005806
-4.334792
-3.307288
-4.334792
-4.334792
-3.315688
-4.334792
-4.334792
-3.516373
-4.334792
-4.334792
-4.334792
-3.605819
-4.334792
-4.334792
-4.334792
-4.334792
-2.825243
-4.334792
-4.334792
-4.334792
-4.334792
-4.108456
-4.334792
-4.131352
0.330575
-4.334792
-4.334792
-4.334792
-4.334792
-0.810669
-4.334792
-4.334792
-4.334792
-4.334792
-4.334792
-4.334792
-4.334792
-4.334792
-4.334792
-4.334792
-4.334792
-4.334792
-4.108456
-4.334792
-4.334792
-4.334792
-4.334792
-4.132732
-4.334792
-4.334792
-4.334792
-4.334792
-4.334792
-4.334792
-4.334792
-4.334792
-4.334792
-4.334792
-4.334792
-4.334792
-4.334792
-4.334792
-4.334792
-3.549898
-4.334792
-4.334792
-4.334792
-4.334792
-0.866720
-4.334792
-4.334792
-1.595283
-4.334792
-4.334792
-4.334792
-4.334792
-4.334792
-4.334792
-4.334792
-4.334792
-4.334792
-4.334792
-4.334792
-4.334792
-4.334792
-4.334792
-4.334792
-4.334792
-4.334792
-2.653319
-4.334792
-4.334792
-4.334792
-4.334792
-4.334792
-3.176564
-4.334792
-4.334792
-4.334792
-4.334792
-4.334792
-4.334792
-4.334792
-4.334792
-4.334792
-4.334792
-4.334792
-4.334792
-4.334792
-4.334792
-3.351453
-4.334792
-4.334792
-4.334792
-4.334792
-4.334792
-4.334792
-4.334792
-4.334792
-4.334792
-4.334792
-4.334792
-4.334792
-4.334792
-4.334792
-4.334792
-3.073745
-4.334792
-4.334792
-0.910575
-4.334792
-4.334792
-4.334792
-4.334792
-4.334792
-4.334792
-0.641421
-3.037479
-4.334792
-4.334792
-4.334792
-4.334792
-2.877837
-4.334792
-4.334792
-4.334792
-2.308796
-4.334792
-4.334792
-4.334792
-4.075969
3.231126
-4.334792
-4.334792
-4.334792
-4.334792
-4.334792
-0.849377
-4.334792
-4.334792
-4.334792
-4.334792
-4.334792
-4.334792
-4.334792
-4.334792
-4.334792
-4.334792
-4.334792
-4.334792
-4.334792
-4.334792
-4.334792
-4.334792
-4.334792
-3.539213
-4.334792
-4.334792
-4.334792
-4.334792
-4.334792
-4.334792
-4.334792
-4.334792
-4.334792
-4.334792
-4.334792
-4.334792
-4.334792
-4.334792
-4.334792
-4.334792
-4.334792
-1.768562
-4.334792
-4.075969
-4.334792
-4.334792
-4.334792
-4.334792
-4.334792
-4.334792
-4.334792
-4.334792
-4.334792
-4.334792
-1.484149
-4.334792
-4.334792
-4.334792
-4.334792
-4.334792
-4.334792
-4.334792
-4.334792
-4.334792
-4.334792
-4.334792
-4.334792
-4.334792
-4.334792
-0.678671
-4.334792
-2.278883
-4.334792
-4.334792
-4.334792
-4.334792
-4.334792
-4.334792
-4.334792
-4.076553
-4.334792
-4.334792
-4.334792
-4.135480
-1.169414
-4.334792
-2.680304
-4.334792
-4.334792
-4.334792
-4.334792
-4.334792
-4.334792
-4.334792
-4.334792
-3.537370
-4.334792
-4.334792
-4.334792
-4.334792
-4.334792
-4.334792
-4.334792
-4.334792
-4.334792
-4.334792
-4.108972
-4.334792
-4.334792
-4.334792
-4.334792
-3.540587
-4.334792
-4.334792
