47056, 3363, 9669, 46840, 83035, 48633, 9205, 9231, 9524, 78455, 13318, 46570, 51538, 3305, 5553, 81578, 48135, 77556, 9625, 47083, 9828, 48509, 95270, 47050, 7318, 9346, 102144, 103327
Feature count is 28
Criterion1 result is ObjectIndex = 1167, Distance = -2.5875961820520497605142352375, Value = 0.6665554433373245246513194794
Boundary = -2.5862672907169211463359729527
-3.847743
-3.577345
-4.169733
-4.169733
-4.169733
-4.169733
-4.169733
-4.169733
-4.169733
-4.169733
-4.169733
-4.169733
-4.169733
-2.845692
-4.169733
-4.169733
-4.169733
-4.169733
-4.169733
-2.822735
-4.169733
-4.169733
-4.169733
-4.169733
-4.169733
-4.169733
-4.169733
-4.169733
-4.169733
-4.169733
-4.169733
-4.169733
-4.169733
-3.028728
-4.169733
-1.774980
-4.169733
-4.169733
-2.121931
-4.169733
-4.169733
-3.476809
-4.169733
-4.169733
-4.169733
-4.169733
-4.169733
-4.169733
-4.169733
-4.169733
-4.169733
-4.169733
-4.169733
-3.583659
-3.650331
-4.169733
-0.868136
-4.169733
0.408915
-3.882647
-4.169733
-4.169733
-4.169733
-4.169733
-4.169733
-4.169733
-4.169733
-4.169733
-4.169733
-4.169733
-4.169733
-4.169733
-4.169733
-4.169733
-3.969507
-2.420622
-4.169733
-4.169733
-4.169733
-2.945638
-4.169733
-4.169733
-4.169733
-4.169733
-4.169733
1.361883
-3.779865
-4.169733
-4.169733
-4.169733
-4.169733
-4.169733
-4.169733
-4.169733
-4.169733
-4.169733
-3.779865
-4.169733
-4.169733
-4.169733
-4.169733
-4.169733
-1.292978
-2.424928
-4.169733
-4.169733
-3.031123
-1.623025
-4.169733
-4.169733
-4.169733
-4.169733
-4.169733
-4.169733
-3.660540
-3.649023
-4.169733
-3.849186
-4.169733
-4.169733
-4.169733
-4.169733
-1.846350
-4.169733
-4.169733
-4.169733
-4.169733
-4.169733
-4.169733
-4.169733
-4.169733
-4.169733
-4.169733
-4.169733
-4.169733
-4.169733
-0.985669
-4.169733
-4.169733
-2.521929
-4.169733
-0.607308
-4.169733
-4.169733
-4.169733
-2.845008
-4.169733
-4.169733
-3.410387
-4.169733
-4.169733
-4.169733
-4.169733
-4.169733
-4.169733
-4.169733
-4.169733
-4.169733
-3.049510
-4.169733
-4.169733
-3.407125
-2.645052
-4.169733
-4.169733
-4.169733
-4.169733
-2.233780
-4.169733
-4.169733
-4.169733
-4.169733
-4.169733
-4.169733
-4.169733
-4.169733
-4.169733
-4.169733
-3.577345
-4.169733
-4.169733
-4.169733
-4.169733
-4.169733
-4.169733
-4.169733
-3.847743
-4.169733
-4.169733
-4.169733
-4.169733
-4.169733
-4.169733
-4.169733
-3.047850
-4.169733
-4.169733
-4.169733
-3.970878
-4.169733
-4.169733
-4.169733
-4.169733
-4.169733
-4.169733
-4.169733
-4.169733
-4.169733
-4.169733
-4.169733
-4.169733
-4.169733
-4.169733
-3.657144
-4.169733
-4.169733
-4.169733
-4.169733
-4.169733
-4.169733
-4.169733
-4.169733
-2.201821
-3.850625
-3.036323
-3.619943
-4.169733
-4.169733
-4.169733
-3.577345
-4.169733
-4.169733
-4.169733
-2.537021
-4.169733
-4.169733
-4.169733
-4.169733
-3.583659
-2.033590
-4.169733
-4.169733
-4.169733
-4.169733
-4.169733
-4.169733
-4.169733
-4.169733
-4.169733
-4.169733
-4.169733
1.316917
-4.169733
-4.169733
-4.169733
-4.169733
-4.169733
-0.817626
-4.169733
-4.169733
-4.169733
-4.169733
-4.169733
-4.169733
-4.169733
-4.169733
-4.169733
-1.778778
-4.169733
-4.169733
-2.444817
-4.169733
-4.169733
-4.169733
-4.169733
-4.169733
-3.368759
-4.169733
-4.169733
-4.169733
-4.169733
-4.169733
-4.169733
-4.169733
-4.169733
-4.169733
-4.169733
-3.583659
-3.708011
-4.169733
-4.169733
-4.169733
-4.169733
-4.169733
1.252850
-4.169733
-4.169733
-4.169733
-4.169733
-4.169733
-4.169733
-4.169733
-4.169733
-4.169733
-4.169733
-4.169733
-4.169733
-4.169733
-4.169733
-4.169733
-4.169733
-4.169733
-4.169733
-4.169733
-4.169733
-3.660540
2.519679
-0.950808
-4.169733
-4.169733
-4.169733
-4.169733
-3.677035
-4.169733
-3.818798
-4.169733
-4.169733
-4.169733
-4.169733
-4.169733
-4.169733
-4.169733
-4.169733
-4.169733
-4.169733
-3.657144
-4.169733
-4.169733
-4.169733
-4.169733
0.595631
-4.169733
-4.169733
-4.169733
-3.818798
-4.169733
-4.169733
-4.169733
-4.169733
-4.169733
-4.169733
-4.169733
-4.169733
-4.169733
-4.169733
-4.169733
-4.169733
-4.169733
-4.169733
-4.169733
-4.169733
-4.169733
-4.169733
-4.169733
-4.169733
-4.169733
-3.620769
-4.169733
-4.169733
-4.169733
-4.169733
-4.169733
-4.169733
-4.169733
-3.849186
-4.169733
-4.169733
-3.583659
2.012202
-4.169733
-4.169733
-4.169733
-3.850625
-4.169733
-4.169733
-4.169733
-4.169733
-4.169733
-4.169733
-2.619627
-4.169733
-4.169733
-4.169733
-4.169733
-4.169733
-4.169733
-4.169733
-4.169733
-4.169733
-3.590087
-4.169733
-4.169733
-4.169733
-3.708340
-4.169733
-4.169733
-4.169733
-4.169733
-4.169733
-2.584938
-4.169733
-4.169733
-4.169733
-4.169733
-4.169733
-4.169733
-2.156403
-3.881349
-4.169733
-4.169733
-2.946571
-4.169733
-4.169733
-4.169733
-4.169733
-4.169733
-4.169733
-4.169733
-4.169733
-4.169733
-4.169733
-4.169733
-4.169733
-4.169733
-4.169733
-4.169733
-4.169733
-4.169733
3.219095
-2.817203
-4.169733
-4.169733
-4.169733
-4.169733
-4.169733
-3.049510
-4.169733
-0.220388
-3.818798
-4.169733
-4.169733
-4.169733
-4.169733
-4.169733
-4.169733
-4.169733
-3.779865
-4.169733
-4.169733
-3.657144
-4.169733
-4.169733
-3.476809
-4.169733
-0.987900
-4.169733
-4.169733
-4.169733
-4.169733
-4.169733
-4.169733
-4.169733
-4.169733
-4.169733
-3.938202
-4.169733
-4.169733
-4.169733
-3.583659
-1.969375
-1.641959
-4.169733
-4.169733
-4.169733
-4.169733
-4.169733
-4.169733
-4.169733
-4.169733
-4.169733
-4.169733
-4.169733
-4.169733
-4.169733
-4.169733
-1.457459
-3.390847
-0.183442
-4.169733
-4.169733
-4.169733
-4.169733
-4.169733
-4.169733
-4.169733
-4.169733
-4.169733
-4.169733
-4.169733
-1.425856
-1.957639
-4.169733
-4.169733
-4.169733
-4.169733
-0.364471
-4.169733
-4.169733
-4.169733
-4.169733
-4.169733
-4.169733
-3.680127
-4.169733
-4.169733
-4.169733
-4.169733
-4.169733
-4.169733
-4.169733
-4.169733
-4.169733
-4.169733
-4.169733
-4.169733
-4.169733
-4.169733
-4.169733
-4.169733
-4.169733
-4.169733
-3.779865
-4.169733
-3.028728
-4.169733
-4.169733
-3.068151
-4.169733
-2.114455
-4.169733
-4.169733
-2.282045
-3.457875
-3.051948
-4.169733
-4.169733
-4.169733
-4.169733
-4.169733
1.005776
-4.169733
-4.169733
-4.169733
-4.169733
-4.169733
-4.169733
-1.707680
1.744521
-4.169733
-4.169733
-4.169733
-4.169733
-4.169733
-4.169733
-4.169733
-2.091032
-4.169733
-4.169733
-4.169733
-4.169733
2.176743
-4.169733
-3.909739
-4.169733
-4.169733
-3.234497
-4.169733
-1.814327
-4.169733
-0.050474
-4.169733
-4.169733
-4.169733
-3.970878
-4.169733
-4.169733
-3.264551
-4.169733
-2.267423
-4.169733
-4.169733
-4.169733
-4.169733
-4.169733
-4.169733
-4.169733
-4.169733
-4.169733
-3.650331
-4.169733
-4.169733
-4.169733
-4.169733
-4.169733
-4.169733
-1.262180
-4.169733
-4.169733
-4.169733
-4.169733
-4.169733
-4.169733
-4.169733
-4.169733
-4.169733
-4.169733
-3.141844
-1.433465
-4.169733
-4.169733
-4.169733
-4.169733
-4.169733
-4.169733
-4.169733
-4.169733
-4.169733
-4.169733
-3.881349
-4.169733
-4.169733
-4.169733
-4.169733
-4.169733
1.511469
-4.169733
-4.169733
-4.169733
-4.169733
-4.169733
-4.169733
-3.039029
-4.169733
-4.169733
-4.169733
-4.169733
-4.169733
-4.169733
-4.169733
-4.169733
-4.169733
-4.169733
-4.169733
-4.169733
-4.169733
-4.169733
-4.169733
-4.169733
-4.169733
-4.169733
-4.169733
-4.169733
-4.169733
-4.169733
-4.169733
-4.169733
1.104884
-4.169733
-3.708340
-3.588401
-4.169733
-4.169733
-4.169733
-4.169733
-4.169733
-4.169733
-4.169733
-4.169733
-4.169733
-4.169733
-4.169733
-4.169733
-4.169733
-4.169733
-3.660540
-4.169733
-4.169733
-4.169733
-4.169733
-4.169733
-3.388900
-4.169733
-4.169733
-4.169733
-4.169733
-4.169733
-1.152442
-4.169733
-4.169733
-4.169733
-4.169733
-4.169733
-4.169733
-4.169733
-4.169733
-4.169733
-4.169733
-4.169733
-4.169733
-4.169733
-4.169733
-4.169733
-4.169733
-4.169733
-3.850625
-4.169733
-4.169733
-0.818492
-4.169733
-3.660540
-4.169733
-4.169733
-4.169733
-4.169733
-4.169733
-4.169733
-4.169733
-4.169733
-4.169733
-4.169733
-4.169733
-4.169733
-4.169733
0.308944
-4.169733
-4.169733
-4.169733
-4.169733
-4.169733
-4.169733
-4.169733
-4.169733
-3.048212
-4.169733
-4.169733
-4.169733
-3.881349
-4.169733
-4.169733
-4.169733
-0.811661
-4.169733
-4.169733
-4.169733
-4.169733
-4.169733
-4.169733
-4.169733
-3.779865
-4.169733
-4.169733
-4.169733
-4.169733
-1.185723
-4.169733
-2.552692
-4.169733
-4.169733
-4.169733
-4.169733
-2.978891
-4.169733
-4.169733
-4.169733
-4.169733
-4.169733
-4.169733
-4.169733
-4.169733
1.151841
-4.169733
-2.210615
-4.169733
-4.169733
-4.169733
-3.967213
-4.169733
-3.396564
-4.169733
-4.169733
-4.169733
-4.169733
-3.912077
-4.169733
-2.819854
-4.169733
-4.169733
-4.169733
-4.169733
-4.169733
-4.169733
1.838545
-4.169733
-4.169733
-4.169733
-4.169733
-4.169733
-4.169733
-4.169733
-4.169733
-4.169733
-2.422922
-4.169733
-4.169733
-4.169733
-4.169733
-4.169733
-4.169733
-4.169733
-4.169733
-4.169733
-4.169733
-4.169733
-4.169733
-4.169733
-4.169733
-4.169733
-4.169733
-4.169733
-1.531778
-4.169733
0.372581
-3.969507
-4.169733
-2.815439
-4.169733
0.818372
-4.169733
-4.169733
-4.169733
-4.169733
-4.169733
-4.169733
-4.169733
-4.169733
-4.169733
-4.169733
-3.059116
-4.169733
-4.169733
-4.169733
-2.520866
-4.169733
-4.169733
-2.844724
-4.169733
-4.169733
-4.169733
-4.169733
-4.169733
-4.169733
-4.169733
-4.169733
-4.169733
-4.169733
-4.169733
0.807445
-4.169733
-4.169733
-4.169733
-1.764927
-4.169733
-4.169733
-4.169733
-4.169733
-4.169733
-3.657144
-4.169733
-4.169733
-4.169733
-4.169733
-4.169733
-4.169733
-4.169733
-4.169733
-4.169733
-2.371258
-4.169733
-4.169733
-4.169733
-4.169733
-3.882647
-3.206899
-4.169733
-4.169733
-4.169733
-4.169733
-4.169733
-4.169733
-4.169733
-4.169733
-4.169733
-3.227329
-4.169733
-4.169733
-4.169733
-4.169733
-3.882647
-4.169733
-4.169733
-4.169733
-4.169733
-3.165555
-4.169733
-4.169733
-4.169733
-4.169733
-3.881349
-4.169733
-4.169733
-4.169733
-4.169733
-4.169733
-4.169733
-4.169733
-4.169733
-4.169733
-4.169733
-3.583659
-4.169733
-1.028728
-4.169733
-3.850625
-3.076017
-4.169733
-4.169733
-4.169733
-4.169733
-4.169733
-4.169733
-4.169733
-3.882647
-1.008186
-4.169733
-4.169733
-4.169733
-4.169733
-0.886911
1.091631
-4.169733
-4.169733
-2.985905
-4.169733
-3.377118
-4.169733
-4.169733
-4.169733
-4.169733
-4.169733
-4.169733
-4.169733
-4.169733
-3.175639
-3.849186
-3.880047
-4.169733
-4.169733
-4.169733
-4.169733
-4.169733
-4.169733
-4.169733
-4.169733
-4.169733
-4.169733
-4.169733
-3.818798
-4.169733
-4.169733
-4.169733
-4.169733
-4.169733
-4.169733
-4.169733
-4.169733
-4.169733
-4.169733
-4.169733
-4.169733
-1.431272
-4.169733
-3.878087
-4.169733
-4.169733
-4.169733
-4.169733
-3.583659
-3.086941
-4.169733
-4.169733
-4.169733
-4.169733
-4.169733
-4.169733
-4.169733
-4.169733
-4.169733
2.356397
-4.169733
-1.951626
-4.169733
-3.594262
-4.169733
-4.169733
1.461036
-4.169733
-4.169733
-4.169733
-3.677035
-4.169733
-3.383433
-4.169733
-3.416947
-4.169733
-4.169733
-4.169733
-4.169733
-4.169733
-4.169733
-1.657880
-4.169733
-4.169733
-4.169733
-4.169733
-4.169733
-3.270671
-4.169733
-4.169733
-4.169733
-3.090032
-4.169733
-4.169733
-4.169733
-4.169733
-3.561142
1.488067
-4.169733
-4.169733
-4.169733
-4.169733
-4.169733
-4.169733
-4.169733
-4.169733
-4.169733
-4.169733
-4.169733
-4.169733
-4.169733
-3.270671
-4.169733
-4.169733
-4.169733
-4.169733
-4.169733
-4.169733
-4.169733
-4.169733
-3.880047
-4.169733
-4.169733
-4.169733
-4.169733
-4.169733
-4.169733
-3.428930
-4.169733
-4.169733
-4.169733
-4.169733
0.084739
-4.169733
-4.169733
-4.169733
-4.169733
-4.169733
-1.019543
-4.169733
-4.169733
-4.169733
-1.568674
-4.169733
-4.169733
-4.169733
1.671884
-4.169733
-4.169733
-3.461684
-4.169733
-4.169733
-4.169733
-4.169733
-4.169733
-2.697498
0.053054
-4.169733
-4.169733
-4.169733
-4.169733
-4.169733
-4.169733
-3.849186
-4.169733
-4.169733
-4.169733
-3.428930
-3.239972
-4.169733
-4.169733
-4.169733
-4.169733
-4.169733
-4.169733
-4.169733
-4.169733
-4.169733
-4.169733
-3.189578
-4.169733
-4.169733
-4.169733
-4.169733
-3.968591
-4.169733
-4.169733
-4.169733
-4.169733
-4.169733
-4.169733
-4.169733
-4.169733
-4.169733
-4.169733
-2.467218
-4.169733
-3.476809
-4.169733
-4.169733
-4.169733
-4.169733
-4.169733
-4.169733
-4.169733
-4.169733
-4.169733
-4.169733
-0.450999
-2.587596
-3.818798
-4.169733
-4.169733
-4.169733
-4.169733
0.614645
-3.660540
-4.169733
-4.169733
-4.169733
-4.169733
-4.169733
-4.169733
-4.169733
-4.169733
-3.583659
-4.169733
-4.169733
-4.169733
-4.169733
-4.169733
-4.169733
-4.169733
-4.169733
-4.169733
-4.169733
-4.169733
-4.169733
-3.698771
-4.169733
-4.169733
-4.169733
-4.169733
-1.987915
-4.169733
3.331558
-4.169733
-4.169733
-4.169733
-3.969507
-4.169733
-4.169733
-2.884421
-4.169733
-4.169733
-4.169733
-4.169733
-4.169733
-4.169733
-4.169733
-4.169733
-4.169733
-4.169733
-4.169733
-4.169733
-0.875322
-4.169733
-4.169733
-3.496808
-4.169733
-4.169733
-3.909153
-1.713070
-4.169733
-4.169733
-4.169733
-4.169733
-4.169733
-4.169733
-0.080574
-4.169733
-4.169733
-4.169733
-4.169733
-4.169733
-4.169733
-4.169733
-4.169733
-4.169733
-2.455824
-4.169733
-4.169733
-4.169733
-4.169733
-4.169733
-4.169733
-4.169733
-4.169733
-4.169733
-4.169733
2.614805
-4.169733
-4.169733
-4.169733
-4.169733
-4.169733
-3.390859
-3.419238
-3.912077
-4.169733
-4.169733
-3.779865
-4.169733
-4.169733
-4.169733
-1.128480
-4.169733
-4.169733
-4.169733
-4.169733
-4.169733
-4.169733
-4.169733
-4.169733
-4.169733
-4.169733
-2.891434
-4.169733
-4.169733
-4.169733
-4.169733
-4.169733
-4.169733
-4.169733
-4.169733
-4.169733
-4.169733
-4.169733
-4.169733
-4.169733
-4.169733
-4.169733
-4.169733
-4.169733
-2.033702
-4.169733
-4.169733
-4.169733
-1.776995
-4.169733
-4.169733
-4.169733
-4.169733
3.173670
-4.169733
-4.169733
-4.169733
-4.169733
-4.169733
-3.274289
0.748832
-4.169733
-4.169733
-4.169733
-4.169733
-4.169733
-4.169733
-4.169733
-4.169733
-2.859566
-4.169733
-4.169733
-2.224702
-4.169733
-4.169733
-4.169733
-4.169733
-4.169733
-4.169733
-4.169733
-4.169733
-0.683260
-4.169733
-4.169733
-4.169733
-4.169733
-4.169733
-4.169733
-3.583659
-4.169733
-4.169733
-4.169733
-4.169733
-4.169733
-4.169733
-4.169733
-4.169733
-4.169733
-4.169733
-3.528635
-0.681887
-1.609570
-4.169733
-3.359999
-4.169733
-4.169733
-4.169733
-4.169733
-4.169733
-4.169733
-4.169733
-1.292978
-4.169733
-4.169733
-0.109194
-2.552692
-4.169733
-4.169733
-4.169733
-4.169733
-3.264551
-4.169733
-4.169733
-4.169733
-3.617197
-3.970878
-4.169733
-4.169733
-4.169733
-4.169733
-4.169733
-4.169733
0.795379
-4.169733
-4.169733
-3.264551
-4.169733
-4.169733
-4.169733
-4.169733
-4.169733
-4.169733
-4.169733
-4.169733
-3.969507
-3.850625
-4.169733
-4.169733
-4.169733
-4.169733
1.719828
-4.169733
-4.169733
-4.169733
-4.169733
-4.169733
-1.582975
-3.969507
-4.169733
-4.169733
-4.169733
-4.169733
-2.847120
-4.169733
-4.169733
-4.169733
-4.169733
-3.779865
-4.169733
-4.169733
-4.169733
-4.169733
-4.169733
-3.880047
-4.169733
-4.169733
-4.169733
-4.169733
-4.169733
-4.169733
2.450789
-4.169733
-4.169733
-3.189578
-4.169733
-4.169733
-4.169733
-4.169733
-4.169733
-4.169733
-4.169733
-4.169733
-4.169733
-4.169733
-4.169733
-4.169733
-4.169733
-4.169733
-4.169733
-4.169733
-4.169733
-4.169733
-1.304767
-4.169733
-4.169733
-4.169733
-4.169733
-2.028111
-4.169733
-4.169733
-4.169733
-4.169733
-4.169733
-4.169733
-2.322146
-4.169733
-4.169733
-4.169733
-3.441115
-3.179369
-4.169733
-4.169733
-4.169733
-4.169733
-4.169733
-4.169733
-4.169733
-4.169733
-4.169733
-3.677035
-4.169733
-4.169733
-4.169733
-4.169733
-4.169733
-4.169733
-4.169733
-4.169733
1.553270
-4.169733
-4.169733
-4.169733
-4.169733
-4.169733
-4.169733
-4.169733
-4.169733
-4.169733
-3.818798
-4.169733
-4.169733
-4.169733
-4.169733
-4.169733
-4.169733
-4.169733
-4.169733
-4.169733
-4.169733
-4.169733
-4.169733
-4.169733
-3.912077
-4.169733
-0.804259
-4.169733
-4.169733
-4.169733
-4.169733
-3.660540
-4.169733
-4.169733
-4.169733
-4.169733
-4.169733
1.694520
-4.169733
-3.476809
-4.169733
-1.372441
-4.169733
-4.169733
-4.169733
-4.169733
-4.169733
-4.169733
-4.169733
-4.169733
-4.169733
-4.169733
-2.032179
-4.169733
-4.169733
-4.169733
-4.169733
-4.169733
-4.169733
-4.169733
-4.169733
-4.169733
-3.476809
-4.169733
-4.169733
-4.169733
-4.169733
-4.169733
-4.169733
-4.169733
-4.169733
-4.169733
-4.169733
-4.169733
-4.169733
-4.169733
-4.169733
-2.880094
1.144239
-4.169733
-4.169733
-4.169733
-4.169733
-4.169733
-4.169733
-4.169733
-4.169733
-4.169733
-4.169733
-4.169733
-0.188697
-4.169733
-4.169733
1.229343
-1.176956
-4.169733
-4.169733
-4.169733
-4.169733
-4.169733
-4.169733
-4.169733
-4.169733
-4.169733
-4.169733
-4.169733
-4.169733
-4.169733
-4.169733
-4.169733
-4.169733
-4.169733
-3.476809
-4.169733
-4.169733
-1.425209
-4.169733
-4.169733
-2.707622
-4.169733
-4.169733
-4.169733
-4.169733
-4.169733
-4.169733
-4.169733
-4.169733
-4.169733
-4.169733
-4.169733
-4.169733
-4.169733
-4.169733
-4.169733
-2.980230
-4.169733
-4.169733
-4.169733
-4.169733
-4.169733
-4.169733
-4.169733
-4.169733
-4.169733
-4.169733
-4.169733
3.648960
-4.169733
-3.912077
-4.169733
-4.169733
-1.978523
-4.169733
-4.169733
-2.825960
-4.169733
-4.169733
-4.169733
-1.617327
-4.169733
-4.169733
-4.169733
-4.169733
-0.734709
-4.169733
-4.169733
-4.169733
-4.169733
-3.583659
-4.169733
-3.048212
0.778734
-4.169733
-4.169733
-4.169733
-4.169733
-1.654986
-4.169733
-4.169733
-4.169733
-4.169733
-4.169733
-3.818798
-4.169733
-4.169733
-4.169733
-4.169733
-4.169733
-4.169733
-3.779865
-4.169733
-4.169733
-4.169733
-4.169733
-3.619467
-4.169733
-3.881349
-4.169733
-4.169733
-3.766531
-4.169733
-4.169733
-4.169733
-4.169733
-4.169733
-4.169733
-4.169733
-4.169733
-4.169733
-3.620053
-1.810071
-4.169733
-4.169733
-4.169733
-4.169733
0.127193
-4.169733
-4.169733
-2.271109
-4.169733
-4.169733
-4.169733
-4.169733
-4.169733
-4.169733
-4.169733
-4.169733
-4.169733
-4.169733
-4.169733
-4.169733
-4.169733
-4.169733
-4.169733
-4.169733
-4.169733
-1.443709
-4.169733
-4.169733
-4.169733
-4.169733
-4.169733
-2.220692
-4.169733
-4.169733
-4.169733
-4.169733
-4.169733
-4.169733
-4.169733
-4.169733
-4.169733
-4.169733
-4.169733
-4.169733
-4.169733
-4.169733
-4.169733
-4.169733
-4.169733
-4.169733
-4.169733
-4.169733
-3.969507
-4.169733
-4.169733
-4.169733
-4.169733
-4.169733
-4.169733
-4.169733
-4.169733
-4.169733
-2.672638
-4.169733
-4.169733
-1.003650
-4.169733
-4.169733
-4.169733
-4.169733
-4.169733
-4.169733
0.586520
-2.119696
-4.169733
-4.169733
-4.169733
-4.169733
-0.595921
-4.169733
-4.169733
-4.169733
-3.399960
-4.169733
-4.169733
-4.169733
-3.779865
3.476543
-4.169733
-4.169733
-4.169733
-4.169733
-4.169733
0.526823
-4.169733
-4.169733
-4.169733
-4.169733
-4.169733
-4.169733
-4.169733
-4.169733
-4.169733
-4.169733
-4.169733
-4.169733
-4.169733
-4.169733
-4.169733
-4.169733
-4.169733
-4.169733
-4.169733
-4.169733
-4.169733
-4.169733
-4.169733
-4.169733
-4.169733
-4.169733
-4.169733
-4.169733
-3.881349
-3.426135
-4.169733
-4.169733
-4.169733
-4.169733
-4.169733
-0.764168
-4.169733
-3.577345
-4.169733
-4.169733
-4.169733
-4.169733
-4.169733
-4.169733
-4.169733
-4.169733
-4.169733
-3.849186
-1.072241
-4.169733
-4.169733
-4.169733
-4.169733
-4.169733
-4.169733
-4.169733
-4.169733
-4.169733
-4.169733
-4.169733
-4.169733
-4.169733
-4.169733
0.653888
-4.169733
-3.428930
-4.169733
-4.169733
-4.169733
-4.169733
-4.169733
-4.169733
-4.169733
-3.849186
-4.169733
-4.169733
-4.169733
-3.818798
-1.084931
-4.169733
-2.426303
-4.169733
-4.169733
-4.169733
-4.169733
-4.169733
-4.169733
-4.169733
-4.169733
-2.817203
-4.169733
-4.169733
-4.169733
-4.169733
-4.169733
-4.169733
-4.169733
-4.169733
-4.169733
-4.169733
-4.169733
-4.169733
-4.169733
-4.169733
-4.169733
-2.977472
-4.169733
-4.169733
