38543, 10821, 38509, 16846, 16403, 25064, 96181, 79420, 16591, 11678, 25514, 10548, 37135, 55116, 26209, 10660, 24038, 79651, 79823, 79261, 29443, 13427, 18091, 35566, 10843, 93531, 10446, 38423, 80817, 16630, 25234, 36609, 26467, 37402, 55215, 964, 97591, 26261, 69500, 35721, 79293, 10634, 93538, 17382, 17599, 31983, 17377, 26150, 82920, 25912, 59721, 35497, 37423, 92793, 28477, 28696, 62256, 21271, 26073, 23553, 72056, 35640, 35635, 27308, 29419, 11077, 55328, 31683, 35794, 10874, 35569, 79359, 11456, 26380, 25979, 24175, 35329, 26361, 90567, 88388, 26953, 33406, 124031, 29420, 18032, 17435, 3420, 91743, 80644, 33438, 37074, 24208, 35700, 10416, 25017, 69194, 10658, 94100, 90275, 31830, 10568, 35682, 10839, 16440, 131331, 28675, 11966, 86221, 3387, 92878, 88231, 39257, 16795, 79982, 66941, 12882, 25517, 97592, 3331, 25495, 90334, 28358, 16315, 28442, 59734, 96361, 123834, 80659, 99391, 35187, 27123, 3620, 79587, 79402, 14511, 79583, 16408, 24409, 35505, 95960, 72004, 23954, 26397, 58617, 17324, 11624, 79909, 38681, 3857, 71951, 35452, 16835, 26269, 90539, 10772, 16445, 25407, 38760, 35538, 25958, 96154, 90536
Feature count is 162
Criterion1 result is ObjectIndex = 19, Distance = -19.012294709507139667372019182, Value = 0.7467225209876554670789112740
Boundary = -18.999957471893061135421988964
-19.924847
-18.593551
-19.924847
-19.924847
-19.924847
-19.924847
-19.924847
-19.924847
-19.924847
-19.924847
-19.924847
-19.924847
-19.924847
-17.133011
-19.924847
-19.924847
-19.924847
-19.924847
-19.924847
-19.012295
-19.924847
-19.924847
-19.924847
-19.924847
-19.924847
-19.924847
-19.924847
-19.924847
-19.924847
-19.924847
-19.924847
-19.924847
-19.924847
-19.924847
-19.924847
-18.463715
-19.924847
-19.924847
-19.924847
-19.924847
-19.924847
-19.924847
-19.924847
-19.924847
-19.924847
-19.924847
-19.924847
-19.924847
-19.924847
-19.924847
-19.924847
-19.924847
-19.924847
-19.924847
-19.924847
-19.924847
-18.350126
-19.924847
-13.593270
-19.158018
-19.924847
-19.924847
-19.924847
-19.924847
-19.924847
-19.924847
-19.924847
-19.924847
-19.924847
-19.924847
-19.924847
-19.924847
-19.924847
-19.924847
-19.924847
-19.707416
-19.924847
-19.924847
-19.924847
-19.646958
-19.924847
-19.924847
-19.924847
-19.924847
-19.924847
18.490803
-19.924847
-19.924847
-19.924847
-19.924847
-19.924847
-19.924847
-19.924847
-19.924847
-19.924847
-19.924847
-19.924847
-19.924847
-19.924847
-19.924847
-19.924847
-19.924847
-15.737342
-19.924847
-19.924847
-19.924847
-19.708360
-15.068837
-19.924847
-19.924847
-19.096344
-19.924847
-19.924847
-19.924847
-19.924847
-19.924847
-19.924847
-19.924847
-19.924847
-19.924847
-19.924847
-19.924847
-19.303798
-19.924847
-19.924847
-18.987620
-19.924847
-19.924847
-19.924847
-19.924847
-19.924847
-19.924847
-19.924847
-19.924847
-19.924847
-19.924847
-9.425989
-19.924847
-19.924847
-19.924847
-19.924847
-15.092191
-19.924847
-19.924847
-19.924847
-19.924847
-19.924847
-19.924847
-19.707416
-19.924847
-19.924847
-19.924847
-19.924847
-19.924847
-19.924847
-19.924847
-19.924847
-19.924847
-19.707888
-19.924847
-19.924847
-19.924847
-18.199190
-19.924847
-19.924847
-19.924847
-19.924847
-19.460637
-19.924847
-19.924847
-19.924847
-19.924847
-19.924847
-19.924847
-19.924847
-19.924847
-19.924847
-19.924847
-17.914232
-19.924847
-19.924847
-19.924847
-19.924847
-19.924847
-19.924847
-19.924847
-19.924847
-19.924847
-19.924847
-19.924847
-19.924847
-19.924847
-19.924847
-19.924847
-19.738188
-19.924847
-19.924847
-19.924847
-19.924847
-19.924847
-19.924847
-19.924847
-19.924847
-19.924847
-19.924847
-19.924847
-19.924847
-19.924847
-19.924847
-19.924847
-19.924847
-19.924847
-19.924847
-19.924847
-19.924847
-19.924847
-19.924847
-19.924847
-19.924847
-19.924847
-19.924847
-19.924847
-19.708360
-19.924847
-19.924847
-19.924847
-19.924847
-19.924847
-19.924847
-16.819075
-19.924847
-19.924847
-19.924847
-19.924847
-19.924847
-19.924847
-19.924847
-19.924847
-19.234652
-18.039211
-19.924847
-19.611804
-19.924847
-19.924847
-19.924847
-19.924847
-19.924847
-19.924847
-19.924847
-19.924847
-19.924847
-16.229762
-19.924847
-19.924847
-19.924847
-19.924847
-19.924847
-13.813667
-19.924847
-19.924847
-19.924847
-19.924847
-19.924847
-19.924847
-19.924847
-19.924847
-19.924847
-18.771550
-19.924847
-19.924847
-14.302679
-19.924847
-19.924847
-19.924847
-19.924847
-19.924847
-19.158018
-19.924847
-19.924847
-19.924847
-19.924847
-19.924847
-19.924847
-19.924847
-19.924847
-19.924847
-19.924847
-19.924847
-19.924847
-19.924847
-19.924847
-19.924847
-19.924847
-19.924847
1.079615
-19.924847
-19.924847
-19.924847
-19.924847
-19.924847
-19.924847
-19.924847
-19.924847
-19.924847
-19.924847
-19.924847
-19.924847
-19.924847
-19.924847
-19.924847
-19.924847
-19.924847
-19.924847
-19.924847
-19.924847
-19.924847
-12.272659
-13.155120
-19.737780
-19.924847
-19.924847
-19.924847
-19.924847
-19.924847
-19.924847
-19.924847
-19.924847
-19.924847
-19.924847
-19.924847
-19.924847
-19.924847
-19.924847
-19.924847
-19.924847
-18.194164
-19.924847
-19.924847
-19.924847
-19.924847
-11.538942
-19.924847
-19.924847
-19.924847
-19.924847
-19.924847
-19.924847
-19.924847
-19.924847
-19.924847
-19.924847
-19.924847
-19.924847
-19.924847
-19.924847
-19.924847
-19.158018
-19.924847
-19.924847
-19.924847
-19.924847
-19.924847
-19.924847
-19.924847
-19.924847
-19.924847
-19.924847
-19.924847
-19.924847
-19.924847
-19.924847
-19.924847
-19.924847
-19.924847
-19.924847
-19.924847
-19.924847
-19.924847
-7.053717
-19.924847
-19.924847
-19.924847
-18.969317
-19.924847
-19.924847
-19.924847
-19.924847
-19.924847
-19.924847
-19.203541
-19.924847
-19.924847
-19.924847
-19.924847
-19.924847
-19.924847
-19.924847
-19.924847
-19.924847
-19.209621
-19.924847
-19.924847
-19.924847
-19.924847
-19.924847
-19.924847
-19.924847
-19.924847
-19.924847
-9.320079
-19.708360
-19.924847
-19.924847
-19.924847
-19.924847
-19.924847
-19.924847
-19.924847
-19.924847
-19.924847
-19.924847
-19.924847
-19.924847
-19.924847
-19.924847
-19.924847
-19.924847
-19.924847
-19.924847
-19.924847
-19.924847
-19.924847
-19.924847
-19.924847
-19.924847
-19.924847
-19.924847
-19.924847
-3.248441
-15.366768
-19.924847
-19.924847
-19.924847
-19.924847
-19.924847
-15.979238
-19.924847
12.690488
-19.924847
-19.924847
-19.924847
-19.924847
-19.924847
-19.924847
-19.924847
-19.924847
-18.970543
-19.924847
-19.924847
-12.355727
-19.924847
-19.924847
-19.924847
-19.924847
-14.972225
-19.924847
-19.924847
-19.924847
-19.924847
-19.924847
-19.924847
-19.924847
-19.924847
-19.924847
-19.924847
-19.924847
-19.924847
-19.924847
-19.924847
-17.915120
-19.031622
-19.924847
-19.924847
-19.924847
-19.924847
-19.924847
-19.175050
-19.924847
-19.924847
-19.924847
-19.924847
-19.924847
-19.924847
-19.924847
-19.924847
-19.738188
-17.914058
-17.823912
-19.924847
-19.924847
-19.924847
-19.924847
-19.924847
-19.924847
-19.924847
-19.924847
-19.924847
-19.924847
-19.924847
-17.892683
-17.611263
-19.924847
-19.924847
-19.924847
-19.924847
-19.087596
-19.924847
-19.924847
-19.924847
-19.924847
-19.924847
-19.924847
-19.736964
-19.924847
-19.924847
-19.924847
-19.924847
-19.924847
-19.924847
-19.924847
-19.924847
-19.924847
-19.924847
-19.924847
-19.924847
-19.924847
-19.924847
-19.924847
-19.924847
-19.924847
-19.924847
-19.737372
-19.924847
-19.924847
-19.924847
-19.924847
-17.350106
-19.924847
-19.924847
-19.924847
-19.924847
-19.924847
-16.029196
-19.924847
-19.924847
-19.924847
-19.924847
-19.924847
-19.924847
-19.086780
-19.924847
-19.924847
-19.924847
-19.924847
-19.924847
-19.924847
-18.689200
12.829597
-19.924847
-19.924847
-19.924847
-19.924847
-19.924847
-19.924847
-19.924847
-8.952268
-19.924847
-19.924847
-19.924847
-19.924847
-5.797255
-19.924847
-19.924847
-19.924847
-19.924847
-19.708360
-19.924847
-18.745149
-19.924847
-8.071663
-19.924847
-19.924847
-19.924847
-19.924847
-19.924847
-19.924847
-18.041199
-19.924847
-19.924847
-19.924847
-19.924847
-19.924847
-19.924847
-19.924847
-19.924847
-19.708360
-19.924847
-19.924847
-19.924847
-19.924847
-19.924847
-19.924847
-19.924847
-19.924847
-19.924847
0.195606
-19.924847
-19.924847
-19.924847
-19.924847
-19.924847
-19.924847
-19.924847
-19.924847
-19.924847
-19.924847
-19.270389
-19.531226
-19.924847
-19.924847
-19.924847
-19.924847
-19.924847
-19.924847
-19.924847
-19.924847
-19.708831
-19.924847
-19.924847
-19.924847
-19.924847
-19.924847
-19.924847
-19.924847
-10.818540
-19.924847
-19.924847
-19.924847
-19.924847
-19.924847
-19.924847
-14.714533
-19.924847
-19.924847
-19.924847
-19.924847
-19.924847
-19.924847
-19.924847
-19.924847
-19.924847
-19.924847
-19.924847
-19.924847
-19.924847
-19.924847
-19.924847
-19.924847
-19.924847
-19.924847
-19.924847
-19.924847
-19.924847
-19.924847
-19.924847
-19.924847
-11.541521
-19.924847
-19.924847
-19.924847
-19.924847
-19.924847
-19.924847
-19.924847
-19.924847
-19.924847
-19.924847
-19.924847
-19.924847
-19.924847
-19.924847
-19.924847
-19.924847
-19.924847
-19.646958
-19.924847
-19.924847
-19.924847
-19.924847
-19.924847
-19.158018
-19.924847
-19.924847
-19.924847
-19.924847
-19.924847
-18.442362
-19.924847
-19.924847
-19.924847
-19.924847
-19.924847
-19.924847
-19.924847
-19.924847
-19.924847
-19.924847
-19.924847
-19.924847
-19.924847
-19.924847
-19.924847
-19.924847
-19.924847
-19.924847
-19.924847
-19.924847
-14.008206
-19.924847
-19.924847
-19.924847
-19.924847
-19.924847
-19.924847
-19.924847
-19.924847
-19.924847
-19.924847
-19.924847
-19.924847
-19.924847
-19.924847
-19.924847
-11.001312
-19.924847
-19.924847
-19.924847
-19.924847
-19.924847
-19.924847
-19.924847
-19.924847
-19.158018
-19.924847
-19.924847
-19.924847
-19.550713
-19.924847
-19.924847
-19.924847
-18.427446
-19.924847
-19.924847
-19.924847
-19.924847
-19.924847
-19.924847
-19.924847
-18.559346
-19.924847
-19.924847
-19.924847
-19.158018
-17.636204
-19.924847
-18.554701
-19.924847
-19.924847
-19.924847
-19.924847
-17.537927
-19.924847
-19.924847
-19.924847
-19.924847
-19.924847
-19.924847
-19.924847
-19.924847
-4.035511
-19.924847
-19.924847
-19.924847
-19.924847
-19.924847
-19.924847
-19.924847
-18.978426
-19.924847
-19.924847
-19.924847
-19.924847
-19.708360
-19.924847
-15.975337
-19.924847
-19.924847
-19.924847
-19.924847
-19.924847
-19.924847
-12.506302
-19.924847
-19.924847
-19.924847
-19.924847
-19.924847
-19.924847
-19.924847
-19.924847
-19.924847
-19.924847
-19.924847
-19.924847
-19.924847
-19.924847
-19.924847
-19.924847
-19.924847
-19.924847
-19.924847
-19.924847
-19.924847
-19.924847
-19.924847
-19.924847
-19.924847
-19.924847
-19.924847
-19.924847
-19.924847
-13.039642
-19.493755
-19.924847
-19.737780
-19.924847
-15.591680
-19.924847
-19.924847
-19.924847
-19.924847
-19.924847
-19.924847
-19.924847
-19.924847
-19.924847
-19.924847
-19.924847
-19.924847
-19.924847
-19.924847
-19.361752
-19.924847
-19.924847
-17.568884
-19.924847
-19.924847
-19.924847
-19.924847
-19.924847
-19.924847
-19.924847
-19.924847
-19.924847
-19.924847
-19.924847
-9.343075
-19.738596
-19.924847
-19.924847
-17.568004
-19.924847
-19.924847
-19.924847
-19.924847
-19.924847
-19.924847
-19.924847
-19.924847
-19.924847
-19.924847
-19.924847
-19.924847
-19.924847
-19.924847
-19.924847
-15.470557
-19.924847
-19.924847
-19.924847
-19.924847
-19.924847
-18.598040
-19.924847
-19.924847
-19.924847
-19.924847
-19.924847
-19.924847
-19.924847
-19.924847
-19.924847
-18.208605
-19.924847
-19.924847
-19.924847
-19.924847
-19.522768
-19.924847
-19.924847
-19.924847
-19.924847
-19.924847
-19.924847
-19.924847
-19.924847
-19.924847
-19.924847
-19.924847
-19.924847
-19.924847
-19.924847
-19.924847
-19.924847
-19.924847
-19.924847
-19.924847
-19.924847
-19.924847
-19.924847
-15.053631
-19.924847
-19.924847
-19.646958
-19.924847
-19.924847
-19.924847
-19.924847
-19.924847
-19.924847
-19.924847
-19.738596
-17.892275
-19.924847
-19.924847
-19.924847
-19.924847
-19.257950
-8.693723
-19.924847
-19.924847
-18.275410
-19.924847
-19.490465
-19.924847
-19.924847
-19.924847
-19.924847
-19.611804
-19.924847
-19.924847
-19.924847
-19.924847
-19.924847
-19.924847
-19.924847
-19.924847
-19.924847
-19.924847
-19.924847
-19.924847
-19.924847
-19.924847
-19.924847
-19.924847
-19.924847
-19.924847
-19.924847
-19.924847
-19.924847
-19.924847
-19.924847
-19.924847
-19.924847
-19.924847
-19.924847
-18.958091
-19.924847
-19.924847
-18.695219
-19.924847
-19.924847
-19.924847
-19.924847
-19.924847
-19.924847
-19.924847
-19.677401
-19.924847
-19.924847
-19.924847
-19.924847
-19.924847
-19.924847
-19.924847
-19.924847
-19.924847
-11.122400
-19.924847
-19.924847
-19.924847
-18.201177
-19.924847
-19.924847
-5.992386
-19.924847
-19.924847
-19.924847
-19.924847
-19.924847
-19.677401
-19.924847
-19.158018
-19.924847
-19.158018
-19.924847
-19.924847
-19.924847
-19.924847
-19.924847
-19.924847
-19.924847
-19.924847
-19.924847
-19.924847
-19.455622
-19.924847
-19.924847
-19.924847
-14.920052
-19.924847
-19.924847
-19.924847
-19.924847
-19.710243
-8.956063
-19.924847
-19.924847
-19.924847
-19.924847
-19.924847
-19.924847
-19.924847
-19.924847
-19.924847
-19.924847
-19.924847
-19.924847
-19.924847
-19.455009
-19.924847
-19.924847
-19.924847
-19.924847
-19.924847
-19.924847
-19.924847
-19.924847
-19.924847
-19.924847
-19.924847
-19.924847
-19.924847
-19.924847
-19.924847
-19.493755
-19.924847
-19.924847
-19.924847
-19.924847
-11.757553
-19.924847
-19.924847
-19.924847
-19.924847
-19.924847
-15.215906
-19.924847
-19.924847
-19.924847
-17.281931
-19.924847
-19.924847
-19.924847
-5.173140
-19.924847
-19.924847
-19.924847
-19.924847
-19.924847
-19.924847
-19.924847
-19.924847
-19.611804
-9.948789
-19.924847
-19.924847
-19.924847
-19.924847
-19.924847
-19.924847
-19.611804
-19.924847
-19.924847
-19.924847
-18.780679
-19.924847
-19.924847
-19.924847
-19.924847
-19.924847
-19.924847
-19.924847
-19.924847
-19.924847
-19.924847
-19.924847
-15.794248
-19.924847
-19.924847
-19.924847
-19.924847
-19.158018
-19.924847
-19.924847
-19.924847
-19.924847
-19.924847
-19.924847
-19.924847
-19.924847
-19.924847
-19.924847
-19.924847
-19.924847
-19.924847
-19.924847
-19.924847
-19.924847
-19.924847
-19.924847
-19.924847
-19.924847
-19.924847
-19.924847
-19.924847
10.621449
-13.343301
-19.924847
-19.924847
-19.924847
-19.924847
-19.924847
14.260312
-19.924847
-19.924847
-19.924847
-19.924847
-19.924847
-19.924847
-19.924847
-19.924847
-19.924847
-19.924847
-19.924847
-19.924847
-19.924847
-19.924847
-19.924847
-19.924847
-19.924847
-19.924847
-19.611804
-19.924847
-19.924847
-19.924847
-19.709302
-19.924847
-19.924847
-19.924847
-19.924847
-19.646958
-19.924847
8.526696
-19.924847
-19.924847
-19.489926
-19.924847
-19.924847
-19.924847
-11.798732
-19.924847
-19.924847
-19.924847
-19.924847
-19.924847
-19.924847
-19.924847
-19.924847
-19.924847
-19.924847
-19.924847
-19.611804
-18.719877
-19.924847
-19.924847
-19.924847
-19.924847
-19.924847
-19.924847
-17.614919
-19.924847
-19.924847
-19.924847
-19.924847
-19.924847
-19.924847
-5.393505
-19.924847
-19.924847
-19.924847
-19.924847
-19.924847
-19.924847
-19.924847
-19.924847
-19.924847
-17.441493
-19.924847
-19.924847
-19.924847
-19.924847
-19.924847
-19.924847
-19.924847
-19.737780
-19.924847
-19.924847
-11.643452
-19.924847
-19.924847
-19.924847
-19.924847
-19.924847
-19.158018
-18.970951
-19.924847
-19.924847
-19.924847
-19.158018
-19.924847
-19.924847
-19.924847
-18.097319
-19.924847
-19.924847
-19.924847
-19.924847
-19.924847
-19.924847
-19.924847
-19.924847
-19.924847
-19.924847
-17.846611
-19.158018
-19.924847
-19.924847
-19.924847
-19.924847
-19.924847
-19.924847
-19.924847
-19.924847
-19.924847
-19.924847
-19.924847
-19.924847
-19.924847
-19.924847
-19.924847
-19.924847
-16.327483
-19.924847
-19.924847
-19.924847
-16.185715
-19.924847
-19.924847
-19.455009
-19.924847
6.309192
-19.924847
-19.924847
-19.924847
-19.924847
-19.924847
-19.158018
-3.218201
-19.924847
-19.924847
-19.924847
-19.924847
-19.924847
-19.924847
-19.924847
-19.924847
-19.488439
-19.924847
-19.924847
-19.088314
-19.924847
-19.924847
-19.924847
-19.924847
-19.924847
-19.924847
-19.924847
-19.924847
-9.172603
-19.924847
-19.924847
-19.924847
-19.924847
-19.924847
-19.924847
-19.924847
-19.924847
-19.924847
-19.924847
-19.924847
-19.924847
-19.924847
-19.924847
-19.924847
-19.924847
-19.924847
-19.924847
-8.522073
-19.924847
-19.924847
-18.910572
-19.924847
-19.924847
-19.924847
-19.924847
-19.924847
-19.924847
-19.924847
-14.526452
-19.924847
-19.924847
-15.561887
-16.835874
-19.924847
-19.924847
-19.924847
-19.924847
-19.924847
-19.924847
-19.924847
-19.924847
-19.924847
-19.924847
-19.924847
-19.924847
-19.924847
-19.924847
-19.924847
-19.924847
-11.212351
-19.924847
-19.924847
-19.924847
-19.924847
-19.924847
-19.924847
-19.924847
-19.924847
-19.924847
-19.924847
-19.924847
-19.924847
-19.924847
-19.924847
-19.924847
-19.924847
-19.924847
4.287276
-19.924847
-19.924847
-19.924847
-19.924847
-19.924847
-19.364800
-19.924847
-19.924847
-19.924847
-19.924847
-19.924847
-14.048512
-19.924847
-19.924847
-19.924847
-19.924847
-19.924847
-19.924847
-19.924847
-19.924847
-19.924847
-19.924847
-19.924847
-19.924847
-19.924847
-19.924847
-19.924847
-19.924847
-19.924847
0.796509
-19.924847
-19.924847
-19.924847
-19.924847
-19.924847
-19.924847
-19.924847
-19.924847
-19.924847
-19.924847
-19.924847
-19.924847
-19.924847
-19.924847
-19.924847
-19.924847
-19.924847
-19.924847
-19.924847
-19.924847
-19.924847
-19.158018
-19.924847
-19.924847
-19.924847
-19.158018
-18.970951
-19.924847
-19.924847
-19.924847
-19.924847
-19.924847
-19.924847
-19.445016
-19.924847
-19.924847
-19.924847
-19.924847
-19.924847
-19.924847
-19.924847
-19.924847
-19.924847
-19.924847
-19.493755
-19.924847
-19.924847
-19.924847
-19.924847
-19.924847
-19.924847
-19.924847
-19.924847
-19.924847
-19.924847
-19.924847
-19.924847
6.097018
-19.924847
-19.924847
-19.924847
-19.924847
-19.924847
-19.924847
-19.924847
-19.924847
-19.924847
-19.924847
-19.924847
-19.924847
-19.924847
-19.924847
-19.924847
-19.924847
-19.924847
-19.924847
-19.924847
-19.924847
-19.924847
-19.924847
-19.924847
-19.924847
-19.924847
-3.774559
-19.924847
-19.924847
-19.924847
-19.924847
-19.924847
-19.924847
-19.924847
-19.924847
-19.924847
-19.924847
18.181174
-19.924847
-19.924847
-19.924847
-18.970543
-19.924847
-19.924847
-19.924847
-19.924847
-19.924847
-19.924847
-19.924847
-19.710243
-19.924847
-19.924847
-19.177866
-19.924847
-19.924847
-19.924847
-19.924847
-19.924847
-19.924847
-19.924847
-19.924847
-19.924847
-19.460914
-19.924847
-19.924847
-19.924847
-19.924847
-19.924847
-19.924847
-19.924847
-19.924847
-19.924847
-19.924847
-19.924847
-19.924847
-19.924847
-19.924847
-14.897160
-4.141268
-19.924847
-19.924847
-19.924847
-19.924847
-19.924847
-19.924847
-19.924847
-19.924847
-19.924847
-19.924847
-19.924847
-13.132037
-19.924847
-19.924847
-10.932950
-9.842576
-19.924847
-19.924847
-19.924847
-19.924847
-19.924847
-19.924847
-19.924847
-19.924847
-19.924847
-19.924847
-19.924847
-19.924847
-19.924847
-19.924847
-19.924847
-19.924847
-19.924847
-19.924847
-19.924847
-19.924847
-18.128898
-19.924847
-19.924847
-19.924847
-19.924847
-19.924847
-19.924847
-19.924847
-19.924847
-19.924847
-19.924847
-19.924847
-19.924847
-19.924847
-19.924847
-19.924847
-19.924847
-19.924847
-19.924847
-19.924847
-19.924847
-19.924847
-19.924847
-19.924847
-19.924847
-19.924847
-19.924847
-19.924847
-19.924847
-19.924847
-19.924847
5.870241
-19.924847
-19.924847
-19.924847
-19.924847
-19.548263
-19.924847
-19.924847
-19.646958
-19.924847
-19.924847
-19.924847
-19.158018
-19.924847
-19.924847
-19.924847
-19.924847
-19.611804
-19.924847
-19.924847
-19.924847
-19.924847
-19.493755
-19.924847
-19.158018
-14.677518
-19.924847
-19.924847
-19.924847
-19.924847
-17.372519
-19.924847
-19.924847
-19.924847
-19.924847
-19.924847
-19.924847
-19.924847
-19.924847
-19.924847
-19.924847
-19.924847
-19.924847
-19.270186
-19.924847
-19.924847
-19.924847
-19.924847
-19.710243
-19.924847
-19.158018
-19.924847
-19.924847
-19.924847
-19.924847
-19.924847
-19.924847
-19.924847
-19.924847
-19.924847
-19.924847
-19.924847
-19.924847
-19.924847
-19.491519
-19.924847
-19.924847
-19.924847
-19.924847
-9.249047
-19.924847
-19.924847
-19.606311
-19.924847
-19.924847
-19.924847
-19.924847
-19.924847
-19.924847
-19.924847
-19.924847
-19.924847
-19.924847
-19.924847
-19.924847
-19.924847
-19.924847
-19.924847
-19.924847
-19.924847
-17.895062
-19.924847
-19.924847
-19.924847
-19.924847
-19.924847
-19.924847
-19.924847
-19.924847
-19.924847
-19.924847
-19.924847
-19.924847
-19.924847
-19.924847
-19.924847
-19.924847
-19.924847
-19.924847
-19.924847
-19.924847
-19.924847
-19.924847
-19.924847
-19.924847
-19.924847
-19.924847
-19.924847
-19.924847
-19.924847
-19.924847
-19.924847
-19.924847
-19.924847
-19.924847
-19.924847
-19.924847
-19.646958
-19.924847
-19.924847
-12.758282
-19.924847
-19.924847
-19.924847
-19.924847
-19.924847
-19.924847
-16.661163
-18.795210
-19.924847
-19.924847
-19.924847
-19.924847
-19.490335
-19.924847
-19.924847
-19.924847
-19.646958
-19.924847
-19.924847
-19.924847
-12.407294
3.977453
-19.924847
-19.924847
-19.924847
-19.924847
-19.924847
-12.445902
-19.924847
-19.924847
-19.924847
-19.924847
-19.924847
-19.924847
-19.924847
-19.924847
-19.924847
-19.924847
-19.924847
-19.924847
-19.737780
-19.924847
-19.924847
-19.924847
-19.924847
-19.924847
-19.924847
-19.924847
-19.924847
-19.924847
-19.924847
-19.924847
-19.924847
-19.924847
-19.924847
-19.924847
-19.611804
-19.924847
-19.924847
-19.924847
-19.924847
-19.924847
-19.924847
-17.833051
-19.924847
-19.454600
-19.924847
-19.924847
-19.924847
-19.924847
-19.924847
-19.924847
-19.924847
-19.924847
-19.924847
-19.924847
-18.693061
-19.924847
-19.924847
-19.924847
-19.924847
-19.924847
-19.924847
-19.924847
-19.924847
-19.924847
-19.924847
-19.924847
-19.924847
-19.924847
-19.924847
-7.281375
-19.924847
-19.708360
-19.924847
-19.924847
-19.924847
-19.924847
-19.924847
-19.924847
-19.924847
-19.924847
-19.924847
-19.924847
-19.924847
-19.924847
-5.264322
-19.924847
-19.924847
-19.924847
-19.924847
-19.924847
-19.924847
-19.924847
-19.924847
-19.924847
-19.924847
-18.941059
-19.924847
-19.924847
-19.924847
-19.924847
-19.924847
-19.924847
-19.924847
-19.924847
-19.924847
-19.924847
-19.924847
-19.924847
-19.924847
-19.924847
-19.924847
-19.924847
-19.924847
-19.924847
