9535, 17130, 25307, 17302, 17175, 25286, 79416, 16365, 37258, 79697, 16826, 11946, 35549, 25044, 9842, 38649, 36775, 3101, 47055, 38626, 65971, 10655, 36918, 20878, 79464, 13808, 23981, 16625, 17231, 17307, 9684, 50913, 10459, 1886, 87451, 38750, 69280, 35323, 13677, 65893, 37079, 37108, 3123, 25320, 63739, 26166, 11772, 91619, 29380, 16820, 38278, 37194, 35809, 10883, 10798, 26140, 79400, 16568, 11137, 55026, 92008, 17227, 80278, 37346, 36874, 16599, 133597, 37169, 14805, 16663, 36829, 123850, 96459, 3681, 72259, 96958, 17503, 58319, 3502, 20990, 21980, 11828, 20902, 82909, 16291, 96390, 38748, 62271, 17373, 80584, 17404, 16618, 17430, 10413, 91931, 18361, 37419, 3758, 14287, 131408, 3869, 101238, 79625, 3354, 35536, 79448, 15173, 25479, 55423, 37246, 95895, 31970, 51673, 20873, 77809, 133643, 9061, 35821, 86225, 3860, 77555, 24223, 16950, 72877, 11750, 13015, 16989, 95956, 10081, 119792, 86002, 65962, 39539, 38795, 10948, 26205, 38298, 80361, 24152, 3872, 25501, 83135, 3643, 67138, 1185, 72034, 20633, 79859, 79900, 91808, 79764, 16998, 13867, 38402, 11972, 10559, 16824, 16657, 77634, 17856, 21400, 17124, 3667, 133835, 3404
Feature count is 165
Criterion1 result is ObjectIndex = 700, Distance = -19.833280517597522577361843655, Value = 0.7272842608596015418562349568
Boundary = -19.822352587885797234264604971
-21.559114
-19.661329
-21.559114
-21.559114
-21.559114
-21.559114
-21.559114
-21.559114
-21.559114
-21.559114
-21.559114
-21.559114
-21.559114
-15.598860
-21.559114
-21.559114
-21.559114
-21.559114
-21.559114
-19.397901
-21.559114
-21.559114
-21.559114
-21.559114
-21.559114
-21.559114
-21.559114
-21.559114
-21.559114
-21.041301
-21.559114
-21.559114
-21.559114
-20.823055
-21.559114
-16.975105
-21.559114
-21.559114
-19.811425
-21.559114
-21.559114
-20.351480
-21.559114
-21.559114
-21.559114
-21.559114
-21.559114
-21.559114
-21.559114
-21.559114
-21.559114
-21.559114
-21.559114
-21.348256
-21.559114
-21.559114
-16.577668
-21.559114
-10.129101
-21.559114
-21.559114
-21.559114
-21.559114
-21.559114
-21.559114
-21.559114
-21.559114
-21.559114
-21.559114
-21.559114
-21.559114
-21.559114
-21.559114
-21.559114
-21.559114
-20.046934
-21.559114
-21.559114
-21.559114
-20.275692
-21.559114
-21.559114
-21.559114
-21.559114
-21.559114
16.603637
-21.346386
-21.559114
-21.559114
-21.559114
-21.559114
-21.559114
-21.559114
-21.559114
-21.559114
-21.559114
-21.345448
-21.559114
-21.559114
-21.559114
-21.559114
-21.559114
-13.743775
-21.559114
-21.559114
-21.559114
-20.363856
-14.472277
-21.559114
-21.559114
-20.392905
-21.559114
-21.559114
-21.559114
-21.559114
-21.559114
-21.559114
-21.559114
-21.559114
-21.559114
-21.559114
-21.559114
-19.235500
-21.559114
-21.559114
-19.506513
-21.346386
-21.559114
-21.559114
-21.559114
-21.559114
-21.559114
-21.559114
-21.559114
-21.248115
-21.559114
-10.131110
-21.559114
-21.559114
-21.559114
-21.559114
-17.812488
-21.559114
-21.559114
-21.559114
-20.821658
-21.559114
-21.559114
-20.351480
-21.559114
-21.559114
-21.559114
-21.559114
-21.559114
-21.559114
-21.559114
-21.559114
-21.559114
-18.096993
-21.559114
-21.559114
-20.545166
-20.793966
-21.559114
-21.559114
-21.559114
-21.559114
-20.305031
-21.559114
-21.559114
-21.559114
-21.559114
-21.559114
-21.559114
-21.559114
-21.559114
-21.559114
-21.559114
-19.876482
-21.559114
-21.559114
-21.559114
-21.559114
-21.559114
-21.559114
-21.559114
-21.559114
-21.559114
-21.559114
-21.559114
-21.559114
-21.559114
-21.559114
-21.559114
-19.759914
-21.559114
-21.559114
-21.559114
-21.559114
-21.559114
-21.559114
-21.559114
-21.559114
-21.559114
-21.559114
-21.559114
-21.559114
-21.559114
-21.559114
-21.559114
-21.559114
-21.559114
-21.559114
-20.995118
-21.559114
-21.559114
-21.559114
-21.559114
-21.559114
-21.559114
-21.559114
-21.559114
-19.325738
-21.318093
-20.823055
-21.035392
-21.559114
-21.559114
-21.559114
-18.391212
-21.559114
-21.559114
-21.559114
-20.823055
-21.559114
-21.559114
-21.559114
-21.559114
-18.209374
-18.606797
-21.559114
-21.286060
-21.559114
-21.559114
-21.559114
-21.559114
-21.559114
-21.559114
-21.559114
-21.559114
-21.559114
-11.801113
-21.559114
-21.559114
-21.559114
-21.559114
-21.559114
-11.790193
-21.559114
-21.559114
-21.559114
-21.559114
-21.559114
-21.559114
-21.559114
-21.559114
-21.559114
-19.354523
-21.559114
-21.559114
-18.244823
-21.559114
-21.559114
-21.559114
-21.559114
-21.559114
-20.823055
-21.559114
-21.559114
-21.559114
-21.559114
-21.559114
-21.559114
-21.559114
-21.559114
-21.559114
-21.559114
-21.559114
-20.823055
-21.559114
-21.559114
-21.559114
-21.559114
-21.559114
4.170609
-21.559114
-21.559114
-21.559114
-21.559114
-21.559114
-21.559114
-21.559114
-21.559114
-21.559114
-21.559114
-21.559114
-21.559114
-21.559114
-21.559114
-21.559114
-21.559114
-21.559114
-21.559114
-21.559114
-21.559114
-21.559114
-5.541209
-10.796040
-21.041301
-21.559114
-21.559114
-21.559114
-21.559114
-21.559114
-21.559114
-21.559114
-21.559114
-21.559114
-21.559114
-21.559114
-21.559114
-21.559114
-21.559114
-21.559114
-21.559114
-19.838255
-21.559114
-21.559114
-21.559114
-21.559114
-13.791474
-21.559114
-21.559114
-21.559114
-21.559114
-21.559114
-21.559114
-21.559114
-21.559114
-21.559114
-21.559114
-21.559114
-21.559114
-21.559114
-21.559114
-21.559114
-21.280617
-21.559114
-21.559114
-21.559114
-21.559114
-21.559114
-21.559114
-21.559114
-21.559114
-20.638838
-21.559114
-21.559114
-21.559114
-21.559114
-21.559114
-21.559114
-21.559114
-21.559114
-21.559114
-21.559114
-21.559114
-21.559114
-4.879179
-21.559114
-21.559114
-21.559114
-18.999767
-21.559114
-21.559114
-21.559114
-21.559114
-21.559114
-21.559114
-20.372674
-21.559114
-21.559114
-21.559114
-21.559114
-21.559114
-21.559114
-21.559114
-21.559114
-21.559114
-21.314355
-21.559114
-21.559114
-21.559114
-21.347321
-21.559114
-21.559114
-21.559114
-21.559114
-21.559114
-7.356973
-21.559114
-21.559114
-21.559114
-21.559114
-21.559114
-21.559114
-19.726318
-21.559114
-21.559114
-21.559114
-20.823055
-21.559114
-21.559114
-21.559114
-21.559114
-21.559114
-21.559114
-21.559114
-21.559114
-21.559114
-21.559114
-21.559114
-21.559114
-21.559114
-21.559114
-21.559114
-21.559114
-21.559114
-3.238614
-13.287741
-21.559114
-21.559114
-21.559114
-21.559114
-21.559114
-15.752140
-21.559114
9.607580
-21.559114
-21.559114
-21.559114
-21.559114
-21.559114
-21.559114
-21.559114
-21.559114
-19.359839
-21.559114
-21.559114
-10.919628
-21.559114
-21.559114
-21.281831
-21.559114
-13.655337
-21.559114
-21.559114
-21.559114
-21.559114
-21.559114
-21.559114
-21.559114
-21.559114
-21.559114
-20.823055
-21.559114
-21.559114
-21.559114
-21.559114
-16.374229
-18.746582
-21.559114
-21.559114
-21.559114
-21.559114
-21.559114
-21.102698
-21.559114
-21.559114
-21.559114
-21.559114
-21.559114
-21.559114
-21.559114
-21.559114
-20.549117
-18.713023
-16.926920
-21.559114
-21.559114
-21.559114
-21.559114
-21.559114
-21.559114
-21.559114
-21.559114
-21.559114
-21.559114
-21.559114
-16.609038
-17.499915
-21.559114
-21.559114
-21.559114
-21.559114
-18.614956
-21.559114
-21.559114
-21.283648
-21.559114
-21.559114
-21.559114
-20.581502
-21.559114
-21.559114
-21.559114
-21.559114
-21.559114
-21.559114
-21.559114
-21.559114
-21.559114
-21.559114
-21.559114
-21.559114
-21.559114
-21.559114
-21.559114
-21.559114
-21.559114
-21.559114
-21.559114
-21.559114
-20.823055
-21.559114
-21.559114
-19.372203
-21.559114
-20.923268
-21.559114
-21.559114
-20.823055
-16.018407
-21.559114
-21.559114
-21.559114
-21.559114
-21.559114
-21.559114
-17.181248
-21.559114
-21.559114
-21.168048
-21.559114
-21.559114
-21.559114
-19.220511
12.170590
-21.559114
-21.559114
-21.559114
-21.559114
-21.559114
-21.559114
-21.559114
-11.465434
-21.559114
-21.559114
-21.559114
-21.559114
-5.437187
-21.559114
-20.823055
-21.559114
-21.559114
-20.550001
-21.559114
-18.248508
-21.559114
-9.208052
-21.559114
-21.559114
-21.559114
-21.559114
-21.559114
-21.559114
-18.968106
-21.559114
-20.823055
-21.559114
-21.559114
-21.559114
-21.559114
-21.559114
-21.559114
-21.372862
-21.559114
-21.559114
-20.638838
-21.559114
-21.559114
-21.559114
-21.559114
-21.559114
-21.559114
-0.654684
-21.559114
-21.559114
-21.559114
-21.559114
-21.559114
-21.559114
-21.559114
-21.559114
-21.559114
-21.559114
-20.171607
-18.261999
-21.559114
-21.559114
-21.559114
-21.559114
-21.559114
-21.559114
-21.559114
-21.559114
-20.855461
-21.559114
-21.559114
-21.559114
-21.559114
-21.559114
-21.559114
-21.559114
-9.846601
-21.559114
-21.559114
-21.559114
-21.559114
-21.559114
-21.559114
-13.458161
-21.559114
-21.559114
-21.559114
-21.559114
-21.559114
-21.559114
-21.559114
-21.559114
-21.559114
-21.559114
-21.559114
-21.559114
-21.559114
-21.559114
-21.559114
-21.559114
-21.559114
-21.559114
-21.559114
-21.559114
-21.559114
-21.559114
-21.559114
-21.559114
-0.826509
-21.559114
-21.347321
-20.823055
-21.559114
-21.559114
-21.559114
-21.559114
-21.559114
-21.559114
-21.559114
-21.559114
-21.559114
-21.559114
-21.559114
-21.559114
-21.559114
-21.559114
-21.038101
-21.559114
-21.559114
-21.559114
-21.559114
-21.559114
-19.833281
-21.559114
-21.559114
-21.559114
-21.559114
-21.559114
-18.672867
-21.559114
-21.559114
-21.559114
-21.559114
-21.559114
-21.559114
-21.559114
-21.559114
-21.559114
-21.559114
-21.559114
-21.559114
-21.559114
-21.559114
-21.559114
-21.559114
-21.559114
-21.559114
-21.559114
-21.559114
-11.848024
-21.559114
-21.559114
-21.559114
-21.559114
-21.559114
-21.559114
-21.559114
-21.559114
-21.559114
-21.559114
-21.559114
-21.559114
-21.559114
-21.559114
-21.559114
-14.102546
-21.559114
-21.559114
-21.559114
-21.559114
-21.559114
-21.559114
-21.559114
-21.559114
-19.900906
-21.559114
-21.559114
-21.559114
-20.885145
-21.559114
-21.559114
-21.559114
-15.329738
-21.559114
-21.559114
-21.559114
-21.559114
-21.559114
-21.559114
-21.559114
-20.891504
-21.559114
-21.559114
-21.559114
-21.374897
-17.602402
-21.559114
-19.001083
-21.559114
-21.559114
-21.559114
-21.559114
-18.912660
-21.559114
-21.559114
-21.559114
-21.559114
-21.559114
-21.559114
-21.559114
-21.559114
-3.536546
-21.559114
-19.936313
-21.559114
-21.559114
-21.559114
-20.823055
-21.559114
-18.860664
-21.559114
-21.559114
-21.559114
-21.559114
-20.206654
-21.559114
-16.721864
-21.559114
-21.559114
-21.559114
-21.559114
-21.559114
-21.559114
-3.189767
-21.559114
-21.559114
-21.559114
-21.559114
-21.559114
-21.559114
-21.559114
-21.559114
-21.559114
-20.608450
-21.559114
-21.559114
-21.559114
-21.559114
-21.559114
-21.559114
-21.559114
-21.559114
-21.559114
-21.559114
-21.559114
-21.559114
-21.559114
-21.559114
-21.559114
-21.559114
-21.559114
-21.283648
-21.559114
-10.480518
-20.971439
-21.559114
-20.823055
-21.559114
-13.763263
-21.559114
-21.559114
-21.559114
-21.559114
-21.559114
-21.559114
-21.559114
-21.559114
-21.559114
-21.559114
-20.266058
-21.559114
-21.559114
-21.559114
-18.588168
-21.559114
-21.559114
-14.992545
-21.559114
-21.559114
-21.559114
-21.559114
-21.559114
-21.559114
-21.559114
-21.559114
-21.559114
-21.559114
-21.559114
-1.691280
-21.090608
-21.559114
-21.559114
-16.925489
-21.559114
-21.559114
-21.559114
-21.559114
-21.559114
-20.577760
-21.559114
-21.559114
-21.559114
-21.559114
-21.559114
-21.559114
-21.559114
-21.559114
-21.559114
-13.187234
-21.559114
-21.559114
-21.559114
-21.559114
-21.106703
-19.701759
-21.559114
-21.559114
-21.559114
-21.559114
-21.559114
-21.559114
-21.559114
-21.559114
-21.559114
-16.535719
-21.559114
-21.559114
-21.559114
-21.559114
-20.922487
-21.559114
-21.559114
-21.559114
-21.559114
-21.559114
-21.559114
-21.559114
-21.559114
-21.559114
-21.559114
-21.559114
-21.559114
-21.559114
-21.559114
-21.559114
-21.559114
-21.559114
-21.559114
-21.559114
-21.559114
-21.559114
-21.559114
-13.518817
-21.559114
-21.559114
-20.475696
-21.559114
-21.559114
-21.559114
-21.559114
-21.559114
-21.559114
-21.559114
-21.132251
-17.191167
-21.559114
-21.559114
-21.559114
-21.559114
-18.976314
-6.469807
-21.559114
-21.559114
-19.306627
-21.559114
-20.823055
-21.559114
-21.559114
-21.559114
-21.559114
-21.374897
-21.559114
-21.559114
-21.003335
-20.608920
-21.314891
-20.579367
-21.559114
-21.559114
-21.559114
-21.559114
-21.559114
-21.559114
-21.559114
-21.559114
-21.559114
-21.559114
-21.559114
-21.559114
-21.559114
-21.559114
-21.559114
-21.559114
-21.559114
-21.559114
-21.559114
-21.559114
-21.559114
-20.449365
-21.559114
-21.559114
-16.437475
-21.559114
-20.823055
-21.559114
-21.559114
-21.559114
-21.559114
-21.559114
-19.713194
-21.559114
-21.559114
-21.559114
-21.559114
-21.559114
-21.559114
-21.559114
-21.559114
-21.559114
-7.172354
-21.559114
-20.191845
-21.559114
-19.993027
-21.559114
-21.559114
-1.738106
-21.559114
-21.559114
-21.559114
-21.559114
-21.559114
-21.281831
-21.559114
-19.767274
-21.559114
-20.433686
-21.559114
-21.559114
-21.559114
-21.559114
-19.195985
-21.559114
-21.559114
-21.559114
-21.559114
-21.348256
-19.472824
-21.559114
-21.559114
-21.559114
-13.420320
-21.559114
-21.559114
-21.559114
-21.559114
-21.559114
-7.539341
-21.559114
-21.559114
-21.559114
-21.559114
-21.559114
-21.559114
-21.559114
-21.559114
-21.559114
-21.559114
-21.559114
-21.559114
-21.559114
-19.544614
-21.559114
-21.559114
-21.559114
-21.559114
-21.559114
-21.559114
-21.559114
-21.559114
-20.823055
-21.559114
-21.559114
-21.559114
-21.559114
-21.559114
-21.559114
-20.676664
-21.559114
-21.559114
-21.559114
-21.559114
-10.468679
-21.559114
-21.559114
-21.559114
-21.559114
-21.559114
-12.648753
-21.559114
-21.559114
-21.559114
-17.623076
-21.559114
-21.559114
-21.559114
-0.717480
-21.559114
-21.559114
-21.559114
-21.559114
-21.559114
-21.559114
-21.559114
-21.559114
-20.212693
-8.025239
-21.559114
-21.559114
-21.559114
-21.559114
-21.559114
-21.559114
-21.286060
-21.559114
-21.559114
-21.559114
-20.663825
-20.823055
-21.559114
-21.559114
-21.559114
-21.559114
-21.559114
-21.559114
-21.559114
-21.559114
-21.559114
-21.559114
-15.231271
-21.559114
-21.559114
-21.559114
-21.559114
-20.823055
-21.559114
-21.559114
-21.559114
-21.559114
-21.559114
-21.559114
-21.559114
-21.559114
-21.559114
-21.559114
-20.823055
-21.559114
-21.559114
-21.559114
-21.559114
-21.559114
-21.559114
-21.559114
-21.559114
-21.559114
-21.559114
-21.559114
-21.559114
3.086989
-12.875455
-21.559114
-21.559114
-21.559114
-21.559114
-21.559114
9.498487
-21.559114
-21.559114
-21.559114
-21.559114
-21.559114
-21.559114
-21.559114
-21.559114
-21.559114
-21.559114
-21.559114
-21.559114
-21.559114
-21.559114
-21.559114
-21.559114
-21.559114
-21.559114
-21.559114
-21.559114
-21.559114
-21.559114
-20.823055
-21.559114
-21.559114
-21.559114
-21.559114
-19.251012
-21.559114
11.913759
-21.559114
-21.559114
-21.559114
-21.559114
-21.559114
-21.559114
-15.334314
-21.559114
-21.559114
-21.559114
-21.559114
-21.559114
-21.559114
-21.559114
-21.559114
-21.559114
-21.559114
-21.559114
-21.286060
-17.343067
-21.559114
-21.559114
-21.559114
-21.559114
-21.559114
-21.035754
-16.547603
-21.559114
-21.559114
-21.559114
-21.559114
-21.559114
-21.559114
-0.827424
-21.559114
-21.559114
-21.559114
-21.559114
-21.559114
-21.559114
-21.559114
-21.559114
-21.559114
-15.819781
-21.559114
-21.559114
-21.559114
-21.559114
-21.559114
-21.559114
-21.559114
-21.559114
-21.559114
-21.559114
-2.723719
-21.559114
-21.559114
-21.559114
-21.559114
-21.559114
-20.424890
-16.723311
-21.559114
-21.559114
-21.559114
-20.735305
-21.559114
-21.559114
-21.559114
-16.987615
-21.559114
-21.559114
-21.559114
-21.559114
-21.559114
-21.559114
-21.559114
-21.559114
-21.559114
-21.559114
-18.311102
-21.559114
-21.559114
-21.559114
-21.559114
-21.559114
-21.559114
-21.559114
-21.559114
-21.559114
-21.559114
-21.559114
-21.559114
-21.559114
-21.559114
-21.559114
-21.559114
-21.559114
-17.548473
-21.559114
-21.559114
-21.559114
-16.754285
-21.559114
-21.559114
-20.891504
-21.559114
11.707191
-21.559114
-21.559114
-21.559114
-21.559114
-21.559114
-18.621173
-0.714546
-21.559114
-21.559114
-21.559114
-21.559114
-21.559114
-21.559114
-21.559114
-21.559114
-19.929953
-21.559114
-21.559114
-19.675773
-21.559114
-21.559114
-21.559114
-21.559114
-21.559114
-21.559114
-21.559114
-21.559114
-5.225257
-21.559114
-21.559114
-21.559114
-21.559114
-21.559114
-21.559114
-21.559114
-21.559114
-21.559114
-21.559114
-21.559114
-21.559114
-21.559114
-21.559114
-21.559114
-21.559114
-21.559114
-20.875921
-8.089283
-20.509328
-21.559114
-19.388824
-21.559114
-21.559114
-21.559114
-21.559114
-21.559114
-21.559114
-21.559114
-12.081924
-21.559114
-21.559114
-14.645471
-18.233846
-21.559114
-21.559114
-21.559114
-21.559114
-21.559114
-21.559114
-21.559114
-21.559114
-21.559114
-21.559114
-21.559114
-21.559114
-21.559114
-21.559114
-21.559114
-21.559114
-7.716560
-21.559114
-21.559114
-21.090608
-21.559114
-21.559114
-21.559114
-21.559114
-21.559114
-21.559114
-21.559114
-21.559114
-20.823055
-21.559114
-21.559114
-21.559114
-21.559114
-21.559114
4.757583
-21.559114
-21.559114
-21.559114
-21.559114
-21.559114
-20.490737
-21.559114
-21.559114
-21.559114
-21.559114
-21.559114
-13.612851
-21.559114
-21.559114
-21.559114
-21.559114
-21.559114
-21.559114
-21.559114
-21.559114
-21.559114
-21.559114
-20.209349
-21.559114
-21.559114
-21.559114
-21.559114
-21.559114
-21.559114
4.992361
-21.559114
-21.559114
-20.823055
-21.135061
-21.559114
-21.559114
-21.559114
-21.559114
-21.314891
-21.559114
-21.559114
-21.559114
-21.559114
-21.559114
-21.559114
-21.559114
-21.559114
-21.559114
-21.559114
-21.559114
-21.559114
-19.702224
-21.559114
-21.559114
-21.559114
-20.823055
-19.541251
-21.559114
-21.559114
-21.559114
-21.559114
-21.559114
-21.559114
-20.028819
-21.559114
-21.559114
-21.559114
-20.823055
-20.543340
-21.559114
-21.559114
-21.559114
-21.559114
-21.318093
-21.104568
-21.559114
-21.559114
-21.559114
-21.559114
-21.559114
-21.559114
-21.559114
-21.559114
-21.559114
-21.559114
-21.559114
-21.559114
5.832515
-21.559114
-21.559114
-21.559114
-21.559114
-21.559114
-21.559114
-21.559114
-21.559114
-21.559114
-21.559114
-21.559114
-21.559114
-21.559114
-21.559114
-21.559114
-21.559114
-21.559114
-21.559114
-21.559114
-21.374897
-21.559114
-21.559114
-21.559114
-21.559114
-21.559114
-4.945667
-21.559114
-21.559114
-21.559114
-21.559114
-21.559114
-21.559114
-21.559114
-21.559114
-21.559114
-21.559114
19.104074
-21.559114
-21.559114
-21.559114
-19.723908
-21.559114
-21.559114
-21.559114
-21.559114
-21.559114
-21.559114
-21.559114
-21.164039
-21.559114
-21.559114
-20.581309
-21.559114
-21.559114
-21.559114
-21.559114
-21.559114
-21.559114
-21.559114
-21.559114
-21.559114
-21.283648
-21.559114
-21.559114
-21.559114
-21.559114
-21.559114
-21.559114
-21.559114
-21.559114
-21.559114
-21.559114
-21.559114
-21.559114
-21.559114
-21.559114
-9.299743
2.144767
-21.559114
-21.559114
-21.559114
-21.559114
-21.559114
-21.559114
-21.559114
-21.559114
-21.559114
-21.559114
-21.559114
-12.068551
-21.559114
-21.559114
-1.332192
-12.023901
-21.559114
-21.559114
-21.559114
-21.559114
-21.559114
-21.559114
-21.559114
-21.559114
-21.559114
-21.559114
-21.559114
-21.559114
-21.559114
-21.559114
-21.559114
-21.559114
-21.559114
-21.347321
-21.559114
-21.559114
-17.610239
-21.559114
-21.559114
-19.863755
-21.559114
-21.559114
-21.559114
-21.559114
-21.559114
-21.559114
-21.559114
-21.559114
-21.559114
-21.559114
-21.559114
-21.559114
-21.559114
-21.559114
-21.559114
-20.238369
-21.559114
-21.559114
-21.559114
-21.559114
-21.559114
-21.559114
-21.559114
-21.559114
-21.559114
-21.559114
-21.559114
5.049455
-21.559114
-21.559114
-21.559114
-21.559114
-19.224470
-21.559114
-21.559114
-20.612238
-21.559114
-21.559114
-21.559114
-20.365784
-21.559114
-21.559114
-21.559114
-21.559114
-18.846786
-21.559114
-21.559114
-21.559114
-21.559114
-20.851678
-21.559114
-21.071925
-7.749117
-21.559114
-21.559114
-21.559114
-21.559114
-18.225085
-21.559114
-21.559114
-21.559114
-21.559114
-21.559114
-21.559114
-21.559114
-21.559114
-21.559114
-21.559114
-21.559114
-21.559114
-20.949624
-21.559114
-21.559114
-21.559114
-21.559114
-20.155663
-21.559114
-20.797078
-21.559114
-21.559114
-21.318093
-21.559114
-21.559114
-21.559114
-21.559114
-21.559114
-21.559114
-21.559114
-21.559114
-21.559114
-20.823055
-20.887625
-21.559114
-21.559114
-21.559114
-21.559114
-1.428527
-21.559114
-21.559114
-19.955272
-21.559114
-21.559114
-21.559114
-21.559114
-21.559114
-21.559114
-21.559114
-21.559114
-21.559114
-21.559114
-21.559114
-21.559114
-21.559114
-21.559114
-21.559114
-21.559114
-21.559114
-18.236819
-21.559114
-21.559114
-21.559114
-21.559114
-21.559114
-20.975363
-21.559114
-21.559114
-21.559114
-21.559114
-21.559114
-21.559114
-21.559114
-21.559114
-21.559114
-21.559114
-21.559114
-21.559114
-21.559114
-21.559114
-20.948752
-21.559114
-21.559114
-21.559114
-21.559114
-21.559114
-21.559114
-21.559114
-21.559114
-21.559114
-21.559114
-21.559114
-21.559114
-21.559114
-21.559114
-21.559114
-20.827711
-21.559114
-21.559114
-11.484595
-21.559114
-21.559114
-21.559114
-21.559114
-21.559114
-21.559114
-10.915980
-16.792366
-21.559114
-21.559114
-21.559114
-21.559114
-20.395722
-21.559114
-21.559114
-21.559114
-21.250829
-21.559114
-21.559114
-21.559114
-11.390266
6.406385
-21.559114
-21.559114
-21.559114
-21.559114
-21.559114
-10.938242
-21.559114
-21.559114
-21.559114
-21.559114
-21.559114
-21.559114
-21.559114
-21.559114
-21.559114
-21.559114
-21.559114
-21.559114
-21.286060
-21.559114
-21.559114
-21.559114
-21.559114
-21.281224
-21.559114
-21.559114
-21.559114
-21.559114
-21.559114
-21.559114
-21.559114
-21.559114
-21.559114
-21.559114
-21.041301
-21.345448
-21.559114
-21.559114
-21.559114
-21.559114
-21.559114
-18.588224
-21.559114
-19.949150
-21.559114
-21.559114
-21.559114
-21.559114
-21.559114
-21.559114
-21.559114
-21.559114
-21.559114
-21.559114
-18.229958
-21.559114
-21.559114
-21.559114
-21.559114
-21.559114
-21.559114
-21.559114
-21.559114
-21.559114
-21.559114
-21.559114
-21.559114
-21.559114
-20.823055
-2.917058
-21.559114
-21.105301
-21.559114
-21.559114
-21.559114
-21.559114
-21.559114
-21.559114
-21.559114
-21.160542
-21.559114
-21.559114
-21.559114
-21.559114
-5.324830
-21.559114
-21.283648
-21.559114
-21.559114
-21.559114
-21.559114
-21.559114
-21.559114
-21.559114
-21.559114
-20.604859
-21.559114
-21.559114
-21.559114
-21.559114
-21.559114
-21.559114
-21.559114
-21.559114
-21.559114
-21.559114
-21.559114
-21.559114
-21.559114
-21.559114
-21.559114
-20.823055
-21.559114
-21.559114
