25194, 16664, 92712, 10879, 93453, 9572, 3379, 16830, 13522, 25283, 10913, 38872, 11591, 89556, 131391, 9025, 38856, 37103, 72238, 17161, 16832, 38653, 96260, 15007, 10540, 13813, 23959, 9323, 29125, 16688, 24024, 10773, 80280, 18171, 11104, 77213, 4070, 38434, 10544, 115702, 10932, 10433, 13769, 9646, 11081, 17475, 10525, 80664, 21294, 10429, 36915, 31093, 10406, 1181, 35706, 38842, 38329, 39409, 36705, 67711, 11132, 25435, 25259, 4706, 38320, 9788, 17204, 18125, 24147, 55017, 120459, 9409, 38528, 16529, 91786, 624, 95906, 17029, 15250, 95941, 131396, 16646, 18181, 16941, 135943, 37020, 18147, 3863, 10564, 17126, 77560, 24973, 3745, 13252, 13700, 80510, 9968, 16702, 16376, 16666, 4262, 96027, 10627, 77704, 8697, 38420, 3529, 62287, 79694, 112953, 10517, 16899, 96264, 32554, 79961, 3874, 95908, 96099, 96020, 11109
Feature count is 120
Criterion1 result is ObjectIndex = 239, Distance = -14.445071034613860548140269183, Value = 0.6995053213472667375034620151
Boundary = -14.392346604886423368945140146
-15.778284
-13.471525
-15.778284
-15.778284
-15.778284
-15.778284
-15.778284
-15.778284
-15.778284
-15.778284
-15.778284
-15.778284
-15.778284
-10.098615
-15.778284
-15.778284
-15.778284
-15.778284
-15.778284
-15.325939
-15.778284
-15.778284
-15.778284
-15.778284
-15.778284
-15.778284
-15.778284
-15.778284
-15.778284
-15.476053
-15.778284
-15.778284
-15.778284
-15.778284
-15.778284
-12.754111
-15.778284
-15.778284
-15.535665
-15.778284
-15.778284
-15.327533
-15.778284
-15.778284
-15.778284
-15.778284
-15.778284
-15.778284
-15.778284
-15.778284
-15.778284
-15.778284
-15.778284
-15.568359
-15.476053
-15.778284
-10.278998
-15.778284
-9.352795
-14.940480
-15.778284
-15.778284
-15.778284
-15.778284
-15.778284
-15.778284
-15.778284
-15.778284
-15.778284
-15.778284
-15.778284
-15.778284
-15.778284
-15.778284
-15.778284
-14.809664
-15.778284
-15.778284
-15.778284
-15.778284
-15.778284
-15.778284
-15.778284
-15.778284
-15.778284
11.073542
-14.852428
-15.778284
-15.778284
-15.778284
-15.778284
-15.778284
-15.778284
-15.778284
-15.778284
-15.778284
-15.537796
-15.778284
-15.778284
-15.778284
-15.778284
-15.778284
-7.864137
-15.778284
-15.778284
-15.778284
-14.230268
-11.263749
-15.778284
-15.778284
-14.818001
-15.778284
-15.778284
-15.778284
-15.778284
-15.507630
-15.778284
-15.778284
-15.778284
-15.778284
-15.778284
-15.778284
-13.625955
-15.778284
-15.778284
-15.357965
-15.778284
-15.778284
-15.778284
-15.778284
-15.778284
-15.778284
-15.778284
-15.778284
-15.537264
-15.778284
-6.528142
-15.778284
-15.778284
-15.778284
-15.778284
-11.665291
-15.092916
-15.778284
-15.778284
-14.636602
-15.778284
-15.778284
-15.408631
-15.778284
-15.778284
-15.778284
-15.778284
-15.778284
-15.778284
-15.778284
-15.778284
-15.778284
-15.049327
-15.778284
-15.778284
-15.778284
-14.958286
-15.778284
-15.778284
-15.778284
-15.778284
-15.018179
-15.778284
-15.778284
-15.778284
-15.778284
-15.778284
-15.778284
-15.778284
-15.778284
-15.778284
-15.778284
-13.897653
-15.778284
-15.778284
-15.778284
-15.778284
-15.778284
-15.778284
-15.778284
-15.778284
-15.778284
-15.778284
-15.778284
-15.778284
-15.778284
-15.778284
-15.778284
-14.876339
-15.778284
-15.778284
-15.778284
-15.778284
-15.778284
-15.778284
-15.778284
-15.778284
-15.778284
-15.778284
-15.778284
-15.778284
-15.778284
-15.778284
-15.778284
-15.778284
-15.778284
-15.778284
-15.537796
-15.778284
-15.778284
-15.778284
-15.778284
-15.778284
-15.778284
-15.778284
-15.778284
-14.767524
-15.778284
-15.393135
-15.564149
-15.778284
-15.778284
-15.778284
-11.378220
-15.778284
-15.778284
-15.778284
-15.535665
-15.778284
-15.778284
-15.778284
-15.778284
-12.720085
-14.445071
-15.778284
-15.476053
-15.778284
-15.570684
-15.778284
-15.778284
-15.778284
-15.778284
-15.778284
-15.778284
-15.778284
-5.945568
-15.778284
-15.778284
-15.778284
-15.778284
-15.778284
-9.685263
-15.778284
-15.778284
-15.778284
-15.778284
-15.778284
-15.778284
-15.778284
-15.778284
-15.778284
-14.339622
-15.778284
-15.778284
-12.902842
-15.778284
-15.778284
-15.778284
-15.778284
-15.778284
-15.434899
-15.778284
-15.778284
-15.778284
-15.778284
-15.778284
-15.778284
-15.778284
-15.778284
-15.778284
-15.778284
-15.507630
-15.778284
-15.778284
-15.778284
-15.778284
-15.778284
-15.778284
6.941954
-15.778284
-15.778284
-15.778284
-15.778284
-15.778284
-15.778284
-15.778284
-15.778284
-15.778284
-15.778284
-15.778284
-15.778284
-15.778284
-15.778284
-15.778284
-15.565556
-15.778284
-15.778284
-15.778284
-15.778284
-15.778284
-0.170287
-5.019705
-15.232365
-15.778284
-15.778284
-15.778284
-15.778284
-15.778284
-15.536731
-15.778284
-15.778284
-15.778284
-15.778284
-15.778284
-15.778284
-15.778284
-15.778284
-15.778284
-15.778284
-14.667459
-15.778284
-15.778284
-15.778284
-15.778284
-11.711916
-15.778284
-15.778284
-15.778284
-15.778284
-15.778284
-15.778284
-15.778284
-15.778284
-15.778284
-15.778284
-15.778284
-15.778284
-15.778284
-15.778284
-15.778284
-15.778284
-15.778284
-15.778284
-15.778284
-15.778284
-15.778284
-15.778284
-15.778284
-15.778284
-15.778284
-15.778284
-15.778284
-15.778284
-15.778284
-15.778284
-15.778284
-15.778284
-15.778284
-15.778284
-15.778284
-15.778284
-15.507630
-1.619141
-15.778284
-15.778284
-15.778284
-14.709786
-15.778284
-15.778284
-15.778284
-15.778284
-15.778284
-15.778284
-14.297318
-15.778284
-15.778284
-15.778284
-15.778284
-15.778284
-15.778284
-15.778284
-15.778284
-15.778284
-15.434899
-15.778284
-15.778284
-15.778284
-15.778284
-15.778284
-15.778284
-15.778284
-15.778284
-15.778284
-8.396018
-15.778284
-15.778284
-15.778284
-15.778284
-15.434899
-15.778284
-15.778284
-15.537264
-15.778284
-15.778284
-15.501608
-15.778284
-15.778284
-15.778284
-15.778284
-15.778284
-15.778284
-15.778284
-15.778284
-15.778284
-15.778284
-15.778284
-15.778284
-15.778284
-15.778284
-15.778284
-15.778284
-15.778284
1.636294
-8.284392
-15.778284
-15.778284
-15.778284
-15.778284
-15.778284
-10.482517
-15.778284
8.090793
-15.778284
-15.778284
-15.778284
-15.778284
-15.778284
-15.778284
-15.778284
-15.778284
-14.104403
-15.778284
-15.778284
-7.555820
-15.778284
-15.778284
-15.325192
-15.778284
-9.292573
-15.778284
-15.778284
-15.778284
-15.778284
-15.778284
-15.778284
-15.778284
-15.778284
-15.778284
-15.502213
-15.778284
-15.778284
-15.778284
-15.778284
-11.780325
-14.484992
-15.778284
-15.778284
-15.778284
-15.778284
-15.778284
-14.883922
-15.778284
-15.778284
-15.778284
-15.778284
-15.778284
-15.778284
-15.778284
-15.778284
-15.077653
-13.343145
-11.658338
-15.778284
-15.778284
-15.778284
-15.778284
-15.778284
-15.778284
-15.778284
-15.778284
-15.778284
-15.778284
-15.778284
-13.210112
-13.745073
-15.778284
-15.778284
-15.778284
-15.778284
-13.502997
-15.778284
-15.778284
-15.778284
-15.778284
-15.778284
-15.778284
-15.270747
-15.778284
-15.778284
-15.778284
-15.778284
-15.778284
-15.778284
-15.778284
-15.778284
-15.778284
-15.778284
-15.778284
-15.778284
-15.778284
-15.778284
-15.778284
-15.778284
-15.778284
-15.778284
-15.778284
-15.778284
-15.778284
-15.778284
-15.778284
-14.880188
-15.778284
-15.778284
-15.778284
-15.778284
-15.231830
-13.561401
-15.778284
-15.778284
-15.778284
-15.778284
-15.778284
-15.778284
-13.830787
-15.778284
-15.778284
-15.256778
-15.778284
-15.778284
-15.778284
-12.513088
8.962280
-15.778284
-15.778284
-15.778284
-15.778284
-15.778284
-15.778284
-15.778284
-9.175460
-15.778284
-15.778284
-15.778284
-15.778284
2.259339
-15.778284
-15.778284
-15.778284
-15.778284
-15.268453
-15.778284
-13.670154
-15.778284
-2.877289
-15.778284
-15.778284
-15.778284
-15.476053
-15.778284
-15.778284
-13.052971
-15.778284
-15.778284
-15.778284
-15.778284
-15.778284
-15.778284
-15.778284
-15.570684
-15.778284
-15.778284
-15.778284
-15.323598
-15.778284
-15.778284
-15.778284
-15.778284
-15.778284
-15.778284
-0.194335
-15.778284
-15.778284
-15.778284
-15.778284
-15.778284
-15.778284
-15.778284
-15.778284
-15.778284
-15.778284
-13.552406
-15.051005
-15.778284
-15.778284
-15.778284
-15.778284
-15.778284
-15.778284
-15.778284
-15.778284
-15.501608
-15.778284
-15.434899
-15.778284
-15.778284
-15.778284
-15.778284
-15.778284
-7.613021
-15.778284
-15.778284
-15.778284
-15.778284
-15.778284
-15.778284
-11.872783
-15.778284
-15.778284
-15.778284
-15.778284
-15.778284
-15.778284
-15.778284
-15.778284
-15.778284
-15.778284
-15.778284
-15.778284
-15.778284
-15.778284
-15.778284
-15.778284
-15.778284
-15.778284
-15.778284
-15.778284
-15.778284
-15.778284
-15.778284
-15.778284
1.312811
-15.778284
-15.778284
-15.778284
-15.778284
-15.778284
-15.778284
-15.778284
-15.778284
-15.778284
-15.778284
-15.778284
-15.778284
-15.778284
-15.778284
-15.778284
-15.778284
-15.778284
-15.536731
-15.778284
-15.778284
-15.778284
-15.778284
-15.778284
-15.355210
-15.778284
-15.778284
-15.778284
-15.778284
-15.778284
-11.314736
-15.778284
-15.778284
-15.778284
-15.778284
-15.778284
-15.778284
-15.778284
-15.778284
-15.778284
-15.778284
-15.778284
-15.778284
-15.778284
-15.778284
-15.778284
-15.778284
-15.778284
-15.778284
-15.778284
-15.778284
-9.578389
-15.778284
-15.778284
-15.778284
-15.778284
-15.778284
-15.778284
-15.778284
-15.778284
-15.778284
-15.778284
-15.778284
-15.778284
-15.778284
-15.778284
-15.778284
-11.174198
-15.778284
-15.778284
-15.778284
-15.778284
-15.778284
-15.778284
-15.778284
-15.778284
-14.938497
-15.778284
-15.778284
-15.778284
-15.351890
-15.778284
-15.778284
-15.778284
-9.924118
-15.778284
-15.778284
-15.778284
-15.778284
-15.778284
-15.778284
-15.778284
-14.624410
-15.778284
-15.778284
-15.778284
-15.355210
-13.240480
-15.778284
-14.672597
-15.778284
-15.778284
-15.570684
-15.778284
-12.618621
-15.778284
-15.778284
-15.778284
-15.778284
-15.778284
-15.778284
-15.778284
-15.778284
0.741415
-15.778284
-14.809524
-15.778284
-15.778284
-15.778284
-15.778284
-15.778284
-14.007313
-15.778284
-15.778284
-15.778284
-15.778284
-14.979656
-15.778284
-13.004965
-15.778284
-15.778284
-15.778284
-15.778284
-15.778284
-15.778284
-1.103390
-15.778284
-15.778284
-15.778284
-15.778284
-15.778284
-15.778284
-15.778284
-15.778284
-15.778284
-15.316985
-15.778284
-15.778284
-15.778284
-15.778284
-15.778284
-15.778284
-15.778284
-15.778284
-15.778284
-15.778284
-15.778284
-15.778284
-15.778284
-15.778284
-15.778284
-15.778284
-15.778284
-15.538858
-15.778284
-7.451675
-15.507630
-15.778284
-14.846928
-15.778284
-8.428722
-15.778284
-15.778284
-15.778284
-15.778284
-15.778284
-15.778284
-15.778284
-15.778284
-15.778284
-15.778284
-14.862105
-15.778284
-15.778284
-15.778284
-12.904538
-15.778284
-15.778284
-10.826341
-15.778284
-15.778284
-15.778284
-15.778284
-15.537796
-15.778284
-15.778284
-15.778284
-15.778284
-15.778284
-15.778284
0.586704
-15.569290
-15.778284
-15.778284
-9.600885
-15.778284
-15.778284
-15.778284
-15.778284
-15.778284
-15.778284
-15.778284
-15.778284
-15.778284
-15.778284
-15.778284
-15.778284
-15.778284
-15.778284
-15.778284
-10.113593
-15.778284
-15.778284
-15.778284
-15.778284
-15.537264
-14.879719
-15.778284
-15.778284
-15.778284
-15.778284
-15.778284
-15.778284
-15.778284
-15.778284
-15.778284
-12.293132
-15.778284
-15.778284
-15.778284
-15.778284
-15.085451
-15.778284
-15.778284
-15.778284
-15.778284
-15.393135
-15.778284
-15.778284
-15.778284
-15.778284
-15.778284
-15.778284
-15.778284
-15.778284
-15.778284
-15.778284
-15.778284
-15.778284
-15.778284
-15.778284
-15.778284
-15.778284
-15.778284
-5.829956
-15.778284
-15.778284
-14.735823
-15.778284
-15.778284
-15.778284
-15.778284
-15.778284
-15.778284
-15.778284
-15.328932
-13.390706
-15.778284
-15.778284
-15.778284
-15.778284
-14.671667
-7.485068
-15.778284
-15.778284
-15.092916
-15.778284
-15.569290
-15.778284
-15.778284
-15.778284
-15.778284
-15.476053
-15.778284
-15.778284
-15.778284
-15.468644
-15.468644
-15.318799
-15.778284
-15.778284
-15.778284
-15.778284
-15.778284
-15.778284
-15.778284
-15.778284
-15.271853
-15.778284
-15.778284
-15.778284
-15.778284
-15.778284
-15.778284
-15.778284
-15.778284
-15.778284
-15.778284
-15.778284
-15.778284
-15.566959
-15.778284
-15.778284
-12.139502
-15.778284
-15.778284
-15.778284
-15.778284
-15.778284
-15.778284
-15.778284
-15.215934
-15.778284
-15.778284
-15.778284
-15.778284
-15.778284
-15.778284
-15.778284
-15.778284
-15.778284
-4.919088
-15.778284
-14.996388
-15.778284
-12.737642
-15.778284
-15.778284
0.607443
-15.778284
-15.778284
-15.778284
-15.778284
-15.778284
-15.538858
-15.778284
-14.977660
-15.778284
-15.357487
-15.778284
-15.778284
-15.778284
-15.778284
-15.218275
-15.778284
-15.778284
-15.778284
-15.778284
-15.778284
-13.311314
-15.778284
-15.778284
-15.778284
-12.122130
-15.778284
-15.778284
-15.778284
-15.778284
-15.778284
0.012702
-15.778284
-15.778284
-15.778284
-15.778284
-15.778284
-15.778284
-15.778284
-15.778284
-15.778284
-15.778284
-15.778284
-15.778284
-15.778284
-14.816845
-15.778284
-15.778284
-15.778284
-15.778284
-15.778284
-15.778284
-15.778284
-15.778284
-15.778284
-15.778284
-15.778284
-15.778284
-15.778284
-15.778284
-15.778284
-15.537264
-15.778284
-15.778284
-15.778284
-15.778284
-8.889729
-15.778284
-15.778284
-15.778284
-15.778284
-15.778284
-10.418985
-15.778284
-15.778284
-15.778284
-12.578738
-15.778284
-15.778284
-15.778284
2.927946
-15.778284
-15.778284
-15.778284
-15.778284
-15.778284
-15.778284
-15.778284
-15.778284
-15.287942
-5.968418
-15.778284
-15.778284
-15.778284
-15.778284
-15.778284
-15.778284
-15.434899
-15.778284
-15.778284
-15.778284
-15.778284
-15.778284
-15.778284
-15.778284
-15.778284
-15.778284
-15.778284
-15.778284
-15.778284
-15.778284
-15.778284
-15.778284
-13.880401
-15.778284
-15.778284
-15.778284
-15.778284
-15.778284
-15.778284
-15.778284
-15.778284
-15.778284
-15.778284
-15.778284
-15.778284
-15.778284
-15.778284
-15.778284
-15.778284
-15.778284
-15.778284
-15.778284
-15.778284
-15.778284
-15.778284
-15.778284
-15.778284
-15.778284
-15.778284
-15.778284
-15.778284
2.167286
-12.237108
-15.778284
-15.778284
-15.778284
-15.778284
-15.778284
6.666218
-15.778284
-15.778284
-15.778284
-15.778284
-15.778284
-15.778284
-15.778284
-15.778284
-15.778284
-15.778284
-15.778284
-15.778284
-15.778284
-15.778284
-15.778284
-15.778284
-15.778284
-15.778284
-15.476053
-15.778284
-15.778284
-15.778284
-15.501608
-15.778284
-15.778284
-15.778284
-15.778284
-13.118083
-15.778284
6.648649
-15.778284
-15.778284
-15.092916
-15.778284
-15.778284
-15.778284
-10.125355
-15.778284
-15.778284
-15.778284
-15.778284
-15.778284
-15.778284
-15.778284
-15.778284
-15.778284
-15.778284
-15.778284
-15.476053
-13.648198
-15.778284
-15.778284
-15.778284
-15.778284
-15.778284
-15.349308
-14.179692
-15.778284
-15.778284
-15.778284
-15.778284
-15.778284
-15.778284
4.692844
-15.778284
-15.778284
-15.778284
-15.778284
-15.778284
-15.778284
-15.778284
-15.778284
-15.778284
-11.138313
-15.778284
-15.778284
-15.778284
-15.778284
-15.778284
-15.778284
-15.778284
-15.778284
-15.778284
-15.778284
-0.966678
-15.778284
-15.778284
-15.778284
-15.778284
-15.778284
-15.537796
-11.906715
-15.778284
-15.778284
-15.778284
-15.297307
-15.778284
-15.778284
-15.778284
-11.826151
-15.778284
-15.778284
-15.778284
-15.778284
-15.778284
-15.778284
-15.778284
-15.778284
-15.778284
-15.778284
-14.118870
-15.778284
-15.778284
-15.778284
-15.778284
-15.778284
-15.778284
-15.778284
-15.778284
-15.778284
-15.778284
-15.778284
-15.778284
-15.778284
-15.778284
-15.778284
-15.778284
-15.778284
-10.381022
-15.778284
-15.778284
-15.778284
-12.583121
-15.778284
-15.778284
-14.880188
-15.778284
11.236800
-15.778284
-15.778284
-15.778284
-15.778284
-15.507630
-14.447064
1.407642
-15.778284
-15.778284
-15.778284
-15.778284
-15.778284
-15.778284
-15.778284
-15.778284
-13.507993
-15.778284
-15.778284
-14.214802
-15.778284
-15.778284
-15.778284
-15.778284
-15.778284
-15.778284
-15.778284
-15.778284
-2.479362
-15.778284
-15.778284
-15.778284
-15.778284
-15.778284
-15.778284
-15.778284
-15.778284
-15.778284
-15.778284
-15.778284
-15.778284
-15.778284
-15.778284
-15.778284
-15.778284
-15.778284
-15.353359
-7.108616
-15.349438
-15.778284
-14.041454
-15.778284
-15.778284
-15.778284
-15.778284
-15.778284
-15.778284
-15.778284
-6.349217
-15.778284
-15.778284
-11.894778
-13.966133
-15.778284
-15.778284
-15.778284
-15.778284
-15.778284
-15.778284
-15.778284
-15.778284
-15.507630
-15.434899
-15.778284
-15.778284
-15.778284
-15.778284
-15.778284
-15.778284
-1.214575
-15.778284
-15.778284
-15.328270
-15.778284
-15.778284
-15.778284
-15.778284
-15.778284
-15.778284
-15.778284
-15.778284
-15.778284
-15.778284
-15.778284
-15.778284
-15.778284
-15.778284
-0.353011
-15.778284
-15.778284
-15.778284
-15.778284
-15.778284
-15.080318
-15.778284
-15.778284
-15.778284
-15.778284
-15.778284
-11.077569
-15.778284
-15.476053
-15.778284
-15.778284
-15.778284
-15.778284
-15.778284
-15.778284
-15.778284
-15.778284
-14.838335
-15.778284
-15.778284
-15.778284
-15.778284
-15.778284
-15.778284
8.771840
-15.778284
-15.778284
-15.778284
-15.778284
-15.778284
-15.778284
-15.570684
-15.778284
-15.468644
-15.778284
-15.778284
-15.778284
-15.778284
-15.778284
-15.778284
-15.778284
-15.778284
-15.778284
-15.476053
-15.778284
-15.778284
-14.561530
-15.778284
-15.570684
-15.778284
-14.602437
-14.289942
-15.778284
-15.778284
-15.778284
-15.778284
-15.778284
-15.778284
-14.200767
-15.778284
-15.778284
-15.778284
-15.778284
-15.535665
-15.778284
-15.778284
-15.778284
-15.778284
-15.778284
-15.507630
-15.778284
-15.778284
-15.778284
-15.778284
-15.778284
-15.778284
-15.778284
-15.778284
-15.778284
-15.778284
-15.778284
-15.778284
1.014276
-15.778284
-15.778284
-15.778284
-15.778284
-15.778284
-15.778284
-15.778284
-15.778284
-15.778284
-15.778284
-15.778284
-15.778284
-15.778284
-15.778284
-15.778284
-15.778284
-15.778284
-15.778284
-15.778284
-15.778284
-15.778284
-15.778284
-15.778284
-15.778284
-15.778284
-1.941742
-15.778284
-15.778284
-15.778284
-15.778284
-15.778284
-15.778284
-15.778284
-15.778284
-15.778284
-15.778284
12.734210
-15.778284
-15.778284
-15.778284
-11.665790
-15.778284
-15.778284
-15.778284
-15.778284
-15.778284
-15.778284
-15.778284
-15.296775
-15.778284
-15.778284
-15.327870
-15.778284
-15.778284
-15.778284
-15.778284
-15.778284
-15.778284
-15.778284
-15.778284
-15.778284
-15.538858
-15.778284
-15.778284
-15.778284
-15.778284
-15.778284
-15.778284
-15.778284
-15.778284
-15.778284
-15.778284
-15.778284
-15.778284
-15.778284
-15.778284
-3.266956
2.700262
-15.778284
-15.778284
-15.778284
-15.778284
-15.778284
-15.778284
-15.778284
-15.778284
-15.778284
-15.778284
-15.778284
-6.583768
-15.778284
-15.778284
1.133526
-9.840948
-15.778284
-15.778284
-15.778284
-15.778284
-15.778284
-15.778284
-15.778284
-15.778284
-15.778284
-15.778284
-15.778284
-15.778284
-15.778284
-15.778284
-15.778284
-15.778284
-15.778284
-15.778284
-15.778284
-15.778284
-11.121208
-15.778284
-15.778284
-14.978849
-15.778284
-15.778284
-15.778284
-15.778284
-15.778284
-15.778284
-15.778284
-15.778284
-15.778284
-15.778284
-15.778284
-15.778284
-15.778284
-15.778284
-15.778284
-14.613269
-15.778284
-15.778284
-15.778284
-15.778284
-15.778284
-15.778284
-15.778284
-15.570684
-15.778284
-15.778284
-15.778284
5.626635
-15.778284
-15.778284
-15.778284
-15.778284
-13.006319
-15.778284
-15.778284
-15.072632
-15.778284
-15.778284
-15.778284
-14.113439
-15.778284
-15.778284
-15.778284
-15.778284
-14.110266
-15.778284
-15.778284
-15.778284
-15.778284
-15.055285
-15.778284
-14.451523
-0.467326
-15.778284
-15.778284
-15.778284
-15.778284
-14.236928
-15.778284
-15.778284
-15.778284
-15.778284
-15.778284
-15.778284
-15.778284
-15.778284
-15.778284
-15.778284
-15.778284
-15.778284
-14.585379
-15.778284
-15.778284
-15.778284
-15.778284
-15.321530
-15.778284
-14.220347
-15.778284
-15.778284
-15.536731
-15.778284
-15.778284
-15.778284
-15.778284
-15.778284
-15.778284
-15.778284
-15.778284
-15.778284
-15.564618
-15.295711
-15.778284
-15.778284
-15.778284
-15.778284
3.225050
-15.778284
-15.778284
-15.258989
-15.778284
-15.778284
-15.778284
-15.778284
-15.778284
-15.778284
-15.778284
-15.778284
-15.778284
-15.778284
-15.778284
-15.778284
-15.778284
-15.778284
-15.778284
-15.778284
-15.778284
-13.610680
-15.778284
-15.778284
-15.778284
-15.778284
-15.778284
-15.327533
-15.778284
-15.778284
-15.778284
-15.778284
-15.778284
-15.778284
-15.778284
-15.778284
-15.778284
-15.778284
-15.778284
-15.778284
-15.778284
-15.778284
-15.476053
-15.778284
-15.778284
-15.778284
-15.778284
-15.778284
-15.778284
-15.778284
-15.778284
-15.778284
-15.778284
-15.778284
-15.778284
-15.778284
-15.778284
-15.778284
-15.778284
-15.778284
-15.778284
-9.773033
-15.778284
-15.778284
-15.778284
-15.778284
-15.778284
-15.778284
-7.923121
-12.643713
-15.778284
-15.778284
-15.778284
-15.778284
-13.124542
-15.778284
-15.778284
-15.778284
-15.046728
-15.778284
-15.778284
-15.778284
-7.435698
3.254047
-15.778284
-15.778284
-15.778284
-15.778284
-15.778284
-6.457416
-15.778284
-15.778284
-15.778284
-15.778284
-15.778284
-15.778284
-15.778284
-15.778284
-15.778284
-15.778284
-15.778284
-15.778284
-15.476053
-15.778284
-15.778284
-15.778284
-15.778284
-14.896474
-15.778284
-15.778284
-15.778284
-15.778284
-15.778284
-15.778284
-15.778284
-15.778284
-15.778284
-15.778284
-14.783745
-15.428838
-15.778284
-15.778284
-15.778284
-15.778284
-15.778284
-10.383781
-15.778284
-13.748034
-15.778284
-15.778284
-15.778284
-15.778284
-15.778284
-15.778284
-15.778284
-15.778284
-15.778284
-15.778284
-11.932156
-15.778284
-15.778284
-15.778284
-15.778284
-15.778284
-15.778284
-15.778284
-15.778284
-15.778284
-15.778284
-15.778284
-15.778284
-15.778284
-15.778284
-0.690775
-15.778284
-14.784148
-15.778284
-15.778284
-15.778284
-15.778284
-15.778284
-15.778284
-15.778284
-15.778284
-15.778284
-15.778284
-15.778284
-15.778284
-6.921850
-15.778284
-15.327533
-15.778284
-15.778284
-15.778284
-15.778284
-15.778284
-15.778284
-15.778284
-15.778284
-13.758155
-15.778284
-15.778284
-15.778284
-15.778284
-15.778284
-15.778284
-15.778284
-15.778284
-15.778284
-15.778284
-15.778284
-15.778284
-15.778284
-15.778284
-15.778284
-15.778284
-15.778284
-15.778284
