80550, 13509, 17270, 31733, 9698, 90385, 16409, 38668, 16577, 91858, 36860, 38863, 16956, 38627, 20666, 38644, 37109, 16939, 67033, 26234, 9708, 16323, 17167, 38846, 24172, 17225, 77325, 17884, 13257, 16329, 79770, 9227, 96096, 3035, 29280, 65744, 16993, 130556, 24176, 17297, 17396, 32369, 20715, 17455, 3533, 38301, 10965, 3210, 100662, 86855, 10769, 66674, 18166, 20807, 36740, 55410, 21102, 13966, 16670, 13793, 37214, 13617, 9058, 38275, 20740, 39394, 78383, 77262, 16371, 10625, 36827, 3020, 38992, 16866, 79501, 21139, 72009, 79740, 8278, 123951, 3499, 67586, 23985, 96442, 26202, 18383, 37112, 9674, 23977, 17157, 17017, 1016, 16612, 25289, 16977, 77234, 77795, 37189, 10499, 3118, 62439, 13404, 3559, 3375, 3581, 3726, 16604, 129343, 55227, 78706, 9341, 20897, 38357, 13075, 3397, 17449
Feature count is 116
Criterion1 result is ObjectIndex = 627, Distance = -12.695165828396285526445930668, Value = 0.6996826005917936949687756283
Boundary = -12.694784855098243629700377552
-16.530595
-13.797335
-16.530595
-16.530595
-16.530595
-16.530595
-16.530595
-16.530595
-16.530595
-16.530595
-16.530595
-16.530595
-16.530595
-11.132387
-16.530595
-16.530595
-16.530595
-16.530595
-16.530595
-14.685027
-16.530595
-16.530595
-16.530595
-16.530595
-16.530595
-16.530595
-16.530595
-16.530595
-16.530595
-16.293286
-16.530595
-16.530595
-16.530595
-16.190214
-16.530595
-13.255679
-16.530595
-16.530595
-16.322530
-16.530595
-16.530595
-15.683831
-16.530595
-16.530595
-16.530595
-16.530595
-16.530595
-16.530595
-16.530595
-16.530595
-16.530595
-16.530595
-16.530595
-16.530595
-15.786906
-16.530595
-6.493371
-16.530595
-4.545239
-15.870078
-16.530595
-16.530595
-16.530595
-16.530595
-16.530595
-16.530595
-16.530595
-16.530595
-16.530595
-16.530595
-16.530595
-16.530595
-16.530595
-16.530595
-16.530595
-14.004272
-16.530595
-16.530595
-16.530595
-16.530595
-16.530595
-16.530595
-16.530595
-16.530595
-16.530595
12.829577
-15.293807
-16.530595
-16.530595
-16.530595
-16.530595
-16.530595
-16.530595
-16.530595
-16.530595
-16.530595
-16.292758
-16.530595
-16.530595
-16.530595
-16.530595
-16.530595
-8.457899
-16.013478
-16.530595
-16.530595
-15.389771
-10.466789
-16.530595
-16.530595
-14.872486
-16.530595
-16.530595
-16.530595
-16.322530
-16.530595
-16.530595
-16.530595
-16.530595
-16.530595
-16.530595
-16.530595
-15.326312
-16.530595
-16.530595
-15.872584
-16.530595
-16.530595
-16.530595
-16.530595
-16.530595
-16.530595
-16.530595
-16.530595
-16.530595
-16.530595
-6.560263
-16.530595
-16.530595
-16.226354
-16.530595
-12.523177
-15.839253
-16.530595
-16.530595
-13.238808
-16.530595
-16.530595
-16.319737
-16.530595
-16.530595
-16.530595
-16.530595
-16.530595
-16.530595
-16.530595
-16.530595
-16.530595
-14.575500
-16.530595
-16.530595
-16.530595
-15.777214
-16.530595
-16.530595
-16.530595
-16.530595
-14.203378
-16.530595
-16.530595
-16.084011
-16.530595
-16.530595
-16.530595
-16.530595
-16.530595
-16.530595
-16.530595
-14.534103
-16.530595
-16.530595
-16.530595
-16.530595
-16.530595
-16.530595
-16.530595
-16.530595
-16.530595
-16.530595
-16.530595
-16.530595
-16.530595
-16.530595
-16.530595
-14.562805
-16.530595
-16.530595
-16.530595
-16.530595
-16.530595
-16.530595
-16.530595
-16.530595
-16.530595
-16.530595
-16.530595
-16.530595
-16.530595
-16.530595
-16.530595
-16.530595
-16.530595
-16.530595
-16.322530
-16.530595
-16.530595
-16.530595
-16.530595
-16.530595
-16.530595
-16.530595
-16.530595
-14.236516
-16.530595
-15.939546
-16.530595
-16.530595
-16.530595
-16.530595
-12.341303
-16.530595
-16.530595
-16.530595
-14.771665
-16.530595
-16.530595
-16.530595
-16.530595
-14.624618
-15.126366
-16.530595
-16.022633
-16.530595
-16.530595
-16.530595
-16.530595
-16.530595
-16.530595
-16.530595
-16.530595
-16.530595
-4.732049
-16.530595
-16.530595
-16.530595
-16.530595
-16.530595
-9.666722
-16.530595
-16.530595
-16.530595
-16.530595
-16.530595
-16.530595
-16.530595
-16.530595
-16.530595
-14.452936
-16.530595
-16.530595
-12.184198
-16.530595
-16.530595
-16.530595
-16.530595
-16.530595
-14.090059
-16.530595
-16.530595
-16.530595
-16.530595
-16.530595
-16.530595
-16.530595
-16.530595
-16.530595
-16.530595
-15.839253
-15.939546
-16.530595
-16.530595
-16.530595
-16.530595
-16.530595
6.659114
-16.530595
-16.530595
-16.530595
-16.530595
-16.530595
-16.530595
-16.530595
-16.530595
-16.530595
-16.530595
-16.530595
-16.530595
-16.530595
-16.530595
-16.322530
-15.939546
-16.530595
-16.530595
-16.530595
-16.262330
-16.530595
1.662253
-6.091181
-15.602032
-16.530595
-16.530595
-16.530595
-16.530595
-16.530595
-15.839253
-16.530595
-16.530595
-16.530595
-16.530595
-16.530595
-16.530595
-16.530595
-16.530595
-16.530595
-16.530595
-14.982019
-16.530595
-16.530595
-16.530595
-16.530595
-9.830563
-16.530595
-16.530595
-16.530595
-16.530595
-16.530595
-16.530595
-16.530595
-16.530595
-16.530595
-16.530595
-16.530595
-16.530595
-16.530595
-16.530595
-16.530595
-16.530595
-16.530595
-16.530595
-16.530595
-16.530595
-16.530595
-16.530595
-16.530595
-16.530595
-16.185701
-15.917908
-16.530595
-16.530595
-16.530595
-16.530595
-16.530595
-16.530595
-16.530595
-16.530595
-16.530595
-16.530595
-16.530595
-0.143436
-16.530595
-16.530595
-16.530595
-16.048149
-16.530595
-16.530595
-16.530595
-16.530595
-16.530595
-16.530595
-14.782760
-16.530595
-16.530595
-16.530595
-16.530595
-16.530595
-16.530595
-16.530595
-16.530595
-16.530595
-15.743093
-16.530595
-16.530595
-16.530595
-16.530595
-16.530595
-16.530595
-16.530595
-16.530595
-16.530595
-4.752480
-16.190962
-16.530595
-16.530595
-16.530595
-16.293286
-16.530595
-15.707989
-16.057560
-16.530595
-16.530595
-15.948661
-16.530595
-16.530595
-16.530595
-16.530595
-16.530595
-16.530595
-16.530595
-16.530595
-16.530595
-16.530595
-16.530595
-16.530595
-16.530595
-16.530595
-16.530595
-16.530595
-16.530595
3.808599
-9.970824
-16.530595
-16.530595
-16.530595
-16.530595
-16.530595
-8.795059
-16.530595
7.116575
-16.530595
-16.530595
-16.530595
-16.530595
-16.530595
-16.530595
-16.530595
-16.530595
-14.869755
-16.530595
-16.530595
-3.348366
-16.530595
-16.530595
-15.387907
-16.530595
-8.645198
-16.530595
-16.530595
-16.530595
-16.530595
-16.530595
-16.530595
-16.530595
-16.530595
-16.530595
-15.915352
-16.530595
-16.530595
-16.530595
-16.530595
-11.326232
-13.015388
-16.530595
-16.530595
-16.530595
-16.530595
-16.530595
-15.533481
-16.530595
-16.530595
-16.530595
-16.530595
-16.530595
-16.530595
-16.530595
-16.530595
-14.502405
-13.429308
-11.526988
-16.530595
-16.530595
-16.530595
-16.530595
-16.530595
-16.530595
-16.530595
-16.530595
-16.530595
-16.530595
-16.530595
-10.316191
-15.174704
-16.530595
-16.530595
-15.839253
-16.530595
-13.793468
-16.530595
-15.839253
-16.530595
-16.530595
-16.530595
-16.530595
-15.983050
-16.530595
-16.530595
-16.530595
-16.530595
-16.530595
-16.530595
-16.530595
-16.530595
-16.530595
-16.530595
-16.530595
-16.530595
-16.530595
-16.530595
-16.530595
-16.530595
-16.530595
-16.530595
-16.530595
-16.530595
-16.107521
-16.530595
-16.530595
-15.150601
-16.530595
-15.566800
-16.530595
-16.530595
-15.442317
-11.907579
-15.839253
-16.530595
-16.530595
-16.530595
-16.530595
-16.530595
-13.243980
-16.530595
-16.530595
-16.258743
-16.530595
-16.530595
-16.530595
-10.112886
9.015436
-16.530595
-16.530595
-16.530595
-16.530595
-16.530595
-16.530595
-16.530595
-8.388334
-16.530595
-16.530595
-16.530595
-16.530595
3.028334
-16.530595
-16.530595
-16.530595
-16.530595
-15.493026
-16.530595
-14.428440
-16.530595
-3.070665
-16.530595
-16.530595
-16.530595
-16.294869
-16.290638
-16.530595
-12.318642
-16.530595
-15.839253
-16.530595
-16.530595
-16.530595
-16.530595
-16.530595
-16.319737
-16.190962
-16.530595
-16.530595
-16.190962
-16.530595
-16.530595
-16.530595
-16.530595
-16.530595
-16.530595
0.622293
-16.530595
-16.530595
-16.530595
-16.530595
-16.530595
-16.530595
-16.530595
-16.530595
-16.530595
-16.530595
-13.706665
-12.695166
-16.530595
-16.530595
-16.530595
-16.530595
-16.530595
-16.530595
-16.530595
-16.530595
-15.738865
-16.530595
-15.682182
-16.530595
-16.530595
-16.530595
-16.530595
-16.530595
-8.277878
-16.530595
-16.530595
-16.530595
-16.530595
-16.530595
-16.530595
-10.284817
-16.262330
-16.530595
-16.530595
-16.530595
-16.530595
-16.530595
-16.530595
-16.530595
-16.530595
-16.530595
-16.530595
-16.530595
-16.530595
-16.530595
-16.530595
-16.530595
-16.530595
-16.530595
-16.530595
-16.530595
-16.530595
-16.530595
-16.530595
-16.530595
5.429425
-16.530595
-16.256336
-16.190962
-16.530595
-16.530595
-16.530595
-16.530595
-16.530595
-16.530595
-16.530595
-16.530595
-16.530595
-16.530595
-16.530595
-16.530595
-16.530595
-16.530595
-15.535012
-16.530595
-16.530595
-16.530595
-16.530595
-16.530595
-15.037898
-16.530595
-16.530595
-16.530595
-16.530595
-16.530595
-11.273076
-16.530595
-16.530595
-16.530595
-16.530595
-16.530595
-16.530595
-16.530595
-16.530595
-16.530595
-16.530595
-16.530595
-16.530595
-16.530595
-16.530595
-16.530595
-16.530595
-16.530595
-16.530595
-16.530595
-16.530595
-10.462389
-16.530595
-16.530595
-16.530595
-16.530595
-16.530595
-16.530595
-16.530595
-16.530595
-16.530595
-16.530595
-16.530595
-16.530595
-16.530595
-16.530595
-16.530595
-11.757063
-16.530595
-16.530595
-16.530595
-16.530595
-16.530595
-16.530595
-16.530595
-16.530595
-16.077651
-16.530595
-16.530595
-16.530595
-14.783439
-16.530595
-16.530595
-16.530595
-7.042280
-16.530595
-16.530595
-16.530595
-16.530595
-16.530595
-16.530595
-16.530595
-15.676791
-16.530595
-16.530595
-16.530595
-16.530595
-13.391047
-16.530595
-13.699285
-16.530595
-16.530595
-16.530595
-16.530595
-12.349321
-16.530595
-16.530595
-16.530595
-16.530595
-16.530595
-16.530595
-16.530595
-16.530595
2.802306
-16.530595
-16.046817
-16.530595
-16.530595
-16.530595
-16.530595
-16.530595
-12.099388
-16.530595
-16.530595
-16.530595
-16.530595
-15.915496
-16.530595
-10.986048
-16.530595
-16.530595
-16.530595
-16.530595
-16.530595
-16.530595
-0.005307
-16.530595
-16.530595
-16.530595
-16.530595
-16.530595
-16.530595
-16.530595
-16.530595
-16.530595
-15.250725
-16.530595
-16.530595
-16.530595
-16.530595
-16.530595
-16.530595
-16.530595
-16.530595
-16.530595
-16.530595
-16.530595
-16.530595
-16.530595
-16.530595
-16.530595
-16.530595
-16.530595
-15.232331
-16.530595
-7.428658
-15.773357
-16.530595
-14.992473
-16.530595
-5.472191
-16.530595
-16.530595
-16.530595
-16.530595
-16.530595
-16.530595
-16.530595
-16.530595
-16.530595
-16.530595
-14.722746
-16.530595
-16.530595
-16.530595
-13.040163
-16.530595
-16.530595
-11.526511
-16.530595
-16.530595
-16.530595
-16.530595
-16.530595
-16.530595
-16.530595
-16.530595
-16.530595
-16.530595
-16.530595
5.529319
-15.630724
-16.530595
-16.530595
-9.607012
-16.530595
-16.530595
-16.530595
-16.530595
-16.530595
-15.951809
-16.530595
-16.530595
-16.530595
-16.530595
-16.530595
-16.530595
-16.530595
-16.530595
-16.262330
-8.460360
-16.530595
-16.530595
-16.530595
-16.530595
-15.442264
-14.641616
-16.530595
-16.530595
-16.530595
-16.530595
-15.839253
-16.530595
-16.530595
-16.530595
-16.530595
-11.686256
-16.530595
-16.530595
-16.530595
-16.530595
-15.781939
-16.530595
-16.530595
-16.530595
-16.530595
-15.629227
-16.530595
-16.530595
-16.530595
-16.530595
-16.530595
-16.530595
-16.530595
-16.530595
-16.530595
-16.530595
-16.530595
-16.530595
-16.530595
-16.530595
-16.530595
-16.530595
-16.530595
-9.308563
-16.530595
-16.530595
-15.117220
-16.530595
-16.530595
-16.530595
-16.530595
-16.530595
-16.530595
-16.530595
-16.148799
-13.756247
-16.530595
-16.530595
-16.530595
-16.530595
-13.231903
-6.052068
-16.530595
-16.530595
-15.570988
-16.530595
-16.322066
-16.530595
-16.530595
-16.530595
-16.530595
-16.057560
-16.530595
-16.530595
-16.530595
-15.947274
-16.011869
-16.054391
-16.530595
-16.530595
-16.530595
-16.530595
-16.530595
-16.530595
-16.530595
-16.530595
-15.563787
-16.530595
-16.530595
-16.530595
-16.530595
-16.530595
-16.530595
-16.530595
-16.530595
-16.530595
-16.530595
-16.530595
-16.530595
-15.564975
-16.530595
-16.530595
-12.651455
-16.530595
-15.915352
-16.530595
-16.530595
-16.530595
-16.530595
-16.530595
-15.147418
-16.530595
-16.530595
-16.530595
-16.530595
-16.530595
-16.530595
-16.530595
-16.530595
-16.530595
-2.914508
-16.530595
-15.107670
-16.530595
-13.343619
-16.530595
-16.530595
2.127959
-16.530595
-16.530595
-16.530595
-16.530595
-16.530595
-15.598765
-16.530595
-14.095075
-16.530595
-16.109366
-16.530595
-16.530595
-16.530595
-16.530595
-14.236352
-16.530595
-16.530595
-16.530595
-16.530595
-16.292758
-13.777942
-16.530595
-16.530595
-16.530595
-10.883966
-16.530595
-16.530595
-16.530595
-16.530595
-15.839253
-0.618399
-16.530595
-16.530595
-16.530595
-16.530595
-16.530595
-16.530595
-16.530595
-16.530595
-16.530595
-16.530595
-16.530595
-16.530595
-16.530595
-14.056309
-16.530595
-16.530595
-16.530595
-16.530595
-16.530595
-16.530595
-16.530595
-16.530595
-16.530595
-16.530595
-16.530595
-16.530595
-16.530595
-16.530595
-16.530595
-15.363049
-16.530595
-16.530595
-16.530595
-16.530595
-8.209930
-16.530595
-16.530595
-16.530595
-16.530595
-16.530595
-9.226991
-16.530595
-16.530595
-16.530595
-12.749874
-16.530595
-16.530595
-16.530595
-1.844963
-16.530595
-16.530595
-16.530595
-16.530595
-16.530595
-16.530595
-16.530595
-16.530595
-15.920309
-1.636391
-16.530595
-16.530595
-16.530595
-16.530595
-16.530595
-16.530595
-16.530595
-15.839253
-16.530595
-16.530595
-16.081578
-16.530595
-16.530595
-16.530595
-16.530595
-16.530595
-16.530595
-16.530595
-16.530595
-16.530595
-16.530595
-16.530595
-12.694404
-16.530595
-16.294869
-16.530595
-16.530595
-16.530595
-16.530595
-16.530595
-16.530595
-16.530595
-16.530595
-16.530595
-16.530595
-16.530595
-16.530595
-16.530595
-16.190962
-16.530595
-16.530595
-16.530595
-16.530595
-16.530595
-16.530595
-16.530595
-16.530595
-16.530595
-16.530595
-16.530595
-16.530595
1.452782
-11.165650
-16.530595
-16.530595
-16.530595
-16.530595
-16.530595
5.211985
-16.530595
-16.530595
-16.530595
-16.530595
-16.530595
-16.530595
-16.530595
-16.530595
-16.530595
-16.530595
-16.530595
-16.530595
-16.530595
-16.530595
-16.530595
-16.530595
-16.530595
-16.530595
-16.259941
-16.530595
-16.530595
-16.530595
-15.816007
-16.530595
-16.530595
-16.530595
-16.530595
-14.622626
-16.530595
9.726515
-16.530595
-16.530595
-15.601416
-16.262330
-16.530595
-16.530595
-10.889634
-16.530595
-16.530595
-16.530595
-16.530595
-16.530595
-16.530595
-16.530595
-16.530595
-16.530595
-16.530595
-16.530595
-16.259941
-13.231748
-16.530595
-16.530595
-15.839253
-16.530595
-16.530595
-16.014562
-12.116756
-16.530595
-16.530595
-16.530595
-16.530595
-16.530595
-16.530595
7.779154
-16.530595
-16.530595
-16.530595
-16.530595
-16.530595
-16.530595
-16.530595
-16.530595
-16.530595
-11.076318
-16.530595
-16.530595
-16.530595
-16.530595
-16.530595
-16.530595
-16.530595
-16.530595
-16.530595
-16.530595
4.283417
-16.530595
-16.530595
-16.530595
-16.530595
-16.530595
-16.530595
-12.587944
-16.530595
-16.530595
-16.530595
-16.292758
-16.530595
-16.530595
-16.530595
-9.868809
-16.530595
-16.530595
-16.530595
-16.530595
-16.530595
-16.530595
-16.530595
-16.530595
-16.530595
-16.530595
-13.208801
-16.318335
-16.530595
-16.530595
-16.530595
-16.530595
-16.530595
-16.530595
-16.530595
-16.530595
-16.530595
-16.530595
-16.530595
-16.530595
-16.530595
-16.530595
-16.530595
-16.530595
-10.002737
-16.530595
-16.530595
-16.530595
-13.366521
-16.530595
-16.530595
-16.530595
-16.530595
10.886498
-16.530595
-16.530595
-16.530595
-16.530595
-16.530595
-15.146016
1.461354
-16.530595
-16.530595
-16.530595
-16.530595
-16.530595
-16.530595
-16.530595
-16.530595
-14.330494
-16.530595
-16.530595
-14.877554
-16.530595
-16.530595
-16.530595
-16.530595
-16.530595
-16.530595
-16.530595
-16.530595
-1.106356
-16.530595
-16.530595
-16.530595
-16.530595
-16.530595
-16.530595
-16.530595
-16.530595
-16.530595
-16.530595
-16.530595
-16.530595
-16.530595
-16.530595
-16.530595
-16.530595
-16.530595
-16.186456
-5.201945
-16.190214
-16.530595
-13.064157
-16.530595
-16.530595
-16.530595
-16.530595
-16.530595
-16.530595
-16.530595
-6.117878
-16.530595
-16.530595
-9.153308
-12.676516
-16.530595
-16.530595
-16.530595
-16.530595
-16.530595
-16.530595
-16.530595
-16.530595
-16.530595
-16.530595
-16.530595
-16.530595
-16.530595
-16.290638
-16.530595
-16.530595
0.303355
-16.530595
-16.530595
-16.292228
-16.530595
-16.530595
-16.530595
-16.530595
-16.530595
-16.530595
-16.530595
-16.530595
-16.190214
-16.530595
-16.530595
-16.530595
-16.530595
-16.530595
2.737550
-16.530595
-16.530595
-16.530595
-16.530595
-16.530595
-12.984139
-16.530595
-16.530595
-16.530595
-16.530595
-16.530595
-11.824267
-16.530595
-16.022633
-16.530595
-16.530595
-15.532994
-16.530595
-16.530595
-16.530595
-16.530595
-16.530595
-14.756658
-16.530595
-16.530595
-16.530595
-16.530595
-16.530595
-16.530595
8.192532
-16.530595
-16.530595
-16.530595
-16.530595
-16.530595
-16.319270
-16.530595
-16.530595
-16.012337
-16.530595
-16.530595
-16.530595
-16.530595
-16.530595
-16.530595
-16.530595
-16.530595
-16.530595
-16.530595
-16.530595
-16.530595
-15.799912
-16.530595
-16.530595
-16.530595
-15.357212
-14.170254
-16.530595
-16.530595
-16.530595
-16.530595
-16.530595
-16.530595
-15.811451
-16.530595
-16.530595
-16.530595
-16.289042
-15.939546
-16.530595
-16.530595
-16.530595
-16.530595
-16.226354
-16.054391
-16.530595
-16.530595
-16.530595
-16.530595
-16.530595
-16.530595
-16.530595
-16.530595
-16.530595
-16.530595
-16.530595
-16.530595
2.990783
-16.530595
-16.530595
-16.530595
-16.530595
-16.530595
-16.530595
-16.530595
-16.530595
-16.530595
-16.530595
-16.530595
-16.530595
-16.530595
-16.530595
-16.530595
-16.530595
-16.530595
-16.530595
-16.530595
-16.057560
-16.530595
-16.530595
-16.530595
-16.530595
-16.530595
-3.185581
-16.530595
-16.530595
-16.530595
-16.530595
-16.530595
-16.530595
-16.530595
-16.530595
-16.530595
-16.530595
13.307738
-16.530595
-16.530595
-16.530595
-10.763131
-16.530595
-16.530595
-16.530595
-16.530595
-16.530595
-16.530595
-16.530595
-16.054391
-16.530595
-16.530595
-14.952076
-16.530595
-16.530595
-16.530595
-16.530595
-16.530595
-16.530595
-16.530595
-16.530595
-16.530595
-16.290106
-16.530595
-16.530595
-16.530595
-16.530595
-16.530595
-16.530595
-16.530595
-16.530595
-16.530595
-16.530595
-16.530595
-16.530595
-16.530595
-16.262330
-3.584473
3.632151
-16.530595
-16.530595
-16.530595
-16.530595
-16.530595
-16.530595
-16.530595
-16.530595
-16.530595
-16.530595
-16.530595
-4.054604
-16.530595
-16.530595
4.182079
-7.095239
-16.530595
-16.530595
-16.530595
-16.530595
-16.530595
-16.530595
-16.084011
-16.530595
-16.530595
-16.530595
-16.530595
-16.530595
-16.530595
-16.530595
-16.530595
-16.530595
-16.530595
-16.051005
-16.530595
-16.530595
-10.402128
-16.530595
-16.530595
-15.988072
-16.530595
-16.530595
-16.530595
-16.530595
-16.530595
-16.530595
-16.530595
-16.530595
-16.530595
-16.530595
-16.530595
-16.530595
-16.530595
-16.530595
-16.530595
-16.113072
-16.530595
-16.530595
-16.530595
-16.530595
-16.530595
-16.530595
-16.530595
-16.530595
-16.530595
-16.530595
-16.530595
6.342123
-16.530595
-16.530595
-16.530595
-16.530595
-13.684126
-16.530595
-16.530595
-15.674904
-16.530595
-16.530595
-16.530595
-15.712617
-16.530595
-16.530595
-16.530595
-16.530595
-13.531275
-16.530595
-16.530595
-16.530595
-16.530595
-16.054391
-16.530595
-15.911139
1.375776
-16.530595
-16.530595
-16.530595
-16.530595
-13.223061
-16.530595
-16.530595
-16.530595
-16.530595
-16.530595
-16.530595
-16.530595
-16.530595
-16.530595
-16.530595
-16.530595
-16.530595
-15.601416
-16.530595
-16.530595
-16.530595
-16.530595
-14.790821
-16.530595
-14.525686
-16.530595
-16.530595
-15.839253
-16.530595
-16.530595
-16.530595
-16.530595
-16.530595
-16.530595
-16.530595
-16.530595
-16.530595
-15.955236
-16.083235
-16.530595
-16.530595
-16.530595
-16.530595
4.562111
-16.190962
-16.530595
-13.568247
-16.530595
-16.530595
-16.530595
-16.530595
-16.530595
-16.530595
-16.530595
-16.530595
-16.530595
-16.530595
-16.530595
-16.530595
-16.530595
-16.530595
-16.530595
-16.530595
-16.530595
-13.942772
-16.530595
-16.530595
-16.530595
-16.530595
-16.530595
-16.256336
-16.530595
-16.530595
-16.530595
-16.530595
-16.530595
-16.530595
-16.530595
-16.530595
-16.530595
-16.530595
-16.530595
-16.530595
-16.530595
-16.530595
-16.190962
-16.530595
-16.530595
-16.530595
-16.530595
-16.530595
-16.530595
-16.530595
-16.530595
-16.530595
-16.530595
-16.530595
-16.530595
-16.530595
-16.530595
-16.530595
-16.018290
-16.530595
-16.530595
-7.434431
-16.530595
-16.530595
-16.530595
-16.530595
-16.530595
-16.530595
-4.215553
-11.837069
-16.530595
-16.530595
-16.530595
-16.530595
-14.852945
-16.530595
-16.530595
-16.530595
-15.532119
-16.530595
-16.530595
-16.530595
-10.402580
1.536970
-16.530595
-16.530595
-16.530595
-16.530595
-16.530595
-4.226178
-16.530595
-16.530595
-16.530595
-16.530595
-16.530595
-16.530595
-16.530595
-16.530595
-16.530595
-16.530595
-16.530595
-16.530595
-16.294869
-16.530595
-16.530595
-16.530595
-16.530595
-15.396588
-16.530595
-16.530595
-16.530595
-16.530595
-16.530595
-16.530595
-16.530595
-16.530595
-16.530595
-16.530595
-16.081961
-16.187210
-16.530595
-16.530595
-16.530595
-16.530595
-16.530595
-9.622897
-16.530595
-15.744661
-16.530595
-16.530595
-16.530595
-16.530595
-16.530595
-16.530595
-16.530595
-16.530595
-16.530595
-16.530595
-11.415087
-16.530595
-16.530595
-16.530595
-16.530595
-16.530595
-16.530595
-16.530595
-16.530595
-16.530595
-16.530595
-16.530595
-16.530595
-16.530595
-16.530595
-1.284658
-16.530595
-15.984379
-16.530595
-16.530595
-16.530595
-16.530595
-16.530595
-16.530595
-16.530595
-16.530595
-16.530595
-16.530595
-16.530595
-16.530595
-7.860258
-16.530595
-15.683831
-16.530595
-16.530595
-16.530595
-16.530595
-16.530595
-16.530595
-16.530595
-16.530595
-14.018692
-16.530595
-16.530595
-16.530595
-16.530595
-16.530595
-16.530595
-16.530595
-16.530595
-16.530595
-16.530595
-16.322530
-16.530595
-16.530595
-16.530595
-16.530595
-16.190962
-16.530595
-16.530595
