46935, 39468, 21900, 13789, 13612, 38859, 3698, 38645, 3722, 9680, 59640, 3718, 96164, 38650, 3274, 16870, 17023, 13618, 62275, 14368, 16836, 3206, 13760, 16987, 21086, 37080, 17264, 20934, 36830, 3483, 80626, 96239, 37075, 16619, 16539, 24595, 10522, 21113, 20903, 3063, 3487, 9785, 3639, 20909, 36806, 13106, 103341, 36770, 13137, 36855, 16915, 96118, 13503, 36975, 3278, 3636, 20692, 13672, 3285, 13581, 16557, 8342, 21226, 18366, 3058, 13623, 21208, 96335, 20928, 3465, 13375, 20737, 13079, 4288, 21373, 9958, 3196, 3259, 77574, 24579, 17114, 20923, 77578, 3616, 80821, 13013, 51718, 6418, 65944, 4138, 95504, 16880, 3093, 16935, 13213, 72030, 13284, 37279, 3039, 9197, 21108, 51724, 36835, 937, 3190, 19885, 66937, 16658, 88805
Feature count is 109
Criterion1 result is ObjectIndex = 257, Distance = -11.765944778770920308158017486, Value = 0.6816175818001629535822203347
Boundary = -11.75373970930605680461077605
-15.683523
-12.399493
-16.414720
-16.414720
-16.414720
-16.414720
-16.414720
-16.414720
-16.414720
-16.414720
-16.414720
-16.414720
-16.414720
-10.164857
-15.683523
-16.414720
-16.414720
-16.414720
-16.414720
-14.545814
-16.414720
-16.414720
-16.414720
-16.414720
-16.414720
-16.414720
-16.414720
-16.414720
-16.414720
-16.414720
-16.414720
-16.414720
-16.414720
-15.554698
-16.414720
-9.053349
-16.414720
-16.414720
-14.205811
-16.414720
-16.414720
-15.212680
-16.414720
-16.414720
-16.414720
-16.414720
-16.414720
-16.414720
-16.414720
-16.414720
-16.414720
-16.414720
-16.414720
-15.312487
-15.914291
-16.414720
1.490669
-16.414720
-8.137667
-15.659774
-16.414720
-16.414720
-16.414720
-16.414720
-16.414720
-16.414720
-16.414720
-16.414720
-16.414720
-16.414720
-16.414720
-16.414720
-16.414720
-16.414720
-15.683523
-8.637569
-16.414720
-16.414720
-16.414720
-15.278641
-16.414720
-16.414720
-16.414720
-16.414720
-16.414720
13.453689
-16.175824
-16.414720
-16.414720
-16.414720
-16.414720
-16.414720
-16.414720
-16.414720
-15.683523
-16.414720
-15.967275
-16.414720
-16.414720
-16.210358
-16.414720
-16.414720
0.575276
-15.683523
-16.414720
-16.414720
-14.479219
-12.801519
-16.414720
-16.414720
-16.414720
-16.414720
-16.414720
-16.414720
-15.683523
-15.683523
-16.414720
-16.414720
-15.683523
-16.414720
-16.414720
-16.414720
-14.193157
-16.414720
-16.414720
-15.683523
-16.150017
-16.414720
-16.414720
-16.414720
-16.414720
-15.683523
-16.414720
-16.414720
-16.148239
-16.414720
-8.314923
-16.414720
-16.414720
-15.278641
-16.414720
-12.626721
-16.414720
-16.414720
-16.414720
-9.957085
-16.414720
-16.414720
-15.677281
-16.414720
-16.414720
-16.414720
-16.414720
-16.414720
-16.414720
-16.414720
-16.414720
-16.414720
-11.736583
-16.414720
-16.414720
-16.210358
-13.590273
-16.414720
-16.414720
-16.414720
-16.414720
-14.108229
-16.414720
-16.414720
-16.414720
-16.414720
-16.414720
-16.414720
-16.414720
-16.414720
-16.414720
-16.414720
-14.507101
-16.414720
-16.414720
-16.414720
-16.414720
-16.414720
-16.414720
-16.414720
-15.683523
-16.414720
-16.414720
-16.414720
-16.414720
-16.414720
-16.414720
-16.414720
-13.717242
-16.414720
-16.414720
-16.414720
-15.443566
-16.414720
-16.414720
-16.414720
-15.683523
-16.414720
-16.414720
-16.414720
-16.414720
-16.414720
-16.414720
-16.414720
-16.414720
-16.414720
-16.414720
-16.414720
-16.414720
-16.414720
-16.414720
-16.414720
-16.414720
-16.414720
-16.414720
-16.414720
-14.642744
-16.009838
-14.917751
-15.914291
-16.414720
-16.414720
-16.414720
-14.341357
-16.414720
-16.414720
-16.414720
-12.536493
-16.414720
-16.414720
-16.414720
-16.414720
-12.352318
-12.352549
-16.414720
-16.414720
-16.414720
-16.148239
-16.414720
-16.414720
-16.414720
-16.414720
-16.414720
-16.414720
-16.414720
0.555774
-16.414720
-16.414720
-16.414720
-16.414720
-16.414720
-11.765945
-16.414720
-16.414720
-16.414720
-16.414720
-16.414720
-16.414720
-16.414720
-16.414720
-16.414720
-14.479219
-16.414720
-16.414720
-11.314026
-16.414720
-15.683523
-16.414720
-16.414720
-16.414720
-13.636011
-16.414720
-16.414720
-16.414720
-16.414720
-16.414720
-16.414720
-16.414720
-16.414720
-16.414720
-16.414720
-15.683523
-14.422499
-16.414720
-16.414720
-16.414720
-16.414720
-16.414720
11.152569
-16.414720
-16.414720
-16.414720
-16.414720
-16.414720
-16.414720
-15.683523
-16.414720
-16.414720
-16.414720
-16.414720
-16.414720
-16.414720
-16.414720
-16.414720
-15.499937
-16.414720
-15.683523
-16.414720
-15.943877
-15.683523
5.523821
0.268009
-16.178993
-16.414720
-16.414720
-16.414720
-16.414720
-16.414720
-16.414720
-16.414720
-16.414720
-16.414720
-16.414720
-16.414720
-16.414720
-16.414720
-16.414720
-16.414720
-16.414720
-13.799250
-16.414720
-16.414720
-16.414720
-16.414720
-7.313586
-16.414720
-16.414720
-16.414720
-16.414720
-16.414720
-16.414720
-16.414720
-16.414720
-16.414720
-16.414720
-16.414720
-16.414720
-16.414720
-16.414720
-16.414720
-15.924658
-16.414720
-16.414720
-16.414720
-16.414720
-16.414720
-16.414720
-16.414720
-16.414720
-15.414662
-15.512568
-16.414720
-16.414720
-16.414720
-16.414720
-16.414720
-16.414720
-16.414720
-16.414720
-16.414720
-16.414720
-15.278641
6.070311
-16.414720
-16.414720
-16.414720
-14.039288
-16.414720
-16.414720
-16.414720
-16.414720
-16.414720
-16.414720
-14.229349
-16.414720
-16.414720
-16.414720
-16.414720
-16.414720
-16.414720
-16.414720
-16.414720
-16.414720
-15.778981
-16.414720
-16.414720
-16.414720
-15.683523
-16.414720
-16.414720
-16.414720
-16.414720
-16.414720
-6.027040
-16.414720
-16.414720
-16.414720
-16.414720
-15.884881
-16.414720
-12.597287
-15.971393
-16.414720
-16.414720
-14.413318
-16.414720
-16.414720
-16.414720
-16.414720
-16.414720
-16.414720
-16.414720
-16.414720
-16.414720
-16.414720
-16.414720
-16.414720
-16.414720
-16.414720
-16.414720
-16.414720
-16.414720
1.162197
-7.293487
-16.414720
-16.414720
-16.414720
-16.414720
-16.414720
-3.802317
-16.414720
6.018883
-16.414720
-16.414720
-16.414720
-16.414720
-16.414720
-16.414720
-16.414720
-16.414720
-15.967275
-16.414720
-16.414720
-2.636988
-16.414720
-16.414720
-15.683523
-16.414720
-7.501526
-16.414720
-16.414720
-16.414720
-16.414720
-16.414720
-16.414720
-16.414720
-16.414720
-16.414720
-15.925734
-16.414720
-16.414720
-16.414720
-15.683523
-5.585447
-12.070415
-16.414720
-16.414720
-16.414720
-16.414720
-16.414720
-16.414720
-16.414720
-16.414720
-16.414720
-16.414720
-16.414720
-16.414720
-16.414720
-16.414720
-12.134804
-10.430657
-10.258269
-16.414720
-16.414720
-16.414720
-16.414720
-16.414720
-16.414720
-16.414720
-16.414720
-16.414720
-16.414720
-16.414720
-9.353309
-13.985628
-16.414720
-16.414720
-16.414720
-16.414720
-13.320406
-16.414720
-16.414720
-16.210358
-16.414720
-16.414720
-16.414720
-15.683523
-16.414720
-16.414720
-16.414720
-16.414720
-16.414720
-16.414720
-16.414720
-16.414720
-16.414720
-16.414720
-16.414720
-16.414720
-16.414720
-16.414720
-16.414720
-16.414720
-16.414720
-16.414720
-16.414720
-16.414720
-14.247628
-16.414720
-16.414720
-14.516471
-16.414720
-14.851587
-16.414720
-16.414720
-15.661032
-14.517563
-15.382627
-16.414720
-16.414720
-16.414720
-16.414720
-16.414720
-12.446942
-16.414720
-16.414720
-15.683523
-16.414720
-16.414720
-16.414720
-11.145764
11.611402
-16.414720
-16.414720
-16.414720
-16.414720
-16.414720
-16.414720
-16.414720
-11.293949
-16.414720
-16.414720
-16.414720
-16.414720
2.486787
-16.414720
-16.414720
-16.414720
-16.414720
-14.251543
-16.414720
-14.671878
-16.414720
-0.406348
-16.414720
-16.414720
-16.414720
-15.719442
-16.414720
-16.414720
-12.710607
-16.414720
-15.447796
-16.414720
-16.414720
-16.414720
-16.414720
-16.414720
-15.884881
-16.414720
-16.414720
-16.414720
-14.506409
-16.414720
-16.414720
-16.414720
-16.414720
-16.414720
-16.414720
3.614038
-16.414720
-16.414720
-16.414720
-16.414720
-16.414720
-16.414720
-16.414720
-16.414720
-16.414720
-16.414720
-13.554452
-12.777064
-16.414720
-16.414720
-16.414720
-16.414720
-16.414720
-16.414720
-16.414720
-16.414720
-15.738442
-16.414720
-16.207119
-16.414720
-16.414720
-16.414720
-16.414720
-16.414720
1.217214
-16.414720
-16.414720
-16.414720
-16.414720
-16.414720
-16.414720
-13.491230
-16.414720
-16.414720
-16.414720
-16.414720
-16.414720
-16.414720
-16.414720
-16.414720
-16.414720
-16.414720
-16.414720
-16.414720
-16.414720
-16.414720
-16.414720
-16.414720
-16.414720
-16.414720
-16.414720
-16.414720
-16.414720
-15.683523
-16.414720
-16.414720
10.369656
-16.414720
-15.683523
-15.683523
-16.414720
-16.414720
-16.414720
-16.414720
-16.414720
-16.414720
-16.414720
-16.414720
-16.414720
-16.414720
-16.414720
-16.414720
-16.414720
-16.414720
-14.977745
-16.414720
-16.414720
-16.414720
-16.414720
-16.414720
-15.773829
-16.414720
-16.414720
-16.414720
-16.414720
-16.414720
-9.339508
-16.414720
-16.414720
-16.414720
-16.414720
-16.414720
-16.414720
-16.414720
-16.414720
-16.414720
-16.414720
-16.414720
-16.414720
-16.414720
-16.414720
-16.414720
-16.414720
-16.414720
-16.414720
-16.414720
-16.414720
-6.007301
-16.414720
-15.683523
-16.414720
-16.414720
-16.414720
-16.414720
-16.414720
-16.414720
-16.414720
-16.414720
-16.414720
-16.414720
-16.414720
-16.414720
-16.414720
-10.513188
-16.414720
-16.414720
-16.414720
-16.414720
-16.414720
-16.414720
-16.414720
-16.414720
-12.461374
-16.414720
-16.414720
-16.414720
-15.203199
-16.414720
-16.414720
-16.414720
0.649336
-16.414720
-16.414720
-16.414720
-16.414720
-16.414720
-16.414720
-16.414720
-16.414720
-16.414720
-16.414720
-16.414720
-15.963320
-12.209667
-16.414720
-14.968409
-16.414720
-16.414720
-16.414720
-16.414720
-14.308480
-16.414720
-16.414720
-16.414720
-16.414720
-16.414720
-16.414720
-16.414720
-16.414720
6.650260
-16.414720
-15.147706
-16.414720
-16.414720
-16.414720
-15.683523
-16.414720
-9.420802
-16.414720
-16.414720
-16.414720
-16.414720
-15.168452
-16.414720
-12.376027
-16.414720
-16.414720
-16.414720
-16.414720
-16.414720
-16.414720
5.217844
-16.414720
-16.414720
-16.414720
-16.414720
-16.414720
-16.414720
-16.414720
-16.414720
-16.414720
-14.522780
-16.414720
-16.414720
-16.414720
-16.414720
-16.414720
-16.414720
-16.414720
-16.414720
-16.414720
-16.414720
-16.414720
-16.414720
-16.414720
-16.414720
-16.414720
-16.414720
-16.414720
-14.413774
-16.414720
-8.643141
-15.683523
-16.414720
-12.917089
-16.414720
-7.123714
-16.414720
-15.683523
-16.414720
-16.414720
-16.414720
-16.414720
-16.414720
-16.414720
-16.414720
-16.414720
-12.491788
-16.009838
-16.414720
-16.414720
-13.246509
-16.414720
-16.414720
-11.252468
-16.414720
-16.414720
-16.414720
-16.414720
-16.414720
-16.414720
-16.414720
-16.414720
-16.414720
-16.414720
-16.414720
10.850292
-15.683523
-16.414720
-16.414720
-4.170856
-16.414720
-16.414720
-16.414720
-16.414720
-16.414720
-13.860513
-16.414720
-16.414720
-16.414720
-16.414720
-16.414720
-16.414720
-16.414720
-16.414720
-16.414720
-6.073376
-16.414720
-16.414720
-16.414720
-16.414720
-16.115156
-15.273243
-16.414720
-16.414720
-16.414720
-16.414720
-16.175824
-16.414720
-16.414720
-16.414720
-16.414720
-13.228892
-16.414720
-16.414720
-16.414720
-16.414720
-15.672693
-16.414720
-16.414720
-16.414720
-16.414720
-12.593766
-16.414720
-16.414720
-16.414720
-16.414720
-16.414720
-16.414720
-16.414720
-16.414720
-16.414720
-16.414720
-16.414720
-16.414720
-16.414720
-16.414720
-16.414720
-15.683523
-16.414720
-0.736966
-16.414720
-15.683523
-12.335957
-16.414720
-16.414720
-16.414720
-16.414720
-16.414720
-16.414720
-16.414720
-15.804788
-11.512271
-16.414720
-16.414720
-16.414720
-16.414720
-11.293194
-7.241596
-16.414720
-16.414720
-14.244277
-16.414720
-15.683523
-16.414720
-16.414720
-16.414720
-16.414720
-16.150017
-16.414720
-16.414720
-16.414720
-16.145859
-16.176882
-16.111820
-16.414720
-16.414720
-16.414720
-16.414720
-16.414720
-16.414720
-16.414720
-16.414720
-15.447796
-16.414720
-16.414720
-16.414720
-16.414720
-16.414720
-16.414720
-16.414720
-16.414720
-16.414720
-16.178993
-16.414720
-16.414720
-16.414720
-16.414720
-16.414720
-12.026788
-16.414720
-15.925734
-16.414720
-16.414720
-16.210358
-16.414720
-15.683523
-15.479161
-16.414720
-16.414720
-16.414720
-16.414720
-16.414720
-16.414720
-16.414720
-16.414720
-16.414720
-4.792702
-16.414720
-14.696669
-16.414720
-12.119924
-16.414720
-16.414720
7.931111
-16.414720
-16.414720
-16.414720
-15.683523
-16.414720
-14.848478
-16.414720
-13.167998
-16.414720
-15.232123
-16.414720
-16.414720
-16.414720
-16.414720
-14.524577
-16.414720
-16.414720
-16.081036
-16.414720
-16.414720
-14.180288
-16.414720
-16.414720
-16.414720
-11.874071
-16.414720
-16.414720
-16.414720
-16.414720
-16.150017
8.447173
-16.414720
-16.414720
-16.414720
-16.414720
-16.414720
-16.414720
-16.414720
-16.414720
-16.414720
-15.683523
-16.414720
-16.414720
-16.414720
-15.683523
-16.414720
-16.414720
-16.414720
-16.414720
-16.414720
-16.414720
-16.414720
-16.414720
-16.414720
-16.414720
-16.414720
-16.414720
-16.414720
-16.414720
-16.414720
-15.907614
-16.414720
-16.414720
-16.414720
-16.414720
-8.602407
-16.414720
-16.414720
-16.414720
-16.414720
-16.414720
-10.610391
-16.414720
-16.414720
-16.414720
-13.123467
-16.414720
-16.414720
-16.414720
8.939771
-16.414720
-16.414720
-15.683523
-16.414720
-16.414720
-16.414720
-16.414720
-16.414720
-15.238337
4.818453
-16.414720
-16.414720
-16.414720
-16.414720
-16.414720
-16.414720
-16.150017
-16.147050
-16.414720
-16.414720
-15.683523
-16.414720
-16.414720
-16.414720
-16.414720
-16.414720
-16.414720
-16.414720
-16.414720
-16.414720
-16.414720
-16.414720
-14.706240
-16.414720
-16.414720
-16.414720
-16.414720
-15.349839
-16.414720
-16.414720
-16.414720
-16.414720
-16.414720
-16.414720
-16.148239
-16.414720
-16.414720
-16.414720
-15.683523
-16.414720
-15.683523
-16.414720
-16.414720
-16.414720
-16.414720
-16.414720
-16.414720
-16.414720
-16.414720
-16.414720
-16.414720
0.834042
-13.925488
-16.150017
-16.414720
-16.414720
-16.414720
-16.414720
5.421847
-15.683523
-16.414720
-16.414720
-16.414720
-16.414720
-16.414720
-16.414720
-16.414720
-16.414720
-15.683523
-16.414720
-16.414720
-16.414720
-16.414720
-16.414720
-16.414720
-16.414720
-16.414720
-16.414720
-16.414720
-16.414720
-16.414720
-14.807944
-16.414720
-16.414720
-16.414720
-16.414720
-9.613927
-16.414720
8.226688
-16.414720
-16.414720
-15.967275
-16.148239
-16.414720
-16.414720
-11.448359
-16.414720
-16.414720
-16.414720
-16.414720
-16.414720
-16.414720
-16.414720
-16.414720
-16.414720
-16.414720
-16.414720
-16.178993
-10.700873
-16.414720
-16.414720
-15.581452
-16.414720
-16.414720
-15.213517
-11.446826
-16.414720
-16.414720
-16.414720
-16.414720
-16.414720
-16.414720
12.185690
-16.414720
-16.414720
-16.414720
-16.414720
-16.414720
-16.414720
-16.414720
-16.414720
-16.414720
-10.439368
-16.414720
-16.414720
-16.414720
-16.414720
-16.414720
-16.414720
-16.414720
-16.150017
-16.414720
-15.683523
10.053486
-16.414720
-16.414720
-16.414720
-16.414720
-16.414720
-16.003536
-13.464985
-16.414720
-16.414720
-16.414720
-16.414720
-16.414720
-16.414720
-16.414720
-7.632997
-16.414720
-16.414720
-16.414720
-16.414720
-16.414720
-16.414720
-16.414720
-16.414720
-16.414720
-16.414720
-13.164874
-16.414720
-16.414720
-16.414720
-16.414720
-16.414720
-16.414720
-16.414720
-16.414720
-16.414720
-16.414720
-16.414720
-15.683523
-16.414720
-16.414720
-16.414720
-16.414720
-16.414720
-1.862643
-16.414720
-16.414720
-16.414720
-13.092739
-16.414720
-16.414720
-15.236079
-16.414720
13.520467
-16.414720
-16.414720
-16.414720
-16.414720
-15.683523
-14.974843
7.722704
-16.414720
-16.414720
-16.414720
-16.414720
-16.414720
-16.414720
-16.414720
-16.414720
-9.979085
-16.414720
-16.414720
-14.305757
-16.414720
-16.414720
-16.414720
-16.414720
-16.414720
-16.414720
-16.414720
-16.414720
8.298568
-16.414720
-16.414720
-16.414720
-16.414720
-16.414720
-16.414720
-15.683523
-16.414720
-16.414720
-16.414720
-16.414720
-16.414720
-16.414720
-16.414720
-16.414720
-16.414720
-16.414720
-14.559056
-6.909804
-13.405758
-16.414720
-11.973007
-16.414720
-16.414720
-16.414720
-16.414720
-16.414720
-16.414720
-16.414720
1.826384
-16.414720
-16.414720
-9.410820
-13.118443
-16.414720
-16.414720
-16.414720
-16.414720
-15.683523
-16.414720
-16.414720
-16.414720
-15.418820
-16.414720
-16.414720
-16.414720
-16.414720
-16.081036
-16.414720
-16.414720
8.068160
-16.414720
-16.414720
-15.683523
-16.414720
-16.414720
-16.414720
-16.414720
-16.414720
-16.414720
-16.414720
-16.150017
-15.683523
-16.414720
-16.414720
-16.414720
-16.414720
-16.414720
-2.408117
-16.414720
-16.414720
-16.414720
-16.414720
-16.414720
-7.842939
-15.683523
-16.414720
-16.414720
-16.414720
-16.414720
-11.294316
-15.683523
-16.414720
-16.414720
-16.414720
-15.683523
-16.414720
-16.414720
-16.414720
-16.414720
-16.414720
-13.156402
-16.414720
-16.414720
-16.414720
-16.414720
-16.414720
-16.414720
11.142583
-16.414720
-16.414720
-15.683523
-16.414720
-16.414720
-16.414720
-16.414720
-15.683523
-16.414720
-16.414720
-16.414720
-15.683523
-16.414720
-16.414720
-16.414720
-16.414720
-16.414720
-16.414720
-16.414720
-16.414720
-16.414720
-13.127975
-16.414720
-16.414720
-16.414720
-14.966302
-11.844595
-16.414720
-16.414720
-16.414720
-16.414720
-16.414720
-16.414720
-15.417042
-16.414720
-16.414720
-16.414720
-15.683523
-13.685018
-16.414720
-16.414720
-16.414720
-16.414720
-16.009838
-16.208510
-16.414720
-16.414720
-16.414720
-15.683523
-16.414720
-16.414720
-16.414720
-16.414720
-16.414720
-16.414720
-16.414720
-16.414720
-0.811808
-16.414720
-16.414720
-16.414720
-16.414720
-16.414720
-16.414720
-16.414720
-16.414720
-16.414720
-16.414720
-16.414720
-16.414720
-16.414720
-16.414720
-16.414720
-16.414720
-16.414720
-16.414720
-16.414720
-15.914291
-16.414720
-16.414720
-16.414720
-16.414720
-16.414720
-5.624886
-16.414720
-16.414720
-16.414720
-16.414720
-15.683523
-16.414720
-16.414720
-16.414720
-16.414720
-16.414720
12.952914
-16.414720
-15.683523
-16.414720
-9.816882
-16.414720
-16.414720
-16.414720
-16.414720
-16.414720
-16.414720
-16.414720
-16.208510
-16.414720
-16.414720
-14.305757
-15.683523
-16.414720
-16.414720
-16.414720
-16.414720
-16.414720
-16.414720
-16.414720
-16.414720
-15.683523
-16.414720
-16.414720
-16.414720
-16.414720
-16.414720
-16.414720
-16.414720
-16.414720
-16.414720
-16.414720
-16.414720
-16.414720
-16.414720
-16.414720
3.722656
9.963671
-16.414720
-16.414720
-16.414720
-16.414720
-16.414720
-16.414720
-16.414720
-16.414720
-16.414720
-16.414720
-16.414720
2.107484
-16.414720
-16.414720
8.266146
-9.325197
-16.414720
-16.414720
-16.414720
-16.414720
-16.414720
-16.414720
-16.414720
-16.414720
-16.414720
-16.414720
-16.414720
-16.414720
-16.414720
-16.414720
-16.414720
-16.414720
-16.414720
-14.942027
-16.414720
-16.414720
-4.074996
-16.414720
-16.414720
-15.417042
-16.414720
-16.414720
-16.414720
-16.414720
-16.414720
-16.414720
-16.414720
-16.414720
-16.414720
-16.414720
-16.414720
-16.414720
-16.414720
-16.414720
-16.414720
-15.475458
-16.414720
-16.414720
-16.414720
-16.414720
-16.414720
-16.414720
-16.414720
-16.414720
-16.009838
-16.414720
-16.414720
6.447523
-16.414720
-15.683523
-16.414720
-16.414720
-13.071908
-16.414720
-16.414720
-11.739351
-16.414720
-16.414720
-16.414720
-12.961840
-16.414720
-16.414720
-16.414720
-16.414720
-12.021357
-16.414720
-16.414720
-16.414720
-15.683523
-14.941496
-16.414720
-13.888462
7.802790
-16.414720
-16.414720
-16.414720
-16.414720
-13.087959
-16.414720
-16.414720
-16.414720
-16.414720
-16.414720
-16.150017
-16.414720
-16.414720
-16.414720
-16.414720
-16.414720
-16.414720
-15.683523
-16.414720
-16.414720
-16.414720
-16.414720
-14.713460
-16.414720
-14.543534
-16.414720
-16.414720
-15.278641
-16.414720
-16.414720
-16.414720
-16.414720
-16.414720
-16.414720
-16.414720
-16.414720
-16.414720
-15.683523
-15.477313
-16.414720
-16.414720
-16.414720
-16.414720
7.342543
-16.414720
-16.414720
-12.879790
-16.414720
-16.414720
-16.414720
-16.414720
-16.414720
-16.414720
-16.414720
-16.414720
-16.414720
-16.414720
-16.414720
-16.414720
-16.414720
-15.683523
-16.414720
-16.414720
-16.414720
-14.004862
-16.414720
-16.414720
-16.414720
-16.414720
-16.414720
-14.944957
-16.414720
-16.414720
-16.414720
-16.414720
-16.414720
-16.009838
-16.414720
-16.414720
-16.414720
-16.414720
-16.414720
-16.414720
-16.414720
-16.414720
-15.966289
-16.414720
-16.414720
-16.414720
-16.414720
-16.414720
-16.414720
-16.414720
-16.414720
-15.924658
-16.414720
-16.414720
-16.414720
-16.414720
-16.414720
-16.414720
-14.944957
-16.414720
-16.414720
-11.741535
-16.414720
-16.414720
-16.414720
-16.414720
-16.414720
-16.414720
-5.409024
-12.415181
-16.414720
-16.414720
-16.414720
-16.414720
-10.971737
-16.414720
-16.414720
-16.414720
-13.313751
-16.414720
-16.414720
-16.414720
-10.127679
-0.688833
-16.414720
-15.683523
-16.414720
-16.414720
-16.414720
-2.529108
-16.414720
-16.414720
-16.414720
-16.414720
-16.414720
-16.414720
-16.414720
-16.414720
-16.414720
-16.414720
-16.414720
-16.414720
-16.178993
-16.414720
-16.414720
-16.414720
-16.414720
-14.829815
-16.414720
-16.414720
-16.414720
-16.414720
-16.414720
-16.414720
-16.414720
-16.414720
-16.414720
-16.414720
-16.207119
-15.232204
-16.414720
-16.414720
-16.414720
-16.414720
-16.414720
-9.173059
-16.414720
-15.139856
-16.414720
-16.414720
-16.414720
-16.414720
-16.414720
-16.414720
-16.414720
-16.414720
-16.414720
-16.414720
-5.961450
-16.414720
-16.414720
-16.414720
-16.414720
-16.414720
-16.414720
-16.414720
-16.414720
-16.414720
-16.414720
-16.414720
-16.414720
-16.414720
-16.414720
-0.180031
-16.414720
-14.341255
-16.414720
-16.414720
-16.414720
-16.414720
-16.414720
-16.414720
-16.414720
-14.663622
-16.414720
-16.414720
-16.414720
-16.414720
-8.665319
-16.414720
-14.433060
-16.414720
-16.414720
-16.414720
-16.414720
-16.414720
-16.414720
-16.414720
-16.414720
-9.741832
-16.414720
-16.414720
-16.414720
-16.414720
-16.414720
-16.414720
-16.414720
-16.414720
-16.414720
-16.414720
-16.009838
-16.414720
-16.414720
-16.414720
-16.414720
-15.349839
-16.414720
-16.414720
