51228, 3461, 13784, 3279, 77310, 13765, 62257, 20662, 3304, 66911, 9834, 3194, 24599, 38623, 77201, 21349, 3040, 9390, 103312, 72890, 13279, 16855, 23338, 66558, 13034, 51475, 3054, 17120, 46891, 50940, 16613, 55213, 37243, 20645, 62068, 80648, 47142, 37239, 9379, 103498, 9634, 15875, 77534, 17426, 80629, 9811, 99215, 37085, 66766, 65958, 51265, 21343, 36738, 13586, 26131, 47088, 78460, 9963, 49895, 102687, 3437, 17196, 9862, 17233
Feature count is 64
Criterion1 result is ObjectIndex = 1069, Distance = -7.1557227130706567706679893273, Value = 0.6909377830033786523279462177
Boundary = -7.148448646580307915754157149
-8.721608
-7.013691
-8.721608
-8.721608
-8.721608
-8.721608
-8.721608
-8.721608
-8.721608
-8.721608
-8.721608
-8.291744
-8.721608
-6.651628
-8.721608
-8.721608
-8.721608
-8.721608
-8.721608
-6.515852
-8.721608
-8.721608
-8.721608
-8.721608
-8.721608
-8.721608
-8.721608
-8.721608
-8.721608
-8.721608
-8.721608
-8.721608
-8.721608
-7.618309
-8.721608
-6.122097
-8.721608
-8.721608
-7.078630
-8.721608
-8.721608
-7.298069
-8.721608
-8.721608
-8.721608
-8.721608
-8.721608
-8.721608
-8.721608
-8.721608
-8.721608
-8.721608
-8.721608
-8.388663
-8.424036
-8.721608
-2.474245
-8.721608
-1.000666
-8.148794
-8.721608
-8.721608
-8.721608
-8.721608
-8.721608
-8.721608
-8.721608
-8.721608
-8.721608
-8.721608
-8.721608
-8.721608
-8.721608
-8.721608
-8.352208
-5.699999
-8.721608
-8.721608
-8.721608
-8.226504
-8.721608
-8.721608
-8.721608
-8.721608
-8.721608
4.706574
-8.721608
-8.721608
-8.721608
-8.721608
-8.721608
-8.721608
-8.721608
-8.721608
-8.721608
-8.721608
-8.242230
-8.721608
-8.721608
-8.721608
-8.721608
-8.721608
-1.849673
-8.124457
-8.721608
-8.721608
-6.836823
-5.360406
-8.721608
-8.721608
-8.181801
-8.721608
-8.721608
-8.721608
-8.261586
-8.355466
-8.721608
-8.721608
-8.721608
-8.721608
-8.721608
-8.721608
-7.208350
-8.721608
-8.721608
-8.516323
-8.288078
-8.721608
-8.721608
-8.721608
-8.721608
-8.721608
-8.721608
-8.721608
-8.460441
-8.721608
-1.650069
-8.721608
-8.721608
-8.291744
-8.721608
-4.742389
-8.242230
-8.721608
-8.721608
-6.117228
-8.721608
-8.721608
-8.484827
-8.721608
-8.721608
-8.721608
-8.721608
-8.721608
-8.721608
-8.721608
-8.721608
-8.721608
-6.114952
-8.721608
-8.721608
-8.423373
-6.555278
-8.721608
-8.721608
-8.721608
-8.721608
-7.244202
-8.721608
-8.721608
-8.721608
-8.721608
-8.721608
-8.721608
-8.721608
-8.721608
-8.721608
-8.721608
-6.534313
-8.721608
-8.721608
-8.721608
-8.721608
-8.721608
-8.721608
-8.721608
-8.153989
-8.721608
-8.721608
-8.721608
-8.721608
-8.721608
-8.721608
-8.721608
-7.649276
-8.721608
-8.721608
-8.721608
-8.078307
-8.721608
-8.721608
-8.721608
-8.721608
-8.721608
-8.721608
-8.721608
-8.721608
-8.721608
-8.721608
-8.721608
-8.721608
-8.721608
-8.721608
-7.554411
-8.721608
-8.721608
-8.721608
-8.721608
-8.721608
-8.721608
-8.721608
-8.721608
-4.151964
-8.721608
-8.312232
-7.846491
-8.721608
-8.721608
-8.721608
-6.532921
-8.721608
-8.721608
-8.721608
-6.428002
-8.721608
-8.721608
-8.721608
-8.721608
-6.414669
-5.541315
-8.721608
-8.721608
-8.721608
-8.721608
-8.721608
-8.721608
-8.721608
-8.721608
-8.721608
-8.721608
-8.721608
-1.325631
-8.721608
-8.721608
-8.721608
-8.721608
-8.721608
-3.031540
-8.721608
-8.721608
-8.721608
-8.721608
-8.721608
-8.721608
-8.721608
-8.721608
-8.721608
-4.326338
-8.721608
-8.721608
-5.798755
-8.721608
-8.721608
-8.721608
-8.721608
-8.721608
-7.842826
-8.721608
-8.721608
-8.721608
-8.721608
-8.721608
-8.721608
-8.721608
-8.721608
-8.721608
-8.721608
-8.311038
-8.215773
-8.721608
-8.721608
-8.721608
-8.721608
-8.721608
3.938361
-8.721608
-8.721608
-8.721608
-8.721608
-8.721608
-8.721608
-8.721608
-8.721608
-8.721608
-8.721608
-8.721608
-8.721608
-8.721608
-8.721608
-8.721608
-7.340011
-8.721608
-8.721608
-8.721608
-8.721608
-8.721608
0.696474
-2.293376
-8.424036
-8.721608
-8.721608
-8.721608
-8.721608
-8.721608
-8.721608
-8.721608
-8.721608
-8.721608
-8.721608
-8.721608
-8.721608
-8.721608
-8.721608
-8.721608
-8.721608
-6.775520
-8.721608
-8.721608
-8.721608
-8.721608
-1.926615
-8.721608
-8.721608
-8.721608
-8.721608
-8.721608
-8.721608
-8.721608
-8.721608
-8.721608
-8.721608
-8.721608
-8.721608
-8.721608
-8.721608
-8.721608
-8.721608
-8.721608
-8.721608
-8.721608
-8.721608
-8.721608
-8.721608
-8.721608
-8.721608
-7.918464
-7.981827
-8.721608
-8.721608
-8.721608
-8.721608
-8.721608
-8.721608
-8.721608
-8.721608
-8.721608
-8.721608
-8.721608
1.764247
-8.721608
-8.721608
-8.721608
-7.771198
-8.721608
-8.721608
-8.721608
-8.721608
-8.721608
-8.721608
-6.909396
-8.721608
-8.721608
-8.721608
-8.721608
-8.721608
-8.721608
-8.721608
-8.721608
-8.721608
-7.956183
-8.721608
-8.721608
-8.721608
-8.308723
-8.721608
-8.721608
-8.721608
-8.721608
-8.721608
-3.562921
-8.721608
-8.721608
-8.721608
-8.721608
-8.312232
-8.721608
-6.752396
-8.721608
-8.721608
-8.721608
-7.444767
-8.721608
-8.721608
-8.721608
-8.721608
-8.721608
-8.721608
-8.721608
-8.721608
-8.721608
-8.721608
-8.721608
-8.721608
-8.721608
-8.721608
-8.721608
-8.721608
-8.721608
2.473744
-3.646795
-7.777937
-8.721608
-8.721608
-8.721608
-8.721608
-2.146328
-8.721608
2.332721
-8.721608
-8.721608
-8.721608
-8.721608
-8.721608
-8.721608
-8.721608
-8.721608
-8.006503
-8.721608
-8.721608
-2.860639
-8.721608
-8.721608
-7.500500
-8.721608
-4.559471
-8.721608
-8.721608
-8.721608
-8.721608
-8.721608
-8.721608
-8.721608
-8.721608
-8.721608
-8.721608
-8.721608
-8.721608
-8.721608
-8.721608
-3.794851
-4.303274
-8.721608
-8.721608
-8.721608
-8.721608
-8.721608
-8.242230
-8.721608
-8.721608
-8.721608
-8.721608
-8.721608
-8.721608
-8.721608
-8.721608
-6.172917
-6.952486
-4.759793
-8.721608
-8.721608
-8.721608
-8.721608
-8.721608
-8.721608
-8.721608
-8.721608
-8.721608
-8.721608
-8.721608
-4.185292
-4.142146
-8.721608
-8.721608
-8.077500
-8.721608
-3.714282
-8.721608
-8.721608
-8.516323
-8.721608
-8.721608
-8.721608
-8.242230
-8.721608
-8.721608
-8.721608
-8.721608
-8.721608
-8.721608
-8.721608
-8.721608
-8.721608
-8.721608
-8.721608
-8.721608
-8.721608
-8.721608
-8.721608
-8.721608
-8.721608
-8.721608
-8.721608
-8.721608
-7.543227
-8.077500
-8.721608
-7.560073
-8.721608
-7.478351
-8.721608
-8.721608
-8.072407
-7.091624
-8.289128
-8.721608
-8.721608
-8.721608
-8.721608
-8.721608
-3.186764
-8.721608
-8.721608
-7.662763
-8.721608
-8.721608
-8.721608
-5.654319
5.222022
-8.721608
-8.721608
-8.721608
-8.721608
-8.721608
-8.721608
-8.721608
-6.485406
-8.721608
-8.721608
-8.721608
-8.721608
-0.564163
-8.721608
-8.721608
-8.721608
-8.721608
-8.187255
-8.721608
-5.906923
-8.721608
-1.289069
-8.721608
-8.721608
-8.721608
-8.721608
-8.721608
-8.721608
-7.093077
-8.721608
-7.403917
-8.721608
-8.721608
-8.721608
-8.721608
-8.721608
-8.721608
-8.460441
-8.721608
-8.721608
-7.805252
-8.721608
-8.721608
-8.721608
-8.721608
-8.721608
-8.721608
-1.248942
-8.721608
-8.721608
-8.721608
-8.721608
-8.721608
-8.721608
-8.721608
-8.721608
-8.721608
-8.721608
-7.712500
-5.183085
-8.721608
-8.721608
-8.721608
-8.721608
-8.721608
-8.721608
-8.721608
-8.721608
-8.514935
-8.721608
-8.721608
-8.721608
-8.721608
-8.721608
-8.721608
-8.522753
0.846090
-8.721608
-8.721608
-8.721608
-8.721608
-8.721608
-8.721608
-4.917576
-8.308723
-8.721608
-8.721608
-8.721608
-8.721608
-8.721608
-8.721608
-8.721608
-8.721608
-8.721608
-8.721608
-8.721608
-8.721608
-8.721608
-8.721608
-8.721608
-8.721608
-8.721608
-8.721608
-8.721608
-8.721608
-8.721608
-8.721608
-8.721608
2.908609
-8.721608
-8.308723
-8.186983
-8.721608
-8.721608
-8.721608
-8.721608
-8.721608
-8.721608
-8.721608
-8.721608
-8.721608
-8.721608
-8.721608
-8.721608
-8.721608
-8.721608
-8.522753
-8.721608
-8.721608
-8.721608
-8.721608
-8.721608
-8.156892
-8.721608
-8.721608
-8.721608
-8.721608
-8.721608
-6.263888
-8.721608
-8.721608
-8.721608
-8.721608
-8.721608
-8.721608
-8.721608
-8.721608
-8.721608
-8.721608
-8.721608
-8.721608
-8.721608
-8.721608
-8.721608
-8.721608
-8.721608
-8.721608
-8.721608
-8.721608
-2.045272
-8.721608
-8.721608
-8.721608
-8.721608
-8.721608
-8.721608
-8.721608
-8.721608
-8.721608
-8.721608
-8.721608
-8.721608
-8.721608
-8.721608
-8.721608
-3.067390
-8.721608
-8.721608
-8.721608
-8.721608
-8.721608
-8.721608
-8.721608
-8.721608
-7.317692
-8.721608
-8.721608
-8.721608
-8.123514
-8.721608
-8.721608
-8.721608
-1.341810
-8.721608
-8.721608
-8.721608
-8.721608
-8.721608
-8.721608
-8.721608
-7.799830
-8.721608
-8.721608
-8.721608
-8.721608
-4.404253
-8.721608
-6.956081
-8.721608
-8.721608
-8.721608
-8.721608
-6.970819
-8.721608
-8.721608
-8.721608
-8.721608
-8.721608
-8.721608
-8.721608
-8.721608
2.621274
-8.721608
-7.853932
-8.721608
-8.721608
-8.721608
-8.721608
-8.721608
-6.341729
-8.721608
-8.721608
-8.721608
-8.721608
-8.423373
-8.721608
-6.526745
-8.721608
-8.721608
-8.721608
-8.721608
-8.721608
-8.721608
-0.019416
-8.721608
-8.721608
-8.721608
-8.721608
-8.721608
-8.721608
-8.721608
-8.721608
-8.721608
-7.681021
-8.721608
-8.721608
-8.721608
-8.721608
-8.721608
-8.721608
-8.721608
-8.721608
-8.721608
-8.721608
-8.721608
-8.721608
-8.721608
-8.721608
-8.721608
-8.721608
-8.721608
-5.371649
-8.721608
-1.772802
-8.242230
-8.721608
-7.139247
-8.721608
-4.463919
-8.721608
-8.352208
-8.721608
-8.721608
-8.721608
-8.721608
-8.721608
-8.721608
-8.721608
-8.721608
-7.538372
-8.721608
-8.721608
-8.721608
-6.248748
-8.721608
-8.721608
-5.489084
-8.721608
-8.721608
-8.721608
-8.721608
-8.721608
-8.721608
-8.721608
-8.721608
-8.721608
-8.721608
-8.721608
1.153331
-8.516323
-8.721608
-8.721608
-2.592240
-8.721608
-8.721608
-8.721608
-8.721608
-8.721608
-8.513544
-8.721608
-8.721608
-8.425359
-8.721608
-8.721608
-8.721608
-8.721608
-8.721608
-8.721608
-5.191835
-8.721608
-8.721608
-8.721608
-8.721608
-8.059217
-6.953549
-8.721608
-8.721608
-8.721608
-8.721608
-8.721608
-8.721608
-8.721608
-8.721608
-8.721608
-5.240560
-8.721608
-8.721608
-8.721608
-8.721608
-8.059217
-8.721608
-8.721608
-8.721608
-8.721608
-6.443360
-8.721608
-8.721608
-8.721608
-8.721608
-8.721608
-8.721608
-8.721608
-8.721608
-8.721608
-8.721608
-8.721608
-8.721608
-8.721608
-8.721608
-8.721608
-8.388663
-8.721608
-2.351350
-8.721608
-8.721608
-6.717756
-8.721608
-8.721608
-8.721608
-8.721608
-8.721608
-8.721608
-8.721608
-8.092414
-3.466924
-8.721608
-8.721608
-8.721608
-8.721608
-5.016920
-0.061697
-8.721608
-8.721608
-5.342979
-8.721608
-8.035557
-8.721608
-8.721608
-8.721608
-8.721608
-8.721608
-8.721608
-8.721608
-8.721608
-8.423373
-8.721608
-8.042555
-8.721608
-8.721608
-8.721608
-8.721608
-8.721608
-8.721608
-8.721608
-8.721608
-7.079248
-8.721608
-8.721608
-8.256975
-8.721608
-8.721608
-8.721608
-8.721608
-8.721608
-8.721608
-8.721608
-8.721608
-8.721608
-8.721608
-8.721608
-8.721608
-6.440754
-8.721608
-8.422709
-8.721608
-8.721608
-8.721608
-8.721608
-8.721608
-6.820264
-8.721608
-8.721608
-8.721608
-8.721608
-8.721608
-8.721608
-8.721608
-8.721608
-8.721608
-0.779688
-8.721608
-6.729485
-8.721608
-6.399704
-8.721608
-8.721608
1.623851
-8.721608
-8.721608
-8.721608
-8.352208
-8.721608
-8.352208
-8.721608
-7.300405
-8.721608
-8.189085
-8.721608
-8.721608
-8.721608
-8.721608
-5.665882
-8.721608
-8.721608
-8.455721
-8.721608
-8.721608
-7.505867
-8.721608
-8.721608
-8.721608
-5.464818
-8.721608
-8.721608
-8.721608
-8.721608
-8.490599
0.736167
-8.721608
-8.721608
-8.721608
-8.721608
-8.721608
-8.721608
-8.721608
-8.721608
-8.721608
-8.721608
-8.721608
-8.721608
-8.721608
-7.155723
-8.721608
-8.721608
-8.721608
-8.721608
-8.721608
-8.721608
-8.721608
-8.721608
-8.721608
-8.721608
-8.721608
-8.721608
-8.721608
-8.721608
-8.721608
-8.049777
-8.721608
-8.721608
-8.721608
-8.721608
-3.107738
-8.721608
-8.721608
-8.721608
-8.721608
-8.721608
-4.048512
-8.721608
-8.721608
-8.721608
-5.919115
-8.721608
-8.721608
-8.721608
3.475222
-8.721608
-8.721608
-8.721608
-8.721608
-8.721608
-8.721608
-8.721608
-8.721608
-8.455721
1.674521
-8.721608
-8.721608
-8.721608
-8.721608
-8.721608
-8.721608
-8.721608
-8.516323
-8.721608
-8.721608
-8.282174
-8.721608
-8.721608
-8.721608
-8.721608
-8.721608
-8.721608
-8.721608
-8.721608
-8.721608
-8.721608
-8.721608
-7.141175
-8.721608
-8.455721
-8.721608
-8.721608
-8.721608
-8.721608
-8.721608
-8.721608
-8.721608
-8.721608
-8.721608
-8.721608
-8.721608
-8.721608
-8.721608
-8.423373
-8.721608
-8.352208
-8.721608
-8.721608
-8.721608
-8.721608
-8.721608
-8.721608
-8.721608
-8.721608
-8.721608
-8.721608
1.464719
-6.522490
-8.291744
-8.721608
-8.721608
-8.721608
-8.721608
1.005151
-8.721608
-8.721608
-8.721608
-8.721608
-8.721608
-8.721608
-8.721608
-8.721608
-8.721608
-8.487459
-8.721608
-8.721608
-8.721608
-8.721608
-8.721608
-8.721608
-8.721608
-8.721608
-8.721608
-8.721608
-8.721608
-8.721608
-7.304577
-8.721608
-8.721608
-8.721608
-8.721608
-5.277496
-8.721608
5.269199
-8.721608
-8.721608
-8.242230
-8.516323
-8.721608
-8.721608
-3.879539
-8.721608
-8.721608
-8.721608
-8.721608
-8.721608
-8.721608
-8.721608
-8.721608
-8.721608
-8.721608
-8.721608
-8.721608
-6.254572
-8.721608
-8.721608
-8.291744
-8.721608
-8.721608
-7.571670
-4.433648
-8.721608
-8.721608
-8.721608
-8.721608
-8.721608
-8.721608
3.814971
-8.721608
-8.721608
-8.721608
-8.721608
-8.721608
-8.721608
-8.721608
-8.721608
-8.721608
-6.091574
-8.721608
-8.721608
-8.721608
-8.721608
-8.721608
-8.721608
-8.721608
-8.721608
-8.721608
-8.721608
3.513183
-8.721608
-8.721608
-8.721608
-8.721608
-8.721608
-8.721608
-6.753396
-8.721608
-8.721608
-8.721608
-8.721608
-8.721608
-8.721608
-8.721608
-4.248469
-8.721608
-8.721608
-8.721608
-8.721608
-8.721608
-8.721608
-8.721608
-8.721608
-8.721608
-8.721608
-7.199351
-8.721608
-8.721608
-8.721608
-8.721608
-8.721608
-8.721608
-8.721608
-8.721608
-8.721608
-8.721608
-8.721608
-8.721608
-8.721608
-8.721608
-8.721608
-8.721608
-8.721608
-2.619227
-8.721608
-8.721608
-8.721608
-6.712913
-8.721608
-8.721608
-8.485882
-8.721608
5.634258
-8.721608
-8.721608
-8.721608
-8.721608
-8.352208
-6.168873
1.118081
-8.721608
-8.721608
-8.721608
-8.721608
-8.721608
-8.721608
-8.721608
-8.721608
-5.468195
-8.721608
-8.721608
-5.567285
-8.721608
-8.721608
-8.721608
-8.721608
-8.721608
-8.721608
-8.721608
-8.721608
0.930931
-8.721608
-8.721608
-8.721608
-8.721608
-8.721608
-8.721608
-8.721608
-8.721608
-8.721608
-8.721608
-8.721608
-8.721608
-8.721608
-8.721608
-8.721608
-8.721608
-8.721608
-7.664617
-3.394254
-7.478318
-8.721608
-7.594546
-8.721608
-8.721608
-8.721608
-8.721608
-8.721608
-8.721608
-8.721608
-1.480273
-8.721608
-8.721608
-4.548114
-5.946515
-8.077500
-8.721608
-8.721608
-8.721608
-8.721608
-8.721608
-8.721608
-8.721608
-8.460441
-8.261586
-8.721608
-8.721608
-8.721608
-8.721608
-8.721608
-8.721608
1.507986
-8.721608
-8.721608
-8.355466
-8.721608
-8.721608
-8.721608
-8.721608
-8.721608
-8.721608
-8.721608
-8.424036
-8.487984
-8.721608
-8.721608
-8.721608
-8.721608
-8.721608
2.173240
-8.721608
-8.721608
-8.721608
-8.721608
-8.721608
-5.213693
-8.721608
-8.721608
-8.721608
-8.721608
-8.721608
-5.998188
-8.721608
-8.721608
-8.721608
-8.721608
-8.077500
-8.721608
-8.721608
-8.721608
-8.721608
-8.721608
-7.274765
-8.721608
-8.721608
-8.721608
-8.721608
-8.721608
-8.721608
3.119563
-8.721608
-8.522753
-8.485882
-8.721608
-8.721608
-8.721608
-8.721608
-8.721608
-8.721608
-8.721608
-8.721608
-8.721608
-8.721608
-8.721608
-8.721608
-8.721608
-8.721608
-8.721608
-8.721608
-8.721608
-8.721608
-6.294301
-8.721608
-8.721608
-8.721608
-6.777373
-7.473482
-8.721608
-8.721608
-8.721608
-8.721608
-8.721608
-8.721608
-6.536339
-8.721608
-8.721608
-8.721608
-7.778601
-7.307524
-8.721608
-8.721608
-8.721608
-8.721608
-8.721608
-8.721608
-8.721608
-8.721608
-8.721608
-8.352208
-8.721608
-8.721608
-8.721608
-8.721608
-8.721608
-8.721608
-8.721608
-8.721608
-1.270143
-8.721608
-8.721608
-8.721608
-8.721608
-8.721608
-8.721608
-8.721608
-8.721608
-8.721608
-8.487984
-8.721608
-8.721608
-8.721608
-8.721608
-8.721608
-8.522753
-8.721608
-8.721608
-8.721608
-8.424036
-8.721608
-8.721608
-8.721608
-8.721608
-8.721608
-4.746946
-8.721608
-8.721608
-8.721608
-8.721608
-8.721608
-8.721608
-8.721608
-8.721608
-8.721608
-8.721608
6.163651
-8.721608
-8.352208
-8.721608
-5.977982
-8.721608
-8.721608
-8.721608
-8.721608
-8.721608
-8.721608
-8.721608
-8.721608
-8.721608
-8.721608
-6.416677
-8.721608
-8.721608
-8.077500
-8.721608
-8.721608
-8.721608
-8.721608
-8.721608
-8.721608
-7.262663
-8.721608
-8.721608
-8.721608
-8.721608
-8.721608
-8.721608
-8.721608
-8.721608
-8.721608
-8.721608
-8.721608
-8.721608
-8.721608
-8.721608
-2.936764
2.607093
-8.721608
-8.721608
-8.721608
-8.721608
-8.721608
-8.721608
-8.721608
-8.721608
-8.721608
-8.721608
-8.721608
-1.200461
-8.721608
-8.721608
2.317714
-4.755509
-8.721608
-8.721608
-8.721608
-8.721608
-8.721608
-8.721608
-8.721608
-8.721608
-8.721608
-8.721608
-8.721608
-8.721608
-8.721608
-8.721608
-8.721608
-8.721608
-8.721608
-8.485882
-8.721608
-8.721608
-4.290956
-8.721608
-8.721608
-6.821652
-8.721608
-8.721608
-8.721608
-8.721608
-8.721608
-8.721608
-8.721608
-8.721608
-8.721608
-8.721608
-8.721608
-8.721608
-8.721608
-8.721608
-8.721608
-7.872215
-8.721608
-8.721608
-8.721608
-8.721608
-8.721608
-8.721608
-8.721608
-8.721608
-8.721608
-8.721608
-8.721608
4.489369
-8.721608
-7.579081
-8.721608
-8.721608
-7.301455
-8.721608
-8.721608
-6.730090
-8.721608
-8.721608
-8.310424
-6.655559
-8.721608
-8.721608
-8.721608
-8.721608
-6.334264
-8.721608
-8.721608
-8.721608
-8.721608
-8.355466
-8.721608
-7.705293
1.655976
-8.721608
-8.721608
-8.721608
-8.721608
-4.155136
-8.721608
-8.486934
-8.721608
-8.721608
-8.721608
-8.721608
-8.721608
-8.721608
-8.721608
-8.721608
-8.721608
-8.721608
-7.362396
-8.721608
-8.721608
-8.721608
-8.721608
-8.484827
-8.721608
-8.047553
-8.721608
-8.721608
-7.777937
-8.721608
-8.721608
-8.721608
-8.721608
-8.721608
-8.721608
-8.721608
-8.721608
-8.721608
-7.756414
-7.348414
-8.721608
-8.721608
-8.721608
-8.721608
1.261487
-8.721608
-8.721608
-8.021139
-8.721608
-8.721608
-8.721608
-8.721608
-8.721608
-8.721608
-8.721608
-8.721608
-8.721608
-8.721608
-8.721608
-8.721608
-8.721608
-8.721608
-8.721608
-8.721608
-8.721608
-5.912466
-8.721608
-8.721608
-8.721608
-8.721608
-8.721608
-7.531065
-8.721608
-8.721608
-8.721608
-8.721608
-8.721608
-8.460441
-8.721608
-8.721608
-8.721608
-8.721608
-8.721608
-8.721608
-8.522753
-8.721608
-8.721608
-8.721608
-8.721608
-8.721608
-8.721608
-8.721608
-8.721608
-8.721608
-8.721608
-8.721608
-8.721608
-8.721608
-8.721608
-8.721608
-8.721608
-8.721608
-7.761550
-8.721608
-8.721608
-3.787537
-8.721608
-8.721608
-8.721608
-8.721608
-8.721608
-8.721608
-2.891354
-7.359361
-8.721608
-8.721608
-8.721608
-8.721608
-6.182084
-8.721608
-8.721608
-8.721608
-7.901048
-8.721608
-8.721608
-8.721608
-6.117813
2.352322
-8.721608
-8.721608
-8.721608
-8.721608
-8.721608
-1.801525
-8.721608
-8.721608
-8.721608
-8.721608
-8.721608
-8.721608
-8.721608
-8.721608
-8.721608
-8.721608
-8.721608
-8.721608
-8.424036
-8.721608
-8.721608
-8.721608
-8.721608
-8.277691
-8.721608
-8.721608
-8.721608
-8.721608
-8.721608
-8.721608
-8.721608
-8.721608
-8.721608
-8.721608
-8.721608
-6.799439
-8.721608
-8.721608
-8.721608
-8.721608
-8.721608
-4.182468
-8.721608
-7.503497
-8.721608
-8.721608
-8.721608
-8.721608
-8.721608
-8.721608
-8.721608
-8.721608
-8.721608
-8.721608
-4.591111
-8.721608
-8.721608
-8.721608
-8.721608
-8.721608
-8.721608
-8.721608
-8.721608
-8.721608
-8.721608
-8.721608
-8.721608
-8.721608
-8.514008
-1.490446
-8.721608
-6.391738
-8.721608
-8.721608
-8.721608
-8.721608
-8.721608
-8.721608
-8.721608
-8.389401
-8.721608
-8.721608
-8.721608
-8.721608
-5.020082
-8.721608
-4.955710
-8.721608
-8.721608
-8.721608
-8.721608
-8.721608
-8.721608
-8.721608
-8.721608
-5.686965
-8.721608
-8.721608
-8.721608
-8.721608
-8.721608
-8.721608
-8.721608
-8.721608
-8.721608
-8.721608
-8.721608
-8.721608
-8.721608
-8.721608
-8.721608
-7.099011
-8.721608
-8.721608
