===== FindNoisyObjects Started at 5/18/2021 8:06:46 PM
727
1110
1359
753
1417
38
635
110
438
1024
1237
1055
486
196
275
1406
3
1573
136
1675
5
6
284
8
4
2
10
17
15
9
7
20
22
12
16
24
28
21
18
23
31
37
40
43
45
30
42
32
39
44
25
46
34
51
26
47
62
66
63
52
27
70
36
67
68
69
72
48
64
78
73
57
71
84
49
80
60
76
65
87
90
81
88
91
89
92
95
93
97
98
100
101
104
116
130
123
82
77
124
119
105
132
137
120
127
133
144
108
138
121
128
109
140
150
154
143
151
159
152
160
153
163
171
164
50
146
135
172
165
175
147
155
180
111
149
176
156
181
166
173
112
189
168
177
113
157
182
190
174
169
179
200
191
183
201
218
209
231
245
184
192
203
219
232
185
246
210
193
220
234
187
204
221
211
226
212
227
214
228
247
195
235
205
215
248
230
188
206
197
236
249
216
260
199
217
269
281
207
271
252
261
237
208
282
292
262
253
302
242
273
254
283
293
263
244
303
274
264
295
285
255
313
277
265
304
296
286
256
319
278
305
266
258
279
289
320
297
259
306
290
298
268
280
291
321
307
328
337
347
299
308
300
323
348
329
311
355
338
364
325
330
357
339
349
376
367
326
331
341
350
358
379
342
327
332
368
351
359
396
333
352
380
343
370
360
361
334
353
371
336
354
362
397
421
381
345
441
372
363
442
383
346
398
422
443
463
400
444
485
423
384
465
487
385
446
401
466
424
386
467
449
425
402
489
387
426
404
490
468
388
450
469
405
428
491
406
451
390
373
471
407
492
429
391
375
493
472
430
392
452
473
408
431
453
498
494
432
475
393
454
411
499
476
433
520
412
394
477
455
500
434
521
457
501
413
481
395
435
458
436
415
523
482
437
537
502
460
483
524
461
418
503
564
538
484
611
525
565
539
504
586
631
588
568
526
612
540
505
590
569
632
613
591
506
542
570
527
614
507
545
592
571
633
528
547
595
634
508
616
572
597
529
617
549
637
599
511
530
573
550
574
619
531
600
639
512
620
554
601
576
532
514
640
555
577
621
602
533
516
556
641
622
578
603
519
534
557
623
654
642
579
535
655
606
624
645
581
646
536
607
656
647
583
648
670
649
657
609
584
558
625
650
671
658
690
610
560
672
628
659
709
653
674
726
675
691
692
629
677
630
561
728
693
660
710
730
745
680
695
731
765
661
711
681
746
712
696
682
697
683
732
766
698
713
662
733
684
663
767
747
734
714
685
699
769
748
715
686
735
716
664
701
770
749
665
687
717
666
736
771
688
750
702
667
737
689
718
703
668
774
719
738
751
669
754
787
704
809
755
739
720
788
776
757
812
740
790
721
777
705
792
813
758
741
779
722
781
814
742
793
759
782
744
794
761
783
828
796
762
784
723
830
785
763
798
725
786
872
707
831
799
873
764
918
815
708
960
874
800
919
832
1011
875
816
801
1012
920
962
833
964
965
878
1013
921
803
1014
817
805
1015
834
806
1016
966
818
807
835
923
879
1018
808
967
819
881
836
1020
924
820
969
1058
970
837
1022
822
975
925
1023
1059
823
838
976
926
1060
1025
824
977
1061
928
1026
840
978
882
825
1062
929
979
1063
883
1027
826
843
930
980
884
1064
1029
845
931
885
827
1066
981
887
932
847
1031
1067
1095
1033
849
888
984
933
850
1035
1068
985
1097
934
1036
891
1070
987
851
1098
935
1037
892
852
1071
1038
936
1099
1072
988
853
893
1040
937
1073
854
989
894
1041
1101
939
1074
991
897
855
1102
1043
1103
1075
941
1046
992
1105
898
856
1076
1047
859
944
1106
860
899
1048
1077
945
995
900
1079
1050
862
1108
946
863
1080
997
903
947
865
1051
998
1109
948
866
1052
1000
904
949
1053
1081
1111
1056
1002
867
950
905
868
953
1112
1082
870
1057
954
1003
906
1115
1083
1141
871
955
1005
908
1084
1116
1008
1182
1143
956
1086
959
1009
1117
1144
909
1184
1087
1227
1118
1010
910
1088
1228
1145
1185
1272
1119
1274
913
1231
1146
1089
1120
1275
1123
1186
914
1147
1187
1232
1276
1091
1124
1148
1233
915
1188
1092
1234
1277
1127
916
1150
1189
1236
1093
1278
1151
1128
1313
1238
1094
1279
1352
1280
1353
1281
1190
1314
1282
1130
1354
1239
1152
1191
1283
1315
1131
1286
1355
1154
1240
1287
1132
1193
1319
1356
1156
1241
1133
1288
1194
1320
1242
1362
1289
1134
1290
1157
1135
1321
1158
1195
1291
1243
1136
1363
1322
1197
1159
1364
1244
1138
1160
1292
1323
1293
1199
1365
1245
1324
1140
1161
1294
1366
1325
1200
1295
1246
1399
1367
1162
1326
1202
1400
1248
1297
1368
1163
1328
1370
1204
1298
1164
1404
1329
1249
1205
1405
1250
1371
1208
1299
1165
1251
1331
1407
1375
1209
1300
1169
1332
1252
1376
1211
1409
1170
1333
1301
1377
1253
1212
1171
1334
1213
1410
1379
1303
1335
1256
1172
1304
1380
1411
1215
1305
1336
1381
1259
1175
1216
1412
1337
1307
1176
1384
1260
1177
1178
1413
1310
1385
1338
1217
1179
1261
1340
1218
1416
1312
1180
1262
1386
1418
1341
1219
1454
1263
1388
1419
1342
1455
1181
1220
1267
1221
1389
1456
1423
1224
1504
1268
1458
1225
1424
1343
1459
1391
1426
1505
1344
1546
1427
1345
1270
1507
1463
1392
1428
1467
1347
1547
1394
1271
1508
1429
1395
1348
1468
1430
1509
1550
1585
1469
1349
1396
1587
1350
1432
1470
1552
1510
1397
1553
1351
1433
1588
1473
1624
1591
1398
1434
1554
1511
1474
1625
1670
1435
1555
1592
1513
1475
1436
1514
1593
1626
1671
1556
1478
1437
1515
1627
1557
1673
1480
1517
1439
1594
1628
1484
1448
1629
1559
1595
1449
1518
1676
1596
1485
1598
1519
1560
1631
1486
1561
1451
1677
1599
1521
1488
1452
1562
1632
1679
1523
1600
1563
1524
1525
1601
1490
1602
1453
1633
1680
1564
1526
1491
1528
1715
1681
1492
1603
1716
1565
1529
1634
1604
1530
1493
1605
1682
1717
1531
1566
1606
1635
1567
1494
1636
1683
1718
1532
1607
1719
1637
1495
1720
1568
1684
1609
1534
1686
1497
1569
1640
1721
1498
1610
1570
1641
1499
1612
1536
1722
1687
1571
1723
1538
1613
1643
1500
1539
1724
1688
1575
1645
1725
1615
1689
1540
1576
1501
1577
1616
1646
1691
1502
1578
1541
1648
1726
1693
1617
1503
1649
1579
1727
1694
1651
1618
1542
1580
1755
1543
1581
1696
1730
1652
1544
1697
1619
1756
1582
1620
1731
1655
1621
1835
1734
1656
1698
1583
1757
1622
1837
1735
1657
1584
1623
1758
1839
1658
1699
1736
1660
1840
251
1760
1700
1661
1737
1841
1701
1761
1662
999
1739
1842
1763
1665
1740
1843
1864
1702
1764
1668
1844
1703
488
1741
1742
1765
1704
439
1845
1669
1707
1743
1766
1846
1708
1745
1767
1709
1847
1746
1768
1850
1710
1747
1770
1851
1748
1771
1713
1749
1773
1852
1750
1774
1853
1775
1752
1854
1776
1754
1855
1777
1856
1778
1857
1781
1858
1782
1859
1783
1860
1784
1861
1786
1862
1787
1865
1867
1788
1790
1868
1791
1869
1792
1870
1795
1797
1871
1798
1872
1799
1873
1801
1875
1802
1876
1803
1877
1804
1880
1805
1882
1806
1807
1883
1808
1884
1809
1885
1810
1886
1811
1887
1812
1888
1814
1889
1815
1891
1816
1892
1817
1893
1819
1894
1820
1895
1821
1896
1822
1897
1823
1824
1825
1898
1826
1899
1827
1900
1902
1903
1904
1828
1905
1831
1907
1832
1908
1833
1420
1834
552
510
1096
===== FindNoisyObjects Ended at 5/18/2021 8:06:46 PM
