10694, 16793, 79650, 13358, 29152, 26237, 90405, 79603, 27150, 91838, 79244, 135816, 27359, 32596, 79419, 3391, 72033, 16797, 27355, 23405, 26964, 90587, 89728, 79225, 24797, 28851, 26264, 100530, 31643, 90330, 26952, 26871, 28531, 83119, 113059, 88024, 100784, 25987, 35281, 135881, 79290, 88790, 92747, 10890, 90494, 54841, 11642, 29422, 17358, 26448, 29530, 24759, 39498, 27135, 12068, 29311, 136005, 27122, 83344, 3157, 79608, 32637, 92646, 14225, 26006, 88308, 23595, 93357, 29289, 16829, 79278, 91878, 25497, 17003, 135964, 106988, 35433, 28681, 79696, 35544
Feature count is 80
Criterion1 result is ObjectIndex = 1369, Distance = -7.5952394023370532569211958476, Value = 0.7685389502481928390472213112
Boundary = -7.5866635357567683545779447525
-10.066734
-9.231294
-10.066734
-10.066734
-10.066734
-10.066734
-10.066734
-10.066734
-10.066734
-10.066734
-10.066734
-10.066734
-10.066734
-8.853074
-10.066734
-10.066734
-10.066734
-10.066734
-10.066734
-10.066734
-10.066734
-10.066734
-10.066734
-10.066734
-10.066734
-10.066734
-10.066734
-10.066734
-10.066734
-10.066734
-10.066734
-10.066734
-10.066734
-10.066734
-10.066734
-9.577486
-10.066734
-10.066734
-10.066734
-10.066734
-10.066734
-10.066734
-10.066734
-10.066734
-10.066734
-10.066734
-10.066734
-10.066734
-10.066734
-10.066734
-10.066734
-10.066734
-10.066734
-10.066734
-10.066734
-10.066734
-9.877215
-10.066734
-8.135652
-10.066734
-10.066734
-10.066734
-10.066734
-10.066734
-10.066734
-10.066734
-10.066734
-10.066734
-10.066734
-10.066734
-10.066734
-10.066734
-10.066734
-10.066734
-10.066734
-9.876395
-10.066734
-10.066734
-10.066734
-10.066734
-10.066734
-10.066734
-10.066734
-10.066734
-10.066734
9.498992
-10.066734
-10.066734
-10.066734
-10.066734
-10.066734
-10.066734
-10.066734
-10.066734
-10.066734
-10.066734
-10.066734
-10.066734
-10.066734
-10.066734
-10.066734
-10.066734
-7.446210
-10.066734
-10.066734
-10.066734
-10.066734
-8.725034
-10.066734
-10.066734
-8.944213
-10.066734
-10.066734
-10.066734
-10.066734
-10.066734
-10.066734
-10.066734
-10.066734
-10.066734
-10.066734
-10.066734
-10.066734
-10.066734
-10.066734
-9.150390
-10.066734
-10.066734
-10.066734
-10.066734
-10.066734
-10.066734
-10.066734
-10.066734
-9.705738
-10.066734
-7.991840
-10.066734
-10.066734
-10.066734
-10.066734
-9.193402
-10.066734
-10.066734
-10.066734
-10.066734
-10.066734
-10.066734
-9.815503
-10.066734
-10.066734
-10.066734
-10.066734
-10.066734
-10.066734
-10.066734
-10.066734
-10.066734
-9.847411
-10.066734
-10.066734
-10.066734
-10.066734
-10.066734
-10.066734
-10.066734
-10.066734
-10.066734
-10.066734
-10.066734
-10.066734
-10.066734
-10.066734
-10.066734
-10.066734
-10.066734
-10.066734
-10.066734
-10.066734
-10.066734
-10.066734
-10.066734
-10.066734
-10.066734
-10.066734
-10.066734
-10.066734
-10.066734
-10.066734
-10.066734
-10.066734
-10.066734
-10.066734
-10.066734
-9.231294
-10.066734
-10.066734
-10.066734
-10.066734
-10.066734
-10.066734
-10.066734
-10.066734
-10.066734
-10.066734
-10.066734
-10.066734
-10.066734
-10.066734
-10.066734
-10.066734
-10.066734
-10.066734
-10.066734
-10.066734
-10.066734
-10.066734
-10.066734
-10.066734
-10.066734
-10.066734
-10.066734
-10.066734
-10.066734
-10.066734
-10.066734
-10.066734
-10.066734
-10.066734
-9.231294
-10.066734
-10.066734
-10.066734
-10.066734
-10.066734
-10.066734
-10.066734
-10.066734
-10.066734
-10.066734
-10.066734
-10.066734
-10.066734
-10.066734
-10.066734
-10.066734
-10.066734
-10.066734
-10.066734
-10.066734
-10.066734
-8.552936
-10.066734
-10.066734
-10.066734
-10.066734
-10.066734
-9.115370
-10.066734
-10.066734
-10.066734
-10.066734
-10.066734
-10.066734
-10.066734
-10.066734
-10.066734
-9.879259
-10.066734
-10.066734
-5.117880
-10.066734
-10.066734
-10.066734
-10.066734
-10.066734
-9.231294
-10.066734
-10.066734
-10.066734
-10.066734
-10.066734
-10.066734
-10.066734
-10.066734
-10.066734
-10.066734
-10.066734
-10.066734
-10.066734
-10.066734
-10.066734
-10.066734
-10.066734
-1.713065
-10.066734
-10.066734
-10.066734
-10.066734
-10.066734
-10.066734
-10.066734
-10.066734
-10.066734
-10.066734
-10.066734
-10.066734
-10.066734
-10.066734
-10.066734
-10.066734
-10.066734
-10.066734
-10.066734
-10.066734
-10.066734
-8.621520
-8.978432
-10.066734
-10.066734
-10.066734
-10.066734
-10.066734
-10.066734
-10.066734
-10.066734
-10.066734
-10.066734
-10.066734
-10.066734
-10.066734
-10.066734
-10.066734
-10.066734
-10.066734
-10.066734
-10.066734
-10.066734
-10.066734
-10.066734
-8.523776
-10.066734
-10.066734
-10.066734
-10.066734
-10.066734
-10.066734
-10.066734
-10.066734
-10.066734
-10.066734
-10.066734
-10.066734
-10.066734
-10.066734
-10.066734
-10.066734
-10.066734
-10.066734
-10.066734
-10.066734
-10.066734
-10.066734
-10.066734
-10.066734
-10.066734
-10.066734
-10.066734
-10.066734
-10.066734
-10.066734
-10.066734
-10.066734
-10.066734
-10.066734
-10.066734
-10.066734
-10.066734
-2.647801
-10.066734
-10.066734
-10.066734
-9.813872
-10.066734
-10.066734
-10.066734
-10.066734
-10.066734
-10.066734
-10.066734
-10.066734
-10.066734
-10.066734
-10.066734
-10.066734
-10.066734
-10.066734
-10.066734
-10.066734
-9.847411
-10.066734
-10.066734
-10.066734
-10.066734
-10.066734
-10.066734
-10.066734
-10.066734
-10.066734
-3.853318
-10.066734
-10.066734
-10.066734
-10.066734
-10.066734
-10.066734
-9.231294
-10.066734
-10.066734
-10.066734
-10.066734
-10.066734
-10.066734
-10.066734
-10.066734
-10.066734
-10.066734
-10.066734
-10.066734
-10.066734
-10.066734
-10.066734
-10.066734
-10.066734
-10.066734
-10.066734
-10.066734
-10.066734
-4.151819
-8.688582
-10.066734
-10.066734
-10.066734
-10.066734
-10.066734
-9.847411
-10.066734
7.453432
-10.066734
-10.066734
-10.066734
-10.066734
-10.066734
-10.066734
-10.066734
-10.066734
-10.066734
-10.066734
-10.066734
-5.047019
-10.066734
-10.066734
-10.066734
-10.066734
-8.570953
-10.066734
-10.066734
-10.066734
-10.066734
-10.066734
-10.066734
-10.066734
-10.066734
-10.066734
-10.066734
-10.066734
-10.066734
-10.066734
-10.066734
-9.231294
-9.879259
-10.066734
-10.066734
-10.066734
-10.066734
-10.066734
-9.779653
-10.066734
-10.066734
-10.066734
-10.066734
-10.066734
-10.066734
-10.066734
-10.066734
-10.066734
-10.066734
-10.066734
-10.066734
-10.066734
-10.066734
-10.066734
-10.066734
-10.066734
-10.066734
-10.066734
-10.066734
-10.066734
-10.066734
-9.577486
-9.561091
-10.066734
-10.066734
-10.066734
-10.066734
-10.066734
-10.066734
-10.066734
-10.066734
-10.066734
-10.066734
-10.066734
-9.815503
-10.066734
-10.066734
-10.066734
-10.066734
-10.066734
-10.066734
-10.066734
-10.066734
-10.066734
-10.066734
-10.066734
-10.066734
-10.066734
-10.066734
-10.066734
-10.066734
-10.066734
-10.066734
-10.066734
-10.066734
-10.066734
-10.066734
-10.066734
-9.877215
-10.066734
-10.066734
-10.066734
-10.066734
-10.066734
-8.262246
-10.066734
-10.066734
-10.066734
-10.066734
-10.066734
-10.066734
-10.066734
-10.066734
-10.066734
-10.066734
-10.066734
-10.066734
-10.066734
-10.066734
3.880485
-10.066734
-10.066734
-10.066734
-10.066734
-10.066734
-10.066734
-10.066734
-2.824325
-10.066734
-10.066734
-10.066734
-10.066734
-6.599330
-10.066734
-10.066734
-10.066734
-10.066734
-10.066734
-10.066734
-9.437276
-10.066734
-6.399929
-10.066734
-10.066734
-10.066734
-10.066734
-10.066734
-10.066734
-10.066734
-10.066734
-10.066734
-10.066734
-10.066734
-10.066734
-10.066734
-10.066734
-10.066734
-10.066734
-10.066734
-10.066734
-10.066734
-10.066734
-10.066734
-10.066734
-10.066734
-10.066734
-10.066734
1.675765
-10.066734
-10.066734
-10.066734
-10.066734
-10.066734
-10.066734
-10.066734
-10.066734
-10.066734
-10.066734
-10.066734
-10.066734
-10.066734
-10.066734
-10.066734
-10.066734
-10.066734
-10.066734
-10.066734
-10.066734
-10.066734
-10.066734
-9.876805
-10.066734
-10.066734
-10.066734
-10.066734
-10.066734
-7.557307
-10.066734
-10.066734
-10.066734
-10.066734
-10.066734
-10.066734
-8.483177
-10.066734
-10.066734
-10.066734
-10.066734
-10.066734
-10.066734
-10.066734
-10.066734
-10.066734
-10.066734
-10.066734
-10.066734
-10.066734
-10.066734
-10.066734
-10.066734
-10.066734
-10.066734
-10.066734
-10.066734
-10.066734
-10.066734
-10.066734
-10.066734
-9.041775
-10.066734
-10.066734
-10.066734
-10.066734
-10.066734
-10.066734
-10.066734
-10.066734
-10.066734
-10.066734
-10.066734
-10.066734
-10.066734
-10.066734
-10.066734
-10.066734
-10.066734
-10.066734
-10.066734
-10.066734
-10.066734
-10.066734
-10.066734
-10.066734
-10.066734
-10.066734
-10.066734
-10.066734
-10.066734
-9.877215
-10.066734
-10.066734
-10.066734
-10.066734
-10.066734
-10.066734
-10.066734
-10.066734
-10.066734
-10.066734
-10.066734
-10.066734
-10.066734
-10.066734
-10.066734
-10.066734
-10.066734
-10.066734
-10.066734
-10.066734
-6.062773
-10.066734
-10.066734
-10.066734
-10.066734
-10.066734
-10.066734
-10.066734
-10.066734
-10.066734
-10.066734
-10.066734
-10.066734
-10.066734
-10.066734
-10.066734
-8.719240
-10.066734
-10.066734
-10.066734
-10.066734
-10.066734
-10.066734
-10.066734
-10.066734
-10.066734
-10.066734
-10.066734
-10.066734
-10.066734
-10.066734
-10.066734
-10.066734
-9.231294
-10.066734
-10.066734
-10.066734
-10.066734
-10.066734
-10.066734
-10.066734
-9.847411
-10.066734
-10.066734
-10.066734
-10.066734
-10.066734
-10.066734
-10.066734
-10.066734
-10.066734
-10.066734
-10.066734
-9.231294
-10.066734
-10.066734
-10.066734
-10.066734
-10.066734
-10.066734
-10.066734
-10.066734
-1.467633
-10.066734
-10.066734
-10.066734
-10.066734
-10.066734
-10.066734
-10.066734
-10.066734
-10.066734
-10.066734
-10.066734
-10.066734
-10.066734
-10.066734
-9.591369
-10.066734
-10.066734
-10.066734
-10.066734
-10.066734
-10.066734
-8.907904
-10.066734
-10.066734
-10.066734
-10.066734
-10.066734
-10.066734
-10.066734
-10.066734
-10.066734
-10.066734
-10.066734
-10.066734
-10.066734
-10.066734
-10.066734
-10.066734
-10.066734
-10.066734
-10.066734
-10.066734
-10.066734
-10.066734
-10.066734
-10.066734
-10.066734
-10.066734
-10.066734
-10.066734
-10.066734
-8.168954
-10.066734
-10.066734
-10.066734
-10.066734
-8.851846
-10.066734
-10.066734
-10.066734
-10.066734
-10.066734
-10.066734
-10.066734
-10.066734
-10.066734
-10.066734
-10.066734
-10.066734
-10.066734
-10.066734
-9.879259
-10.066734
-10.066734
-9.042184
-10.066734
-10.066734
-10.066734
-10.066734
-10.066734
-10.066734
-10.066734
-10.066734
-10.066734
-10.066734
-10.066734
-9.011023
-10.066734
-10.066734
-10.066734
-9.042184
-10.066734
-10.066734
-10.066734
-10.066734
-10.066734
-10.066734
-10.066734
-10.066734
-10.066734
-10.066734
-10.066734
-10.066734
-10.066734
-10.066734
-10.066734
-7.464487
-10.066734
-10.066734
-10.066734
-10.066734
-10.066734
-10.066734
-10.066734
-10.066734
-10.066734
-10.066734
-10.066734
-10.066734
-10.066734
-10.066734
-10.066734
-10.066734
-10.066734
-10.066734
-10.066734
-10.066734
-9.875575
-10.066734
-10.066734
-10.066734
-10.066734
-10.066734
-10.066734
-10.066734
-10.066734
-10.066734
-10.066734
-10.066734
-10.066734
-10.066734
-10.066734
-10.066734
-10.066734
-10.066734
-10.066734
-10.066734
-10.066734
-10.066734
-10.066734
-8.822042
-10.066734
-10.066734
-10.066734
-10.066734
-10.066734
-10.066734
-10.066734
-10.066734
-10.066734
-10.066734
-10.066734
-10.066734
-10.066734
-10.066734
-10.066734
-10.066734
-9.231294
-7.691224
-10.066734
-10.066734
-9.705738
-10.066734
-10.066734
-10.066734
-10.066734
-10.066734
-10.066734
-10.066734
-10.066734
-10.066734
-10.066734
-10.066734
-10.066734
-10.066734
-10.066734
-10.066734
-10.066734
-10.066734
-10.066734
-10.066734
-10.066734
-10.066734
-10.066734
-10.066734
-10.066734
-10.066734
-10.066734
-10.066734
-10.066734
-10.066734
-10.066734
-10.066734
-10.066734
-10.066734
-10.066734
-8.897616
-10.066734
-10.066734
-9.493191
-10.066734
-10.066734
-10.066734
-10.066734
-10.066734
-10.066734
-10.066734
-10.066734
-10.066734
-10.066734
-10.066734
-10.066734
-10.066734
-10.066734
-10.066734
-10.066734
-10.066734
-8.553170
-10.066734
-10.066734
-10.066734
-9.041365
-10.066734
-10.066734
-4.241868
-10.066734
-10.066734
-10.066734
-10.066734
-10.066734
-10.066734
-10.066734
-10.066734
-10.066734
-10.066734
-10.066734
-10.066734
-10.066734
-10.066734
-10.066734
-10.066734
-10.066734
-10.066734
-10.066734
-10.066734
-9.877624
-10.066734
-10.066734
-10.066734
-7.659215
-10.066734
-10.066734
-10.066734
-10.066734
-10.066734
-5.953691
-10.066734
-10.066734
-10.066734
-10.066734
-10.066734
-10.066734
-10.066734
-10.066734
-10.066734
-10.066734
-10.066734
-10.066734
-10.066734
-10.066734
-10.066734
-10.066734
-10.066734
-10.066734
-10.066734
-10.066734
-10.066734
-10.066734
-10.066734
-10.066734
-10.066734
-10.066734
-10.066734
-10.066734
-10.066734
-10.066734
-10.066734
-10.066734
-10.066734
-10.066734
-8.381909
-10.066734
-10.066734
-10.066734
-10.066734
-10.066734
-8.025181
-10.066734
-10.066734
-10.066734
-9.657892
-10.066734
-10.066734
-10.066734
-5.108531
-10.066734
-10.066734
-10.066734
-10.066734
-10.066734
-10.066734
-10.066734
-10.066734
-9.878033
-6.209899
-10.066734
-10.066734
-10.066734
-10.066734
-10.066734
-10.066734
-10.066734
-10.066734
-10.066734
-10.066734
-10.066734
-10.066734
-10.066734
-10.066734
-10.066734
-10.066734
-10.066734
-10.066734
-10.066734
-10.066734
-10.066734
-10.066734
-6.926782
-10.066734
-10.066734
-10.066734
-10.066734
-10.066734
-10.066734
-10.066734
-10.066734
-10.066734
-10.066734
-10.066734
-10.066734
-10.066734
-10.066734
-10.066734
-10.066734
-10.066734
-10.066734
-10.066734
-10.066734
-10.066734
-10.066734
-10.066734
-10.066734
-10.066734
-10.066734
-10.066734
-10.066734
6.999378
-7.217808
-10.066734
-10.066734
-10.066734
-10.066734
-10.066734
8.869473
-10.066734
-10.066734
-10.066734
-10.066734
-10.066734
-10.066734
-10.066734
-10.066734
-10.066734
-10.066734
-10.066734
-10.066734
-10.066734
-10.066734
-10.066734
-10.066734
-10.066734
-10.066734
-10.066734
-10.066734
-10.066734
-10.066734
-10.066734
-10.066734
-10.066734
-10.066734
-10.066734
-9.042184
-10.066734
2.684634
-10.066734
-10.066734
-10.066734
-10.066734
-10.066734
-10.066734
-7.935737
-10.066734
-10.066734
-10.066734
-10.066734
-10.066734
-10.066734
-10.066734
-10.066734
-10.066734
-10.066734
-10.066734
-10.066734
-9.877624
-10.066734
-10.066734
-10.066734
-10.066734
-10.066734
-10.066734
-9.493808
-10.066734
-10.066734
-10.066734
-10.066734
-10.066734
-10.066734
-5.925009
-10.066734
-10.066734
-10.066734
-10.066734
-10.066734
-10.066734
-10.066734
-10.066734
-10.066734
-9.041775
-10.066734
-10.066734
-10.066734
-10.066734
-10.066734
-10.066734
-10.066734
-10.066734
-10.066734
-10.066734
-7.841126
-10.066734
-10.066734
-10.066734
-10.066734
-10.066734
-10.066734
-9.554112
-10.066734
-10.066734
-10.066734
-10.066734
-10.066734
-10.066734
-10.066734
-9.231294
-10.066734
-10.066734
-10.066734
-10.066734
-10.066734
-10.066734
-10.066734
-10.066734
-10.066734
-10.066734
-10.066734
-10.066734
-10.066734
-10.066734
-10.066734
-10.066734
-10.066734
-10.066734
-10.066734
-10.066734
-10.066734
-10.066734
-10.066734
-10.066734
-10.066734
-10.066734
-10.066734
-10.066734
-7.656159
-10.066734
-10.066734
-10.066734
-8.582893
-10.066734
-10.066734
-10.066734
-10.066734
-0.999227
-10.066734
-10.066734
-10.066734
-10.066734
-10.066734
-10.066734
-0.927820
-10.066734
-10.066734
-10.066734
-10.066734
-10.066734
-10.066734
-10.066734
-10.066734
-9.878033
-10.066734
-10.066734
-10.066734
-10.066734
-10.066734
-10.066734
-10.066734
-10.066734
-10.066734
-10.066734
-10.066734
-5.847664
-10.066734
-10.066734
-10.066734
-10.066734
-10.066734
-10.066734
-10.066734
-10.066734
-10.066734
-10.066734
-10.066734
-10.066734
-10.066734
-10.066734
-10.066734
-10.066734
-10.066734
-10.066734
-2.625198
-9.878033
-10.066734
-10.066734
-10.066734
-10.066734
-10.066734
-10.066734
-10.066734
-10.066734
-10.066734
-7.595239
-10.066734
-10.066734
-9.876395
-10.066734
-10.066734
-10.066734
-10.066734
-10.066734
-10.066734
-10.066734
-10.066734
-10.066734
-10.066734
-9.686877
-10.066734
-10.066734
-10.066734
-10.066734
-10.066734
-10.066734
-7.226702
-10.066734
-10.066734
-10.066734
-10.066734
-10.066734
-10.066734
-10.066734
-10.066734
-10.066734
-10.066734
-10.066734
-10.066734
-10.066734
-10.066734
-10.066734
-10.066734
-10.066734
2.824084
-10.066734
-10.066734
-10.066734
-10.066734
-10.066734
-10.066734
-10.066734
-10.066734
-10.066734
-10.066734
-10.066734
-6.867357
-10.066734
-10.066734
-10.066734
-10.066734
-10.066734
-10.066734
-10.066734
-10.066734
-10.066734
-10.066734
-9.231294
-10.066734
-10.066734
-10.066734
-10.066734
-10.066734
-10.066734
-2.709968
-10.066734
-10.066734
-10.066734
-10.066734
-10.066734
-10.066734
-10.066734
-10.066734
-10.066734
-10.066734
-10.066734
-10.066734
-10.066734
-10.066734
-10.066734
-10.066734
-10.066734
-10.066734
-10.066734
-10.066734
-10.066734
-10.066734
-10.066734
-10.066734
-10.066734
-10.066734
-10.066734
-10.066734
-10.066734
-10.066734
-10.066734
-10.066734
-10.066734
-10.066734
-10.066734
-10.066734
-10.066734
-10.066734
-10.066734
-10.066734
-10.066734
-10.066734
-10.066734
-10.066734
-10.066734
-10.066734
-10.066734
-10.066734
-10.066734
-10.066734
-10.066734
-10.066734
-10.066734
-10.066734
-10.066734
-10.066734
-10.066734
4.620059
-10.066734
-10.066734
-10.066734
-10.066734
-10.066734
-10.066734
-10.066734
-10.066734
-10.066734
-10.066734
-10.066734
-10.066734
-10.066734
-10.066734
-10.066734
-10.066734
-10.066734
-10.066734
-10.066734
-10.066734
-10.066734
-10.066734
-10.066734
-10.066734
-10.066734
-2.498179
-10.066734
-10.066734
-10.066734
-10.066734
-10.066734
-10.066734
-10.066734
-10.066734
-10.066734
-10.066734
9.217206
-10.066734
-10.066734
-10.066734
-10.066734
-10.066734
-10.066734
-10.066734
-10.066734
-10.066734
-10.066734
-10.066734
-10.066734
-10.066734
-10.066734
-9.879259
-10.066734
-10.066734
-10.066734
-10.066734
-10.066734
-10.066734
-10.066734
-10.066734
-10.066734
-10.066734
-10.066734
-10.066734
-10.066734
-10.066734
-10.066734
-10.066734
-10.066734
-10.066734
-10.066734
-10.066734
-10.066734
-10.066734
-10.066734
-10.066734
-8.265856
-2.523010
-10.066734
-10.066734
-10.066734
-10.066734
-10.066734
-10.066734
-10.066734
-10.066734
-10.066734
-10.066734
-10.066734
-9.405842
-10.066734
-10.066734
-8.036960
-4.292850
-10.066734
-10.066734
-10.066734
-10.066734
-10.066734
-10.066734
-10.066734
-10.066734
-10.066734
-10.066734
-10.066734
-10.066734
-10.066734
-10.066734
-10.066734
-10.066734
-10.066734
-10.066734
-10.066734
-10.066734
-9.231294
-10.066734
-10.066734
-10.066734
-10.066734
-10.066734
-10.066734
-10.066734
-10.066734
-10.066734
-10.066734
-10.066734
-10.066734
-10.066734
-10.066734
-10.066734
-10.066734
-10.066734
-10.066734
-10.066734
-10.066734
-10.066734
-10.066734
-10.066734
-10.066734
-10.066734
-10.066734
-10.066734
-10.066734
-10.066734
-10.066734
0.528877
-10.066734
-10.066734
-10.066734
-10.066734
-9.847411
-10.066734
-10.066734
-10.066734
-10.066734
-10.066734
-10.066734
-10.066734
-10.066734
-10.066734
-10.066734
-10.066734
-10.066734
-10.066734
-10.066734
-10.066734
-10.066734
-10.066734
-10.066734
-10.066734
-9.231294
-10.066734
-10.066734
-10.066734
-10.066734
-10.066734
-10.066734
-10.066734
-10.066734
-10.066734
-10.066734
-10.066734
-10.066734
-10.066734
-10.066734
-10.066734
-10.066734
-10.066734
-10.066734
-10.066734
-10.066734
-10.066734
-10.066734
-10.066734
-10.066734
-10.066734
-10.066734
-10.066734
-10.066734
-10.066734
-10.066734
-10.066734
-10.066734
-10.066734
-10.066734
-10.066734
-10.066734
-10.066734
-10.066734
-9.847411
-10.066734
-10.066734
-10.066734
-10.066734
-7.654208
-10.066734
-10.066734
-10.066734
-10.066734
-10.066734
-10.066734
-10.066734
-10.066734
-10.066734
-10.066734
-10.066734
-10.066734
-10.066734
-10.066734
-10.066734
-10.066734
-10.066734
-10.066734
-10.066734
-10.066734
-9.846462
-10.066734
-10.066734
-10.066734
-10.066734
-10.066734
-10.066734
-10.066734
-10.066734
-10.066734
-10.066734
-10.066734
-10.066734
-10.066734
-10.066734
-10.066734
-10.066734
-10.066734
-10.066734
-10.066734
-10.066734
-10.066734
-10.066734
-10.066734
-10.066734
-10.066734
-10.066734
-10.066734
-10.066734
-10.066734
-10.066734
-10.066734
-10.066734
-10.066734
-10.066734
-10.066734
-10.066734
-10.066734
-10.066734
-10.066734
-5.345762
-10.066734
-10.066734
-10.066734
-10.066734
-10.066734
-10.066734
-10.066734
-9.577486
-10.066734
-10.066734
-10.066734
-10.066734
-9.231294
-10.066734
-10.066734
-10.066734
-10.066734
-10.066734
-10.066734
-10.066734
-5.562540
1.628709
-10.066734
-10.066734
-10.066734
-10.066734
-10.066734
-7.578088
-10.066734
-10.066734
-10.066734
-10.066734
-10.066734
-10.066734
-10.066734
-10.066734
-10.066734
-10.066734
-10.066734
-10.066734
-10.066734
-10.066734
-10.066734
-10.066734
-10.066734
-10.066734
-10.066734
-10.066734
-10.066734
-10.066734
-10.066734
-10.066734
-10.066734
-10.066734
-10.066734
-10.066734
-10.066734
-10.066734
-10.066734
-10.066734
-10.066734
-10.066734
-10.066734
-9.010073
-10.066734
-10.066734
-10.066734
-10.066734
-10.066734
-10.066734
-10.066734
-10.066734
-10.066734
-10.066734
-10.066734
-10.066734
-9.231294
-10.066734
-10.066734
-10.066734
-10.066734
-10.066734
-10.066734
-10.066734
-10.066734
-10.066734
-10.066734
-10.066734
-10.066734
-10.066734
-10.066734
-4.744162
-10.066734
-9.879259
-10.066734
-10.066734
-10.066734
-10.066734
-10.066734
-10.066734
-10.066734
-10.066734
-10.066734
-10.066734
-10.066734
-10.066734
-1.662808
-10.066734
-10.066734
-10.066734
-10.066734
-10.066734
-10.066734
-10.066734
-10.066734
-10.066734
-10.066734
-10.066734
-10.066734
-10.066734
-10.066734
-10.066734
-10.066734
-10.066734
-10.066734
-10.066734
-10.066734
-10.066734
-10.066734
-10.066734
-10.066734
-10.066734
-10.066734
-10.066734
-10.066734
-10.066734
