38543, 10821, 38509, 16846, 16403, 25064, 96181, 79420, 16591, 11678, 25514, 10548, 37135, 55116, 26209, 10660, 24038, 79651, 79823, 79261, 29443, 13427, 18091, 35566, 10843, 93531, 10446, 38423, 80817, 16630, 25234, 36609, 26467, 37402, 55215, 964, 97591, 26261, 69500, 35721, 79293, 10634, 93538, 17382, 17599, 31983, 17377, 25912, 82920, 26150, 59721, 35497, 37423, 92793, 28477, 28696, 62256, 21271, 26073, 23553, 72056, 35635, 11077, 27308, 29419, 55328, 18032, 31683, 35794, 10874, 79359, 35569, 11456, 26380, 25979, 24175, 35329, 26953, 88388, 90567, 26361, 124031, 33438, 29420, 33406, 17435, 3420, 91743, 80644, 10416, 37074, 25017, 35700, 10658, 24208, 69194, 90275, 94100, 14230, 31830, 10839, 35682, 10568, 28675, 92878, 3387, 79982, 86221, 88231, 131331, 16440, 39257, 16795, 11966, 66941, 80659, 90334, 25517, 12882, 28442, 97592, 16315, 25495, 3331, 123834, 28358, 27123, 96361, 35187, 79587, 99391, 79402, 3620, 79583, 59734, 16408, 14511, 35505, 95960, 24409, 72004, 26397, 38681, 23954, 58617, 17324, 26269, 35452, 11624, 79909, 90539, 3857, 71951, 16445, 16835, 38760, 25407, 28427, 31451, 10772, 35538
Feature count is 161
Criterion1 result is ObjectIndex = 399, Distance = -18.949839655370388960607245208, Value = 0.7455652813101262411890416567
Boundary = -18.947083064615648402780217446
-19.881553
-18.738549
-19.881553
-19.881553
-19.881553
-19.881553
-19.881553
-19.881553
-19.881553
-19.881553
-19.881553
-19.881553
-19.881553
-17.277192
-19.881553
-19.881553
-19.881553
-19.881553
-19.881553
-18.969001
-19.881553
-19.881553
-19.881553
-19.881553
-19.881553
-19.881553
-19.881553
-19.881553
-19.881553
-19.881553
-19.881553
-19.881553
-19.881553
-19.881553
-19.881553
-18.420421
-19.881553
-19.881553
-19.881553
-19.881553
-19.881553
-19.881553
-19.881553
-19.881553
-19.881553
-19.881553
-19.881553
-19.881553
-19.881553
-19.881553
-19.881553
-19.881553
-19.881553
-19.881553
-19.881553
-19.881553
-18.306832
-19.881553
-13.549976
-19.114724
-19.881553
-19.881553
-19.881553
-19.881553
-19.881553
-19.881553
-19.881553
-19.881553
-19.881553
-19.881553
-19.881553
-19.881553
-19.881553
-19.881553
-19.881553
-19.664123
-19.881553
-19.881553
-19.881553
-19.603664
-19.881553
-19.881553
-19.881553
-19.881553
-19.881553
18.447509
-19.881553
-19.881553
-19.881553
-19.881553
-19.881553
-19.881553
-19.881553
-19.881553
-19.881553
-19.881553
-19.881553
-19.881553
-19.881553
-19.881553
-19.881553
-19.881553
-15.881523
-19.881553
-19.881553
-19.881553
-19.665066
-15.025543
-19.881553
-19.881553
-19.053050
-19.881553
-19.881553
-19.881553
-19.881553
-19.881553
-19.881553
-19.881553
-19.881553
-19.881553
-19.881553
-19.881553
-19.260504
-19.881553
-19.881553
-18.944326
-19.881553
-19.881553
-19.881553
-19.881553
-19.881553
-19.881553
-19.881553
-19.881553
-19.881553
-19.881553
-9.599182
-19.881553
-19.881553
-19.881553
-19.881553
-15.048897
-19.881553
-19.881553
-19.881553
-19.881553
-19.881553
-19.881553
-19.664123
-19.881553
-19.881553
-19.881553
-19.881553
-19.881553
-19.881553
-19.881553
-19.881553
-19.881553
-19.664595
-19.881553
-19.881553
-19.881553
-18.155897
-19.881553
-19.881553
-19.881553
-19.881553
-19.417344
-19.881553
-19.881553
-19.881553
-19.881553
-19.881553
-19.881553
-19.881553
-19.881553
-19.881553
-19.881553
-17.870938
-19.881553
-19.881553
-19.881553
-19.881553
-19.881553
-19.881553
-19.881553
-19.881553
-19.881553
-19.881553
-19.881553
-19.881553
-19.881553
-19.881553
-19.881553
-19.694894
-19.881553
-19.881553
-19.881553
-19.881553
-19.881553
-19.881553
-19.881553
-19.881553
-19.881553
-19.881553
-19.881553
-19.881553
-19.881553
-19.881553
-19.881553
-19.881553
-19.881553
-19.881553
-19.881553
-19.881553
-19.881553
-19.881553
-19.881553
-19.881553
-19.881553
-19.881553
-19.881553
-19.665066
-19.881553
-19.881553
-19.881553
-19.881553
-19.881553
-19.881553
-16.964073
-19.881553
-19.881553
-19.881553
-19.881553
-19.881553
-19.881553
-19.881553
-19.881553
-19.191358
-17.995918
-19.881553
-19.568510
-19.881553
-19.881553
-19.881553
-19.881553
-19.881553
-19.881553
-19.881553
-19.881553
-19.881553
-16.403427
-19.881553
-19.881553
-19.881553
-19.881553
-19.881553
-13.986861
-19.881553
-19.881553
-19.881553
-19.881553
-19.881553
-19.881553
-19.881553
-19.881553
-19.881553
-18.728256
-19.881553
-19.881553
-14.259385
-19.881553
-19.881553
-19.881553
-19.881553
-19.881553
-19.114724
-19.881553
-19.881553
-19.881553
-19.881553
-19.881553
-19.881553
-19.881553
-19.881553
-19.881553
-19.881553
-19.881553
-19.881553
-19.881553
-19.881553
-19.881553
-19.881553
-19.881553
1.036321
-19.881553
-19.881553
-19.881553
-19.881553
-19.881553
-19.881553
-19.881553
-19.881553
-19.881553
-19.881553
-19.881553
-19.881553
-19.881553
-19.881553
-19.881553
-19.881553
-19.881553
-19.881553
-19.881553
-19.881553
-19.881553
-12.229365
-13.111826
-19.694487
-19.881553
-19.881553
-19.881553
-19.881553
-19.881553
-19.881553
-19.881553
-19.881553
-19.881553
-19.881553
-19.881553
-19.881553
-19.881553
-19.881553
-19.881553
-19.881553
-18.150870
-19.881553
-19.881553
-19.881553
-19.881553
-11.495648
-19.881553
-19.881553
-19.881553
-19.881553
-19.881553
-19.881553
-19.881553
-19.881553
-19.881553
-19.881553
-19.881553
-19.881553
-19.881553
-19.881553
-19.881553
-19.114724
-19.881553
-19.881553
-19.881553
-19.881553
-19.881553
-19.881553
-19.881553
-19.881553
-19.881553
-19.881553
-19.881553
-19.881553
-19.881553
-19.881553
-19.881553
-19.881553
-19.881553
-19.881553
-19.881553
-19.881553
-19.881553
-7.039090
-19.881553
-19.881553
-19.881553
-18.926023
-19.881553
-19.881553
-19.881553
-19.881553
-19.881553
-19.881553
-19.160247
-19.881553
-19.881553
-19.881553
-19.881553
-19.881553
-19.881553
-19.881553
-19.881553
-19.881553
-18.949840
-19.881553
-19.881553
-19.881553
-19.881553
-19.881553
-19.881553
-19.881553
-19.881553
-19.881553
-9.060298
-19.665066
-19.881553
-19.881553
-19.881553
-19.881553
-19.881553
-19.881553
-19.881553
-19.881553
-19.881553
-19.881553
-19.881553
-19.881553
-19.881553
-19.881553
-19.881553
-19.881553
-19.881553
-19.881553
-19.881553
-19.881553
-19.881553
-19.881553
-19.881553
-19.881553
-19.881553
-19.881553
-19.881553
-3.205147
-15.323475
-19.881553
-19.881553
-19.881553
-19.881553
-19.881553
-15.935944
-19.881553
12.141057
-19.881553
-19.881553
-19.881553
-19.881553
-19.881553
-19.881553
-19.881553
-19.881553
-18.927249
-19.881553
-19.881553
-12.182062
-19.881553
-19.881553
-19.881553
-19.881553
-14.798560
-19.881553
-19.881553
-19.881553
-19.881553
-19.881553
-19.881553
-19.881553
-19.881553
-19.881553
-19.881553
-19.881553
-19.881553
-19.881553
-19.881553
-17.655339
-18.800036
-19.881553
-19.881553
-19.881553
-19.881553
-19.881553
-19.131756
-19.881553
-19.881553
-19.881553
-19.881553
-19.881553
-19.881553
-19.881553
-19.881553
-19.694894
-17.552918
-17.780618
-19.881553
-19.881553
-19.881553
-19.881553
-19.881553
-19.881553
-19.881553
-19.881553
-19.881553
-19.881553
-19.881553
-17.849389
-17.567969
-19.881553
-19.881553
-19.881553
-19.881553
-19.044302
-19.881553
-19.881553
-19.881553
-19.881553
-19.881553
-19.881553
-19.693670
-19.881553
-19.881553
-19.881553
-19.881553
-19.881553
-19.881553
-19.881553
-19.881553
-19.881553
-19.881553
-19.881553
-19.881553
-19.881553
-19.881553
-19.881553
-19.881553
-19.881553
-19.881553
-19.694078
-19.881553
-19.881553
-19.881553
-19.881553
-17.306812
-19.881553
-19.881553
-19.881553
-19.881553
-19.881553
-15.985902
-19.881553
-19.881553
-19.881553
-19.881553
-19.881553
-19.881553
-19.043486
-19.881553
-19.881553
-19.881553
-19.881553
-19.881553
-19.881553
-18.645907
13.190265
-19.881553
-19.881553
-19.881553
-19.881553
-19.881553
-19.881553
-19.881553
-8.591128
-19.881553
-19.881553
-19.881553
-19.881553
-5.653074
-19.881553
-19.881553
-19.881553
-19.881553
-19.665066
-19.881553
-18.701855
-19.881553
-8.057036
-19.881553
-19.881553
-19.881553
-19.881553
-19.881553
-19.881553
-18.214393
-19.881553
-19.881553
-19.881553
-19.881553
-19.881553
-19.881553
-19.881553
-19.881553
-19.665066
-19.881553
-19.881553
-19.881553
-19.881553
-19.881553
-19.881553
-19.881553
-19.881553
-19.881553
0.556746
-19.881553
-19.881553
-19.881553
-19.881553
-19.881553
-19.881553
-19.881553
-19.881553
-19.881553
-19.881553
-19.227095
-19.487932
-19.881553
-19.881553
-19.881553
-19.881553
-19.881553
-19.881553
-19.881553
-19.881553
-19.665537
-19.881553
-19.881553
-19.881553
-19.881553
-19.881553
-19.881553
-19.881553
-10.774429
-19.881553
-19.881553
-19.881553
-19.881553
-19.881553
-19.881553
-14.671239
-19.881553
-19.881553
-19.881553
-19.881553
-19.881553
-19.881553
-19.881553
-19.881553
-19.881553
-19.881553
-19.881553
-19.881553
-19.881553
-19.881553
-19.881553
-19.881553
-19.881553
-19.881553
-19.881553
-19.881553
-19.881553
-19.881553
-19.881553
-19.881553
-11.902661
-19.881553
-19.881553
-19.881553
-19.881553
-19.881553
-19.881553
-19.881553
-19.881553
-19.881553
-19.881553
-19.881553
-19.881553
-19.881553
-19.881553
-19.881553
-19.881553
-19.881553
-19.603664
-19.881553
-19.881553
-19.881553
-19.881553
-19.881553
-19.114724
-19.881553
-19.881553
-19.881553
-19.881553
-19.881553
-18.399068
-19.881553
-19.881553
-19.881553
-19.881553
-19.881553
-19.881553
-19.881553
-19.881553
-19.881553
-19.881553
-19.881553
-19.881553
-19.881553
-19.881553
-19.881553
-19.881553
-19.881553
-19.881553
-19.881553
-19.881553
-13.647066
-19.881553
-19.881553
-19.881553
-19.881553
-19.881553
-19.881553
-19.881553
-19.881553
-19.881553
-19.881553
-19.881553
-19.881553
-19.881553
-19.881553
-19.881553
-10.741531
-19.881553
-19.881553
-19.881553
-19.881553
-19.881553
-19.881553
-19.881553
-19.881553
-19.114724
-19.881553
-19.881553
-19.881553
-19.507419
-19.881553
-19.881553
-19.881553
-18.384152
-19.881553
-19.881553
-19.881553
-19.881553
-19.881553
-19.881553
-19.881553
-18.516053
-19.881553
-19.881553
-19.881553
-19.114724
-17.592911
-19.881553
-18.511407
-19.881553
-19.881553
-19.881553
-19.881553
-17.494633
-19.881553
-19.881553
-19.881553
-19.881553
-19.881553
-19.881553
-19.881553
-19.881553
-3.890513
-19.881553
-19.881553
-19.881553
-19.881553
-19.881553
-19.881553
-19.881553
-18.935133
-19.881553
-19.881553
-19.881553
-19.881553
-19.665066
-19.881553
-15.932043
-19.881553
-19.881553
-19.881553
-19.881553
-19.881553
-19.881553
-12.679967
-19.881553
-19.881553
-19.881553
-19.881553
-19.881553
-19.881553
-19.881553
-19.881553
-19.881553
-19.881553
-19.881553
-19.881553
-19.881553
-19.881553
-19.881553
-19.881553
-19.881553
-19.881553
-19.881553
-19.881553
-19.881553
-19.881553
-19.881553
-19.881553
-19.881553
-19.881553
-19.881553
-19.881553
-19.881553
-13.212836
-19.450462
-19.881553
-19.694487
-19.881553
-15.548386
-19.881553
-19.881553
-19.881553
-19.881553
-19.881553
-19.881553
-19.881553
-19.881553
-19.881553
-19.881553
-19.881553
-19.881553
-19.881553
-19.881553
-19.318458
-19.881553
-19.881553
-17.525590
-19.881553
-19.881553
-19.881553
-19.881553
-19.881553
-19.881553
-19.881553
-19.881553
-19.881553
-19.881553
-19.881553
-9.387186
-19.695302
-19.881553
-19.881553
-17.206864
-19.881553
-19.881553
-19.881553
-19.881553
-19.881553
-19.881553
-19.881553
-19.881553
-19.881553
-19.881553
-19.881553
-19.881553
-19.881553
-19.881553
-19.881553
-15.832513
-19.881553
-19.881553
-19.881553
-19.881553
-19.881553
-18.554747
-19.881553
-19.881553
-19.881553
-19.881553
-19.881553
-19.881553
-19.881553
-19.881553
-19.881553
-18.165312
-19.881553
-19.881553
-19.881553
-19.881553
-19.479474
-19.881553
-19.881553
-19.881553
-19.881553
-19.881553
-19.881553
-19.881553
-19.881553
-19.881553
-19.881553
-19.881553
-19.881553
-19.881553
-19.881553
-19.881553
-19.881553
-19.881553
-19.881553
-19.881553
-19.881553
-19.881553
-19.881553
-15.010337
-19.881553
-19.881553
-19.603664
-19.881553
-19.881553
-19.881553
-19.881553
-19.881553
-19.881553
-19.881553
-19.695302
-17.848982
-19.881553
-19.881553
-19.881553
-19.881553
-19.214656
-8.866917
-19.881553
-19.881553
-18.232117
-19.881553
-19.447171
-19.881553
-19.881553
-19.881553
-19.881553
-19.568510
-19.881553
-19.881553
-19.881553
-19.881553
-19.881553
-19.881553
-19.881553
-19.881553
-19.881553
-19.881553
-19.881553
-19.881553
-19.881553
-19.881553
-19.881553
-19.881553
-19.881553
-19.881553
-19.881553
-19.881553
-19.881553
-19.881553
-19.881553
-19.881553
-19.881553
-19.881553
-19.881553
-18.914797
-19.881553
-19.881553
-18.651925
-19.881553
-19.881553
-19.881553
-19.881553
-19.881553
-19.881553
-19.881553
-19.634108
-19.881553
-19.881553
-19.881553
-19.881553
-19.881553
-19.881553
-19.881553
-19.881553
-19.881553
-11.079106
-19.881553
-19.881553
-19.881553
-18.157884
-19.881553
-19.881553
-5.414759
-19.881553
-19.881553
-19.881553
-19.881553
-19.881553
-19.634108
-19.881553
-19.114724
-19.881553
-19.114724
-19.881553
-19.881553
-19.881553
-19.881553
-19.881553
-19.881553
-19.881553
-19.881553
-19.881553
-19.881553
-19.195841
-19.881553
-19.881553
-19.881553
-14.558912
-19.881553
-19.881553
-19.881553
-19.881553
-19.666949
-9.317203
-19.881553
-19.881553
-19.881553
-19.881553
-19.881553
-19.881553
-19.881553
-19.881553
-19.881553
-19.881553
-19.881553
-19.881553
-19.881553
-19.411716
-19.881553
-19.881553
-19.881553
-19.881553
-19.881553
-19.881553
-19.881553
-19.881553
-19.881553
-19.881553
-19.881553
-19.881553
-19.881553
-19.881553
-19.881553
-19.450462
-19.881553
-19.881553
-19.881553
-19.881553
-11.525967
-19.881553
-19.881553
-19.881553
-19.881553
-19.881553
-15.389100
-19.881553
-19.881553
-19.881553
-17.022150
-19.881553
-19.881553
-19.881553
-5.129030
-19.881553
-19.881553
-19.881553
-19.881553
-19.881553
-19.881553
-19.881553
-19.881553
-19.568510
-9.904678
-19.881553
-19.881553
-19.881553
-19.881553
-19.881553
-19.881553
-19.568510
-19.881553
-19.881553
-19.881553
-18.737385
-19.881553
-19.881553
-19.881553
-19.881553
-19.881553
-19.881553
-19.881553
-19.881553
-19.881553
-19.881553
-19.881553
-15.534467
-19.881553
-19.881553
-19.881553
-19.881553
-19.114724
-19.881553
-19.881553
-19.881553
-19.881553
-19.881553
-19.881553
-19.881553
-19.881553
-19.881553
-19.881553
-19.881553
-19.881553
-19.881553
-19.881553
-19.881553
-19.881553
-19.881553
-19.881553
-19.881553
-19.881553
-19.881553
-19.881553
-19.881553
10.577338
-13.516494
-19.881553
-19.881553
-19.881553
-19.881553
-19.881553
14.245685
-19.881553
-19.881553
-19.881553
-19.881553
-19.881553
-19.881553
-19.881553
-19.881553
-19.881553
-19.881553
-19.881553
-19.881553
-19.881553
-19.881553
-19.881553
-19.881553
-19.881553
-19.881553
-19.568510
-19.881553
-19.881553
-19.881553
-19.666008
-19.881553
-19.881553
-19.881553
-19.881553
-19.603664
-19.881553
8.700361
-19.881553
-19.881553
-19.446633
-19.881553
-19.881553
-19.881553
-11.755438
-19.881553
-19.881553
-19.881553
-19.881553
-19.881553
-19.881553
-19.881553
-19.881553
-19.881553
-19.881553
-19.881553
-19.568510
-18.676583
-19.881553
-19.881553
-19.881553
-19.881553
-19.881553
-19.881553
-17.788112
-19.881553
-19.881553
-19.881553
-19.881553
-19.881553
-19.881553
-5.437616
-19.881553
-19.881553
-19.881553
-19.881553
-19.881553
-19.881553
-19.881553
-19.881553
-19.881553
-17.398199
-19.881553
-19.881553
-19.881553
-19.881553
-19.881553
-19.881553
-19.881553
-19.694487
-19.881553
-19.881553
-11.065825
-19.881553
-19.881553
-19.881553
-19.881553
-19.881553
-19.114724
-18.927657
-19.881553
-19.881553
-19.881553
-19.114724
-19.881553
-19.881553
-19.881553
-18.054025
-19.881553
-19.881553
-19.881553
-19.881553
-19.881553
-19.881553
-19.881553
-19.881553
-19.881553
-19.881553
-17.803317
-19.114724
-19.881553
-19.881553
-19.881553
-19.881553
-19.881553
-19.881553
-19.881553
-19.881553
-19.881553
-19.881553
-19.881553
-19.881553
-19.881553
-19.881553
-19.881553
-19.881553
-16.284189
-19.881553
-19.881553
-19.881553
-16.142421
-19.881553
-19.881553
-19.411716
-19.881553
6.265898
-19.881553
-19.881553
-19.881553
-19.881553
-19.881553
-19.114724
-3.073203
-19.881553
-19.881553
-19.881553
-19.881553
-19.881553
-19.881553
-19.881553
-19.881553
-19.445146
-19.881553
-19.881553
-19.045020
-19.881553
-19.881553
-19.881553
-19.881553
-19.881553
-19.881553
-19.881553
-19.881553
-9.533743
-19.881553
-19.881553
-19.881553
-19.881553
-19.881553
-19.881553
-19.881553
-19.881553
-19.881553
-19.881553
-19.881553
-19.881553
-19.881553
-19.881553
-19.881553
-19.881553
-19.881553
-19.881553
-8.695267
-19.881553
-19.881553
-18.867278
-19.881553
-19.881553
-19.881553
-19.881553
-19.881553
-19.881553
-19.881553
-14.887592
-19.881553
-19.881553
-15.518593
-16.792580
-19.881553
-19.881553
-19.881553
-19.881553
-19.881553
-19.881553
-19.881553
-19.881553
-19.881553
-19.881553
-19.881553
-19.881553
-19.881553
-19.881553
-19.881553
-19.881553
-10.851211
-19.881553
-19.881553
-19.881553
-19.881553
-19.881553
-19.881553
-19.881553
-19.881553
-19.881553
-19.881553
-19.881553
-19.881553
-19.881553
-19.881553
-19.881553
-19.881553
-19.881553
4.431929
-19.881553
-19.881553
-19.881553
-19.881553
-19.881553
-19.321506
-19.881553
-19.881553
-19.881553
-19.881553
-19.881553
-14.005218
-19.881553
-19.881553
-19.881553
-19.881553
-19.881553
-19.881553
-19.881553
-19.881553
-19.881553
-19.881553
-19.881553
-19.881553
-19.881553
-19.881553
-19.881553
-19.881553
-19.881553
0.970174
-19.881553
-19.881553
-19.881553
-19.881553
-19.881553
-19.881553
-19.881553
-19.881553
-19.881553
-19.881553
-19.881553
-19.881553
-19.881553
-19.881553
-19.881553
-19.881553
-19.881553
-19.881553
-19.881553
-19.881553
-19.881553
-19.114724
-19.881553
-19.881553
-19.881553
-19.114724
-18.927657
-19.881553
-19.881553
-19.881553
-19.881553
-19.881553
-19.881553
-19.401723
-19.881553
-19.881553
-19.881553
-19.881553
-19.881553
-19.881553
-19.881553
-19.881553
-19.881553
-19.881553
-19.450462
-19.881553
-19.881553
-19.881553
-19.881553
-19.881553
-19.881553
-19.881553
-19.881553
-19.881553
-19.881553
-19.881553
-19.881553
6.458158
-19.881553
-19.881553
-19.881553
-19.881553
-19.881553
-19.881553
-19.881553
-19.881553
-19.881553
-19.881553
-19.881553
-19.881553
-19.881553
-19.881553
-19.881553
-19.881553
-19.881553
-19.881553
-19.881553
-19.881553
-19.881553
-19.881553
-19.881553
-19.881553
-19.881553
-3.731737
-19.881553
-19.881553
-19.881553
-19.881553
-19.881553
-19.881553
-19.881553
-19.881553
-19.881553
-19.881553
18.137880
-19.881553
-19.881553
-19.881553
-18.927249
-19.881553
-19.881553
-19.881553
-19.881553
-19.881553
-19.881553
-19.881553
-19.666949
-19.881553
-19.881553
-19.134573
-19.881553
-19.881553
-19.881553
-19.881553
-19.881553
-19.881553
-19.881553
-19.881553
-19.881553
-19.417620
-19.881553
-19.881553
-19.881553
-19.881553
-19.881553
-19.881553
-19.881553
-19.881553
-19.881553
-19.881553
-19.881553
-19.881553
-19.881553
-19.881553
-14.637379
-4.502408
-19.881553
-19.881553
-19.881553
-19.881553
-19.881553
-19.881553
-19.881553
-19.881553
-19.881553
-19.881553
-19.881553
-12.770897
-19.881553
-19.881553
-10.759285
-9.799282
-19.881553
-19.881553
-19.881553
-19.881553
-19.881553
-19.881553
-19.881553
-19.881553
-19.881553
-19.881553
-19.881553
-19.881553
-19.881553
-19.881553
-19.881553
-19.881553
-19.881553
-19.881553
-19.881553
-19.881553
-18.085605
-19.881553
-19.881553
-19.881553
-19.881553
-19.881553
-19.881553
-19.881553
-19.881553
-19.881553
-19.881553
-19.881553
-19.881553
-19.881553
-19.881553
-19.881553
-19.881553
-19.881553
-19.881553
-19.881553
-19.881553
-19.881553
-19.881553
-19.881553
-19.881553
-19.881553
-19.881553
-19.881553
-19.881553
-19.881553
-19.881553
5.696576
-19.881553
-19.881553
-19.881553
-19.881553
-19.504969
-19.881553
-19.881553
-19.603664
-19.881553
-19.881553
-19.881553
-19.114724
-19.881553
-19.881553
-19.881553
-19.881553
-19.568510
-19.881553
-19.881553
-19.881553
-19.881553
-19.450462
-19.881553
-19.114724
-14.851183
-19.881553
-19.881553
-19.881553
-19.881553
-17.329225
-19.881553
-19.881553
-19.881553
-19.881553
-19.881553
-19.881553
-19.881553
-19.881553
-19.881553
-19.881553
-19.881553
-19.881553
-19.226893
-19.881553
-19.881553
-19.881553
-19.881553
-19.666949
-19.881553
-19.114724
-19.881553
-19.881553
-19.881553
-19.881553
-19.881553
-19.881553
-19.881553
-19.881553
-19.881553
-19.881553
-19.881553
-19.881553
-19.881553
-19.448226
-19.881553
-19.881553
-19.881553
-19.881553
-8.887907
-19.881553
-19.881553
-19.563017
-19.881553
-19.881553
-19.881553
-19.881553
-19.881553
-19.881553
-19.881553
-19.881553
-19.881553
-19.881553
-19.881553
-19.881553
-19.881553
-19.881553
-19.881553
-19.881553
-19.881553
-17.851768
-19.881553
-19.881553
-19.881553
-19.881553
-19.881553
-19.881553
-19.881553
-19.881553
-19.881553
-19.881553
-19.881553
-19.881553
-19.881553
-19.881553
-19.881553
-19.881553
-19.881553
-19.881553
-19.881553
-19.881553
-19.881553
-19.881553
-19.881553
-19.881553
-19.881553
-19.881553
-19.881553
-19.881553
-19.881553
-19.881553
-19.881553
-19.881553
-19.881553
-19.881553
-19.881553
-19.881553
-19.603664
-19.881553
-19.881553
-12.613629
-19.881553
-19.881553
-19.881553
-19.881553
-19.881553
-19.881553
-16.401382
-18.751917
-19.881553
-19.881553
-19.881553
-19.881553
-19.447041
-19.881553
-19.881553
-19.881553
-19.603664
-19.881553
-19.881553
-19.881553
-12.364000
3.992552
-19.881553
-19.881553
-19.881553
-19.881553
-19.881553
-12.590900
-19.881553
-19.881553
-19.881553
-19.881553
-19.881553
-19.881553
-19.881553
-19.881553
-19.881553
-19.881553
-19.881553
-19.881553
-19.694487
-19.881553
-19.881553
-19.881553
-19.881553
-19.881553
-19.881553
-19.881553
-19.881553
-19.881553
-19.881553
-19.881553
-19.881553
-19.881553
-19.881553
-19.881553
-19.568510
-19.881553
-19.881553
-19.881553
-19.881553
-19.881553
-19.881553
-17.789758
-19.881553
-19.411307
-19.881553
-19.881553
-19.881553
-19.881553
-19.881553
-19.881553
-19.881553
-19.881553
-19.881553
-19.881553
-18.649768
-19.881553
-19.881553
-19.881553
-19.881553
-19.881553
-19.881553
-19.881553
-19.881553
-19.881553
-19.881553
-19.881553
-19.881553
-19.881553
-19.881553
-7.642860
-19.881553
-19.665066
-19.881553
-19.881553
-19.881553
-19.881553
-19.881553
-19.881553
-19.881553
-19.881553
-19.881553
-19.881553
-19.881553
-19.881553
-5.221028
-19.881553
-19.881553
-19.881553
-19.881553
-19.881553
-19.881553
-19.881553
-19.881553
-19.881553
-19.881553
-18.897765
-19.881553
-19.881553
-19.881553
-19.881553
-19.881553
-19.881553
-19.881553
-19.881553
-19.881553
-19.881553
-19.881553
-19.881553
-19.881553
-19.881553
-19.881553
-19.881553
-19.881553
-19.881553
