36993, 10799, 9250, 37133, 10909, 25304, 17137, 16924, 36750, 10816, 25041, 35561, 31987, 10801, 88155, 79744, 13687, 97646, 25498, 28678, 26238, 16533, 25147, 10793, 9492, 32536, 38193, 37028, 69738, 37128, 36630, 10953, 25067, 79265, 90356, 37350, 18388, 38879, 90536, 80853, 3323, 11967, 89430, 38496, 25958, 13091, 80625, 1834, 14424, 123854, 131411, 69668, 17092, 24460, 28619, 10820, 79947, 79504, 35299, 80423, 28549, 16504, 38196, 71977, 90351, 25306, 35381, 13224, 35552, 86166, 24952, 17498, 96154, 25309, 35548, 13948, 62519, 35209, 36955, 35705, 123894, 25511, 39148, 85927, 77593, 35295, 38845, 25182, 92136, 58308, 32373, 9212, 10778, 38858, 93529, 31543, 17955, 35308, 39152, 35270, 21128, 38214, 37097, 10621, 96215, 37058, 37329, 49770, 90321, 57826, 18285, 91621, 129295, 96001, 39678, 18365, 95892, 38437, 69505, 31799, 80833, 9405, 80909, 100040, 79488, 37192, 63739, 25476, 92003, 91718, 38679, 22122, 36877, 28618, 92025, 35701, 115680, 10455, 36838, 10789, 17400, 9384, 54828, 90336, 26201, 58883, 35326, 20736, 58580, 79955, 39002, 10117, 38953, 35183, 24250, 10543, 12907, 25282, 13105, 25213, 13560, 10942, 13677
Feature count is 163
Criterion1 result is ObjectIndex = 389, Distance = -19.918048618628809541182642406, Value = 0.7267931956257586485583309600
Boundary = -19.909148571440727100218398278
-21.107627
-20.344181
-21.107627
-21.107627
-21.107627
-21.107627
-21.107627
-21.107627
-21.107627
-21.107627
-21.107627
-21.107627
-21.107627
-17.766330
-21.107627
-21.107627
-21.107627
-21.107627
-21.107627
-19.645797
-21.107627
-21.107627
-21.107627
-21.107627
-21.107627
-21.107627
-21.107627
-21.107627
-21.107627
-20.868731
-21.107627
-21.107627
-21.107627
-21.107627
-21.107627
-19.929839
-21.107627
-21.107627
-20.707586
-21.107627
-21.107627
-21.107627
-21.107627
-21.107627
-21.107627
-21.107627
-21.107627
-21.107627
-21.107627
-21.107627
-21.107627
-21.107627
-21.107627
-21.107627
-21.107627
-21.107627
-18.187708
-21.107627
-11.270891
-20.582081
-21.107627
-20.868731
-21.107627
-21.107627
-21.107627
-21.107627
-21.107627
-21.107627
-21.107627
-21.107627
-21.107627
-21.107627
-21.107627
-21.107627
-21.107627
-20.470192
-21.107627
-21.107627
-21.107627
-20.895367
-21.107627
-21.107627
-21.107627
-21.107627
-21.107627
16.665148
-19.992445
-21.107627
-21.107627
-21.107627
-21.107627
-21.107627
-21.107627
-21.107627
-21.107627
-21.107627
-21.107627
-21.107627
-21.107627
-21.107627
-21.107627
-21.107627
-15.838315
-21.107627
-21.107627
-21.107627
-20.644301
-16.667557
-21.107627
-21.107627
-20.218661
-21.107627
-21.107627
-21.107627
-21.107627
-21.107627
-21.107627
-21.107627
-21.107627
-21.107627
-21.107627
-21.107627
-19.455876
-21.107627
-21.107627
-19.398347
-21.107627
-21.107627
-21.107627
-21.107627
-21.107627
-21.107627
-21.107627
-21.107627
-20.921376
-21.107627
-5.084476
-21.107627
-21.107627
-21.107627
-21.107627
-15.774206
-21.107627
-21.107627
-21.107627
-20.615425
-21.107627
-21.107627
-20.706771
-21.107627
-21.107627
-21.107627
-21.107627
-21.107627
-21.107627
-21.107627
-21.107627
-21.107627
-20.321439
-21.107627
-21.107627
-20.754359
-20.921783
-21.107627
-21.107627
-21.107627
-21.107627
-19.888507
-21.107627
-21.107627
-21.107627
-21.107627
-21.107627
-21.107627
-21.107627
-21.107627
-21.107627
-21.107627
-19.106350
-21.107627
-21.107627
-21.107627
-21.107627
-21.107627
-21.107627
-21.107627
-21.107627
-21.107627
-21.107627
-21.107627
-21.107627
-21.107627
-21.107627
-21.107627
-17.631516
-21.107627
-21.107627
-21.107627
-21.107627
-21.107627
-21.107627
-21.107627
-21.107627
-21.107627
-21.107627
-21.107627
-21.107627
-21.107627
-21.107627
-21.107627
-21.107627
-21.107627
-21.107627
-21.107627
-21.107627
-21.107627
-21.107627
-21.107627
-21.107627
-21.107627
-21.107627
-21.107627
-20.171042
-21.107627
-21.107627
-21.107627
-21.107627
-21.107627
-21.107627
-18.868332
-21.107627
-21.107627
-21.107627
-21.107627
-21.107627
-21.107627
-21.107627
-21.107627
-19.706478
-19.464580
-21.107627
-20.922597
-21.107627
-21.107627
-21.107627
-21.107627
-21.107627
-21.107627
-21.107627
-21.107627
-21.107627
-13.962756
-21.107627
-21.107627
-21.107627
-21.107627
-21.107627
-14.107983
-21.107627
-21.107627
-21.107627
-21.107627
-21.107627
-21.107627
-21.107627
-21.107627
-21.107627
-19.900249
-21.107627
-21.107627
-16.999805
-21.107627
-21.107627
-21.107627
-21.107627
-21.107627
-19.877807
-21.107627
-21.107627
-21.107627
-21.107627
-21.107627
-21.107627
-21.107627
-21.107627
-21.107627
-21.107627
-21.107627
-21.107627
-21.107627
-21.107627
-21.107627
-21.107627
-21.107627
5.374039
-21.107627
-21.107627
-21.107627
-21.107627
-21.107627
-21.107627
-21.107627
-21.107627
-21.107627
-21.107627
-21.107627
-21.107627
-21.107627
-21.107627
-21.107627
-20.622362
-21.107627
-21.107627
-21.107627
-21.107627
-21.107627
-8.208161
-9.256836
-21.107627
-21.107627
-21.107627
-21.107627
-21.107627
-21.107627
-21.107627
-21.107627
-21.107627
-21.107627
-21.107627
-21.107627
-21.107627
-21.107627
-21.107627
-21.107627
-21.107627
-20.098886
-21.107627
-21.107627
-21.107627
-21.107627
-13.859681
-21.107627
-21.107627
-21.107627
-21.107627
-21.107627
-21.107627
-21.107627
-21.107627
-21.107627
-21.107627
-21.107627
-21.107627
-21.107627
-21.107627
-21.107627
-20.920560
-21.107627
-21.107627
-21.107627
-21.107627
-21.107627
-21.107627
-21.107627
-21.107627
-21.107627
-20.676081
-21.107627
-21.107627
-21.107627
-21.107627
-21.107627
-21.107627
-21.107627
-21.107627
-21.107627
-21.107627
-21.107627
-5.087843
-21.107627
-21.107627
-21.107627
-20.476177
-21.107627
-21.107627
-21.107627
-21.107627
-21.107627
-21.107627
-19.918049
-21.107627
-21.107627
-21.107627
-21.107627
-21.107627
-21.107627
-21.107627
-21.107627
-21.107627
-20.605721
-21.107627
-21.107627
-21.107627
-21.107627
-21.107627
-21.107627
-21.107627
-21.107627
-21.107627
-9.430311
-21.107627
-21.107627
-21.107627
-21.107627
-21.107627
-21.107627
-20.108753
-20.892082
-21.107627
-21.107627
-21.107627
-21.107627
-21.107627
-21.107627
-21.107627
-21.107627
-21.107627
-21.107627
-21.107627
-21.107627
-21.107627
-21.107627
-21.107627
-21.107627
-21.107627
-21.107627
-21.107627
-21.107627
-2.444814
-16.432898
-21.107627
-21.107627
-21.107627
-21.107627
-21.107627
-15.099815
-21.107627
8.707310
-21.107627
-21.107627
-21.107627
-21.107627
-21.107627
-21.107627
-21.107627
-21.107627
-19.808228
-21.107627
-21.107627
-10.598840
-21.107627
-21.107627
-21.107627
-21.107627
-16.209300
-21.107627
-21.107627
-21.107627
-21.107627
-21.107627
-21.107627
-21.107627
-21.107627
-21.107627
-21.107627
-21.107627
-21.107627
-21.107627
-21.107627
-16.862159
-19.797530
-21.107627
-21.107627
-21.107627
-21.107627
-21.107627
-20.532821
-21.107627
-20.719950
-21.107627
-21.107627
-21.107627
-21.107627
-21.107627
-21.107627
-20.158337
-19.116674
-16.560407
-21.107627
-21.107627
-21.107627
-21.107627
-21.107627
-21.107627
-21.107627
-21.107627
-21.107627
-21.107627
-21.107627
-19.332920
-16.707313
-21.107627
-21.107627
-21.107627
-21.107627
-18.738461
-21.107627
-21.107627
-21.107627
-21.107627
-21.107627
-21.107627
-20.923004
-21.107627
-21.107627
-21.107627
-21.107627
-21.107627
-21.107627
-21.107627
-21.107627
-21.107627
-21.107627
-21.107627
-21.107627
-21.107627
-21.107627
-21.107627
-21.107627
-21.107627
-21.107627
-21.107627
-21.107627
-21.107627
-21.107627
-21.107627
-18.925877
-21.107627
-21.107627
-21.107627
-21.107627
-20.868731
-14.844136
-20.829738
-21.107627
-21.107627
-21.107627
-21.107627
-21.107627
-19.643680
-21.107627
-21.107627
-20.344181
-21.107627
-21.107627
-21.107627
-19.694399
13.522997
-21.107627
-21.107627
-21.107627
-21.107627
-21.107627
-21.107627
-21.107627
-10.291187
-21.107627
-21.107627
-21.107627
-21.107627
-4.241562
-21.107627
-21.107627
-21.107627
-21.107627
-20.682480
-21.107627
-19.433191
-21.107627
-6.678613
-21.107627
-21.107627
-21.107627
-20.868731
-21.107627
-21.107627
-19.616623
-21.107627
-21.107627
-21.107627
-21.107627
-21.107627
-21.107627
-21.107627
-21.107627
-21.107627
-21.107627
-21.107627
-20.921376
-21.107627
-21.107627
-21.107627
-21.107627
-21.107627
-21.107627
0.401001
-21.107627
-21.107627
-21.107627
-21.107627
-21.107627
-21.107627
-21.107627
-21.107627
-21.107627
-21.107627
-19.953964
-17.870029
-21.107627
-21.107627
-21.107627
-21.107627
-21.107627
-21.107627
-21.107627
-21.107627
-20.719950
-21.107627
-21.107627
-21.107627
-21.107627
-21.107627
-21.107627
-21.107627
-11.348005
-21.107627
-21.107627
-21.107627
-21.107627
-21.107627
-21.107627
-15.321997
-21.107627
-21.107627
-21.107627
-21.107627
-21.107627
-21.107627
-21.107627
-21.107627
-21.107627
-21.107627
-21.107627
-21.107627
-21.107627
-21.107627
-21.107627
-21.107627
-21.107627
-21.107627
-21.107627
-21.107627
-21.107627
-21.107627
-21.107627
-21.107627
-6.119960
-21.107627
-21.107627
-21.107627
-21.107627
-21.107627
-21.107627
-21.107627
-21.107627
-21.107627
-21.107627
-21.107627
-21.107627
-21.107627
-21.107627
-21.107627
-21.107627
-21.107627
-21.107627
-21.107627
-21.107627
-21.107627
-21.107627
-21.107627
-20.344181
-21.107627
-21.107627
-21.107627
-21.107627
-21.107627
-18.456647
-21.107627
-21.107627
-21.107627
-21.107627
-21.107627
-21.107627
-21.107627
-21.107627
-21.107627
-21.107627
-21.107627
-21.107627
-21.107627
-21.107627
-21.107627
-21.107627
-21.107627
-21.107627
-21.107627
-21.107627
-13.507863
-21.107627
-21.107627
-21.107627
-21.107627
-21.107627
-21.107627
-21.107627
-21.107627
-21.107627
-21.107627
-21.107627
-21.107627
-21.107627
-21.107627
-21.107627
-12.176579
-21.107627
-21.107627
-21.107627
-21.107627
-21.107627
-21.107627
-21.107627
-21.107627
-20.158337
-21.107627
-21.107627
-21.107627
-21.107627
-21.107627
-21.107627
-21.107627
-18.203287
-21.107627
-21.107627
-21.107627
-21.107627
-21.107627
-21.107627
-21.107627
-20.278186
-21.107627
-21.107627
-21.107627
-20.827913
-16.046915
-21.107627
-18.994002
-21.107627
-21.107627
-21.107627
-21.107627
-19.089520
-21.107627
-21.107627
-21.107627
-21.107627
-21.107627
-21.107627
-21.107627
-21.107627
-0.627099
-21.107627
-20.319909
-21.107627
-21.107627
-21.107627
-21.107627
-21.107627
-20.334636
-21.107627
-21.107627
-21.107627
-21.107627
-20.733901
-21.107627
-17.105045
-21.107627
-21.107627
-21.107627
-21.107627
-21.107627
-21.107627
-8.968111
-21.107627
-21.107627
-21.107627
-21.107627
-21.107627
-21.107627
-21.107627
-21.107627
-21.107627
-20.458923
-21.107627
-21.107627
-21.107627
-21.107627
-21.107627
-21.107627
-21.107627
-20.868731
-21.107627
-21.107627
-21.107627
-21.107627
-21.107627
-21.107627
-21.107627
-21.107627
-21.107627
-21.107627
-21.107627
-14.799774
-20.923004
-21.107627
-20.891140
-21.107627
-12.180888
-21.107627
-21.107627
-21.107627
-21.107627
-21.107627
-21.107627
-21.107627
-21.107627
-21.107627
-21.107627
-20.064466
-21.107627
-21.107627
-21.107627
-19.728806
-21.107627
-21.107627
-17.616728
-21.107627
-21.107627
-21.107627
-21.107627
-21.107627
-21.107627
-21.107627
-21.107627
-21.107627
-21.107627
-21.107627
-2.535831
-21.107627
-21.107627
-21.107627
-15.952604
-21.107627
-21.107627
-21.107627
-21.107627
-21.107627
-21.107627
-21.107627
-21.107627
-21.107627
-21.107627
-21.107627
-21.107627
-21.107627
-21.107627
-21.107627
-15.809549
-21.107627
-21.107627
-21.107627
-21.107627
-20.922190
-20.344181
-21.107627
-21.107627
-21.107627
-21.107627
-20.097811
-21.107627
-21.107627
-21.107627
-21.107627
-19.422400
-21.107627
-21.107627
-21.107627
-21.107627
-20.737567
-21.107627
-21.107627
-21.107627
-21.107627
-20.861258
-21.107627
-21.107627
-21.107627
-21.107627
-21.107627
-21.107627
-21.107627
-21.107627
-21.107627
-21.107627
-21.107627
-21.107627
-21.107627
-21.107627
-21.107627
-21.107627
-21.107627
-13.260710
-21.107627
-21.107627
-21.107627
-21.107627
-21.107627
-21.107627
-21.107627
-21.107627
-21.107627
-21.107627
-19.822095
-17.813672
-21.107627
-21.107627
-21.107627
-21.107627
-20.404155
-6.717512
-21.107627
-21.107627
-18.251691
-21.107627
-20.921376
-21.107627
-21.107627
-21.107627
-21.107627
-20.868731
-21.107627
-21.107627
-21.107627
-20.827303
-21.107627
-21.107627
-21.107627
-21.107627
-21.107627
-21.107627
-21.107627
-21.107627
-21.107627
-21.107627
-21.107627
-21.107627
-21.107627
-21.107627
-21.107627
-21.107627
-21.107627
-21.107627
-21.107627
-21.107627
-21.107627
-21.107627
-21.107627
-20.428621
-21.107627
-21.107627
-18.512349
-21.107627
-21.107627
-21.107627
-21.107627
-21.107627
-21.107627
-21.107627
-20.344181
-21.107627
-21.107627
-21.107627
-21.107627
-21.107627
-21.107627
-21.107627
-21.107627
-21.107627
-8.090491
-21.107627
-20.629870
-21.107627
-19.271868
-21.107627
-21.107627
-1.482919
-21.107627
-21.107627
-21.107627
-21.107627
-21.107627
-20.920560
-21.107627
-20.222566
-21.107627
-21.107627
-21.107627
-21.107627
-21.107627
-21.107627
-18.055706
-21.107627
-21.107627
-21.107627
-21.107627
-21.107627
-19.992445
-21.107627
-21.107627
-21.107627
-16.078424
-21.107627
-21.107627
-21.107627
-21.107627
-20.828522
-3.004788
-21.107627
-21.107627
-21.107627
-21.107627
-21.107627
-21.107627
-21.107627
-21.107627
-21.107627
-21.107627
-21.107627
-21.107627
-21.107627
-19.757011
-21.107627
-21.107627
-21.107627
-21.107627
-21.107627
-21.107627
-21.107627
-21.107627
-21.107627
-21.107627
-21.107627
-21.107627
-21.107627
-21.107627
-21.107627
-20.246209
-21.107627
-21.107627
-21.107627
-21.107627
-12.587137
-21.107627
-21.107627
-21.107627
-21.107627
-21.107627
-14.505711
-21.107627
-21.107627
-21.107627
-17.986616
-21.107627
-21.107627
-21.107627
-2.348572
-21.107627
-21.107627
-21.107627
-21.107627
-21.107627
-21.107627
-21.107627
-21.107627
-20.344181
-10.244715
-21.107627
-21.107627
-21.107627
-21.107627
-21.107627
-21.107627
-20.868731
-21.107627
-21.107627
-21.107627
-20.074782
-21.107627
-21.107627
-21.107627
-21.107627
-21.107627
-21.107627
-21.107627
-21.107627
-21.107627
-21.107627
-21.107627
-16.850410
-21.107627
-21.107627
-21.107627
-21.107627
-21.107627
-21.107627
-21.107627
-21.107627
-21.107627
-21.107627
-21.107627
-21.107627
-21.107627
-21.107627
-21.107627
-21.107627
-21.107627
-21.107627
-21.107627
-21.107627
-21.107627
-21.107627
-21.107627
-21.107627
-21.107627
-21.107627
-21.107627
-21.107627
2.127077
-15.932275
-21.107627
-21.107627
-21.107627
-21.107627
-21.107627
11.141651
-21.107627
-21.107627
-21.107627
-21.107627
-21.107627
-21.107627
-21.107627
-21.107627
-21.107627
-21.107627
-21.107627
-21.107627
-21.107627
-21.107627
-21.107627
-21.107627
-21.107627
-21.107627
-20.683701
-21.107627
-21.107627
-21.107627
-21.107627
-21.107627
-21.107627
-21.107627
-21.107627
-20.327307
-21.107627
10.651556
-21.107627
-21.107627
-20.892082
-21.107627
-21.107627
-21.107627
-13.547858
-21.107627
-21.107627
-21.107627
-21.107627
-21.107627
-21.107627
-21.107627
-21.107627
-21.107627
-21.107627
-21.107627
-21.107627
-20.540816
-21.107627
-21.107627
-21.107627
-21.107627
-21.107627
-20.921783
-16.812620
-21.107627
-21.107627
-21.107627
-21.107627
-21.107627
-21.107627
-1.977435
-21.107627
-21.107627
-21.107627
-21.107627
-21.107627
-21.107627
-21.107627
-21.107627
-21.107627
-18.425223
-21.107627
-21.107627
-21.107627
-21.107627
-21.107627
-21.107627
-21.107627
-21.107627
-21.107627
-21.107627
-3.331451
-21.107627
-21.107627
-21.107627
-21.107627
-21.107627
-20.157929
-19.647877
-21.107627
-21.107627
-21.107627
-20.861795
-21.107627
-21.107627
-21.107627
-18.418952
-21.107627
-21.107627
-21.107627
-21.107627
-21.107627
-21.107627
-21.107627
-21.107627
-21.107627
-21.107627
-19.990987
-20.892082
-21.107627
-21.107627
-21.107627
-21.107627
-21.107627
-21.107627
-21.107627
-21.107627
-21.107627
-21.107627
-21.107627
-21.107627
-21.107627
-21.107627
-21.107627
-21.107627
-16.405353
-21.107627
-21.107627
-21.107627
-16.222677
-21.107627
-21.107627
-20.678418
-21.107627
12.948431
-21.107627
-21.107627
-21.107627
-21.107627
-20.920560
-19.257605
-4.113994
-21.107627
-21.107627
-21.107627
-21.107627
-21.107627
-21.107627
-21.107627
-21.107627
-20.641047
-21.107627
-21.107627
-20.317242
-21.107627
-21.107627
-21.107627
-21.107627
-21.107627
-21.107627
-21.107627
-21.107627
-8.181218
-21.107627
-21.107627
-21.107627
-21.107627
-21.107627
-21.107627
-21.107627
-21.107627
-21.107627
-21.107627
-21.107627
-21.107627
-21.107627
-21.107627
-21.107627
-21.107627
-21.107627
-20.344181
-4.935196
-20.861258
-21.107627
-19.755788
-21.107627
-21.107627
-21.107627
-21.107627
-21.107627
-21.107627
-21.107627
-13.928946
-21.107627
-21.107627
-15.807415
-18.503978
-21.107627
-21.107627
-21.107627
-21.107627
-21.107627
-21.107627
-21.107627
-21.107627
-21.107627
-21.107627
-21.107627
-21.107627
-21.107627
-21.107627
-21.107627
-21.107627
-7.479088
-21.107627
-21.107627
-21.107627
-21.107627
-21.107627
-21.107627
-21.107627
-21.107627
-21.107627
-21.107627
-20.868731
-21.107627
-21.107627
-21.107627
-21.107627
-21.107627
-21.107627
6.278708
-21.107627
-21.107627
-21.107627
-21.107627
-21.107627
-19.933939
-21.107627
-21.107627
-21.107627
-21.107627
-21.107627
-15.334770
-21.107627
-21.107627
-21.107627
-21.107627
-20.922190
-21.107627
-21.107627
-21.107627
-21.107627
-21.107627
-20.355660
-21.107627
-21.107627
-21.107627
-21.107627
-21.107627
-21.107627
6.204633
-21.107627
-21.107627
-21.107627
-20.923410
-21.107627
-21.107627
-21.107627
-21.107627
-20.827303
-21.107627
-21.107627
-21.107627
-21.107627
-21.107627
-21.107627
-21.107627
-21.107627
-21.107627
-20.683701
-21.107627
-21.107627
-20.128165
-20.868731
-21.107627
-21.107627
-20.128636
-20.568874
-21.107627
-21.107627
-21.107627
-21.107627
-21.107627
-21.107627
-20.705015
-21.107627
-21.107627
-21.107627
-21.107627
-20.827913
-21.107627
-21.107627
-21.107627
-21.107627
-21.107627
-20.677477
-21.107627
-21.107627
-21.107627
-21.107627
-21.107627
-21.107627
-21.107627
-21.107627
-21.107627
-21.107627
-21.107627
-21.107627
7.228320
-21.107627
-21.107627
-21.107627
-21.107627
-21.107627
-21.107627
-21.107627
-21.107627
-21.107627
-21.107627
-21.107627
-21.107627
-21.107627
-21.107627
-21.107627
-21.107627
-21.107627
-21.107627
-21.107627
-20.868731
-21.107627
-21.107627
-21.107627
-21.107627
-21.107627
-2.978333
-21.107627
-21.107627
-21.107627
-21.107627
-21.107627
-21.107627
-21.107627
-21.107627
-21.107627
-21.107627
16.134857
-21.107627
-21.107627
-21.107627
-18.241276
-21.107627
-21.107627
-21.107627
-21.107627
-21.107627
-21.107627
-21.107627
-20.923004
-21.107627
-21.107627
-20.303067
-21.107627
-21.107627
-21.107627
-21.107627
-21.107627
-21.107627
-21.107627
-21.107627
-21.107627
-21.107627
-21.107627
-21.107627
-21.107627
-21.107627
-21.107627
-21.107627
-21.107627
-21.107627
-21.107627
-21.107627
-21.107627
-21.107627
-21.107627
-21.107627
-12.396399
-1.218028
-21.107627
-21.107627
-21.107627
-21.107627
-21.107627
-21.107627
-21.107627
-21.107627
-21.107627
-21.107627
-21.107627
-12.114436
-21.107627
-21.107627
-5.166977
-9.901673
-21.107627
-21.107627
-21.107627
-21.107627
-21.107627
-21.107627
-21.107627
-21.107627
-21.107627
-21.107627
-21.107627
-21.107627
-21.107627
-21.107627
-21.107627
-21.107627
-21.107627
-20.753591
-21.107627
-21.107627
-17.261854
-21.107627
-21.107627
-20.189869
-21.107627
-21.107627
-21.107627
-21.107627
-21.107627
-21.107627
-21.107627
-21.107627
-21.107627
-21.107627
-21.107627
-21.107627
-21.107627
-21.107627
-21.107627
-21.107627
-21.107627
-21.107627
-21.107627
-21.107627
-21.107627
-21.107627
-21.107627
-21.107627
-21.107627
-21.107627
-21.107627
8.146350
-21.107627
-21.107627
-21.107627
-21.107627
-20.707116
-21.107627
-21.107627
-21.107627
-21.107627
-21.107627
-21.107627
-21.107627
-21.107627
-21.107627
-21.107627
-21.107627
-20.431232
-21.107627
-21.107627
-21.107627
-21.107627
-20.492854
-21.107627
-20.892082
-10.414847
-21.107627
-21.107627
-21.107627
-21.107627
-19.156518
-21.107627
-21.107627
-21.107627
-21.107627
-21.107627
-21.107627
-21.107627
-21.107627
-21.107627
-21.107627
-21.107627
-21.107627
-20.524183
-21.107627
-21.107627
-21.107627
-21.107627
-20.064466
-21.107627
-20.868731
-21.107627
-21.107627
-21.107627
-21.107627
-21.107627
-21.107627
-21.107627
-21.107627
-21.107627
-21.107627
-21.107627
-21.107627
-21.107627
-20.707459
-21.107627
-21.107627
-21.107627
-21.107627
1.022674
-21.107627
-21.107627
-20.860720
-21.107627
-21.107627
-21.107627
-21.107627
-21.107627
-21.107627
-21.107627
-21.107627
-21.107627
-21.107627
-21.107627
-21.107627
-21.107627
-21.107627
-20.892082
-21.107627
-21.107627
-19.888067
-21.107627
-21.107627
-21.107627
-21.107627
-21.107627
-21.107627
-21.107627
-21.107627
-21.107627
-21.107627
-21.107627
-21.107627
-21.107627
-21.107627
-21.107627
-21.107627
-21.107627
-21.107627
-21.107627
-21.107627
-21.107627
-21.107627
-21.107627
-21.107627
-21.107627
-21.107627
-21.107627
-21.107627
-21.107627
-21.107627
-21.107627
-21.107627
-21.107627
-21.107627
-21.107627
-21.107627
-20.895367
-21.107627
-21.107627
-12.532696
-21.107627
-21.107627
-21.107627
-21.107627
-21.107627
-21.107627
-14.525980
-20.083279
-21.107627
-21.107627
-21.107627
-21.107627
-19.975865
-21.107627
-21.107627
-21.107627
-20.719950
-21.107627
-21.107627
-21.107627
-11.467314
7.343397
-21.107627
-21.107627
-21.107627
-21.107627
-21.107627
-11.049281
-21.107627
-21.107627
-21.107627
-21.107627
-21.107627
-21.107627
-21.107627
-21.107627
-21.107627
-21.107627
-21.107627
-21.107627
-21.107627
-21.107627
-21.107627
-21.107627
-21.107627
-21.107627
-21.107627
-21.107627
-21.107627
-21.107627
-21.107627
-21.107627
-21.107627
-21.107627
-21.107627
-21.107627
-20.468156
-21.107627
-21.107627
-21.107627
-21.107627
-21.107627
-21.107627
-15.067561
-21.107627
-20.344181
-21.107627
-21.107627
-21.107627
-21.107627
-21.107627
-21.107627
-21.107627
-21.107627
-21.107627
-21.107627
-18.413610
-21.107627
-21.107627
-21.107627
-21.107627
-21.107627
-21.107627
-21.107627
-21.107627
-21.107627
-21.107627
-21.107627
-21.107627
-21.107627
-21.107627
-3.284583
-21.107627
-20.495733
-21.107627
-21.107627
-21.107627
-21.107627
-21.107627
-21.107627
-21.107627
-21.107627
-21.107627
-21.107627
-21.107627
-21.107627
-6.480989
-21.107627
-21.107627
-21.107627
-21.107627
-21.107627
-21.107627
-21.107627
-21.107627
-21.107627
-21.107627
-20.460406
-21.107627
-21.107627
-21.107627
-21.107627
-21.107627
-21.107627
-21.107627
-21.107627
-21.107627
-21.107627
-21.107627
-21.107627
-21.107627
-21.107627
-21.107627
-20.922190
-21.107627
-21.107627
