9535, 17130, 25307, 17302, 17175, 25286, 79416, 16365, 37258, 79697, 16826, 11946, 35549, 25044, 9842, 38649, 36775, 3101, 47055, 38626, 65971, 10655, 36918, 20878, 79464, 13808, 23981, 16625, 17231, 17307, 9684, 50913, 10459, 1886, 87451, 38750, 69280, 35323, 32391, 65893, 3123, 37079, 26166, 25320, 37108, 16599, 11772, 91619, 35809, 16820, 38278, 37194, 26140, 79400, 16568, 11137, 92008, 80278, 17227, 29380, 55026, 37346, 36874, 14805, 10798, 36829, 10883, 133597, 3502, 3354, 37169, 72259, 16663, 20990, 123850, 58319, 37419, 96459, 21980, 17503, 17430, 16291, 20902, 38748, 96958, 17404, 80584, 11828, 17373, 96390, 82909, 16618, 62271, 18361, 91931, 3758, 131408, 3869, 10413, 79625, 101238, 15173, 65962, 14287, 20873, 25479, 31970, 95895, 79448, 35536, 3681, 77809, 37246, 9061, 35821, 51673, 3860, 55423, 16950, 72877, 133643, 86225, 77555, 13015, 24223, 10081, 16989, 67138, 39539, 119792, 11750, 86002, 26205, 95956, 10948, 3872, 25501, 1185, 72034, 38795, 80361, 20633, 83135, 3643, 38298, 79859, 91808, 11972, 38402, 13867, 17856, 79900, 16657, 79764, 16998, 10559, 16824, 21400, 23959, 77634, 3667, 133835, 10932, 3404, 16688, 1181, 17124, 16832, 15007, 10525
Feature count is 170
Criterion1 result is ObjectIndex = 700, Distance = -20.324254407161544859105519376, Value = 0.7272842608596015418562349568
Boundary = -20.313326477449819516008280692
-22.050088
-19.661824
-22.050088
-22.050088
-22.050088
-22.050088
-22.050088
-22.050088
-22.050088
-22.050088
-22.050088
-22.050088
-22.050088
-15.906830
-22.050088
-22.050088
-22.050088
-22.050088
-22.050088
-20.101135
-22.050088
-22.050088
-22.050088
-22.050088
-22.050088
-22.050088
-22.050088
-22.050088
-22.050088
-21.805329
-22.050088
-22.050088
-22.050088
-21.314029
-22.050088
-17.188796
-22.050088
-22.050088
-20.302399
-22.050088
-22.050088
-20.842454
-22.050088
-22.050088
-22.050088
-22.050088
-22.050088
-22.050088
-22.050088
-22.050088
-22.050088
-22.050088
-22.050088
-21.839230
-22.050088
-22.050088
-17.341696
-22.050088
-10.926613
-22.050088
-22.050088
-22.050088
-22.050088
-22.050088
-22.050088
-22.050088
-22.050088
-22.050088
-22.050088
-22.050088
-22.050088
-22.050088
-22.050088
-22.050088
-22.050088
-20.537907
-22.050088
-22.050088
-22.050088
-20.978926
-22.050088
-22.050088
-22.050088
-22.050088
-22.050088
17.094610
-21.837359
-22.050088
-22.050088
-22.050088
-22.050088
-22.050088
-22.050088
-22.050088
-22.050088
-22.050088
-21.836422
-22.050088
-22.050088
-22.050088
-22.050088
-22.050088
-14.234749
-22.050088
-22.050088
-22.050088
-20.854830
-15.175511
-22.050088
-22.050088
-20.698442
-22.050088
-22.050088
-22.050088
-22.050088
-22.050088
-22.050088
-22.050088
-22.050088
-22.050088
-22.050088
-22.050088
-19.726474
-22.050088
-22.050088
-19.997487
-21.837359
-22.050088
-22.050088
-22.050088
-22.050088
-22.050088
-22.050088
-22.050088
-21.739089
-22.050088
-10.344802
-22.050088
-22.050088
-22.050088
-22.050088
-18.090265
-22.050088
-22.050088
-22.050088
-21.312632
-22.050088
-22.050088
-20.842454
-22.050088
-22.050088
-22.050088
-22.050088
-22.050088
-22.050088
-22.050088
-22.050088
-22.050088
-18.800226
-22.050088
-22.050088
-21.036139
-21.284940
-22.050088
-22.050088
-22.050088
-22.050088
-20.796005
-22.050088
-22.050088
-22.050088
-22.050088
-22.050088
-22.050088
-22.050088
-22.050088
-22.050088
-22.050088
-20.367456
-22.050088
-22.050088
-22.050088
-22.050088
-22.050088
-22.050088
-22.050088
-22.050088
-22.050088
-22.050088
-22.050088
-22.050088
-22.050088
-22.050088
-22.050088
-20.250888
-22.050088
-22.050088
-22.050088
-22.050088
-22.050088
-22.050088
-22.050088
-22.050088
-22.050088
-22.050088
-22.050088
-22.050088
-22.050088
-22.050088
-22.050088
-22.050088
-22.050088
-22.050088
-21.486092
-22.050088
-22.050088
-22.050088
-22.050088
-22.050088
-22.050088
-22.050088
-22.050088
-19.816712
-21.809067
-21.314029
-21.312232
-22.050088
-22.050088
-22.050088
-18.604903
-22.050088
-22.050088
-22.050088
-21.314029
-22.050088
-22.050088
-22.050088
-22.050088
-18.700348
-19.097771
-22.050088
-22.050088
-22.050088
-22.050088
-22.050088
-22.050088
-22.050088
-22.050088
-22.050088
-22.050088
-22.050088
-12.078891
-22.050088
-22.050088
-22.050088
-22.050088
-22.050088
-12.493427
-22.050088
-22.050088
-22.050088
-22.050088
-22.050088
-22.050088
-22.050088
-22.050088
-22.050088
-19.845497
-22.050088
-22.050088
-19.015512
-22.050088
-22.050088
-22.050088
-22.050088
-22.050088
-21.314029
-22.050088
-22.050088
-22.050088
-22.050088
-22.050088
-22.050088
-22.050088
-22.050088
-22.050088
-22.050088
-22.050088
-21.314029
-22.050088
-22.050088
-22.050088
-22.050088
-22.050088
4.873843
-22.050088
-22.050088
-22.050088
-22.050088
-22.050088
-22.050088
-22.050088
-22.050088
-22.050088
-22.050088
-22.050088
-22.050088
-22.050088
-22.050088
-22.050088
-22.050088
-22.050088
-22.050088
-22.050088
-22.050088
-22.050088
-5.451213
-11.101578
-21.561641
-22.050088
-22.050088
-22.050088
-22.050088
-22.050088
-22.050088
-22.050088
-22.050088
-22.050088
-22.050088
-22.050088
-22.050088
-22.050088
-22.050088
-22.050088
-22.050088
-20.329229
-22.050088
-22.050088
-22.050088
-22.050088
-14.068313
-22.050088
-22.050088
-22.050088
-22.050088
-22.050088
-22.050088
-22.050088
-22.050088
-22.050088
-22.050088
-22.050088
-22.050088
-22.050088
-22.050088
-22.050088
-21.771591
-22.050088
-22.050088
-22.050088
-22.050088
-22.050088
-22.050088
-22.050088
-22.050088
-21.129812
-22.050088
-22.050088
-22.050088
-22.050088
-22.050088
-22.050088
-22.050088
-22.050088
-22.050088
-22.050088
-22.050088
-22.050088
-5.159389
-22.050088
-22.050088
-22.050088
-19.490741
-22.050088
-22.050088
-22.050088
-22.050088
-22.050088
-22.050088
-20.863648
-22.050088
-22.050088
-22.050088
-22.050088
-22.050088
-22.050088
-22.050088
-22.050088
-22.050088
-21.805329
-22.050088
-22.050088
-22.050088
-21.838295
-22.050088
-22.050088
-22.050088
-22.050088
-22.050088
-7.448576
-22.050088
-22.050088
-22.050088
-22.050088
-22.050088
-22.050088
-20.217292
-22.050088
-22.050088
-22.050088
-21.314029
-22.050088
-22.050088
-22.050088
-22.050088
-22.050088
-22.050088
-22.050088
-22.050088
-22.050088
-22.050088
-22.050088
-22.050088
-22.050088
-22.050088
-22.050088
-22.050088
-22.050088
-2.931383
-13.593279
-22.050088
-22.050088
-22.050088
-22.050088
-22.050088
-16.243114
-22.050088
9.979636
-22.050088
-22.050088
-22.050088
-22.050088
-22.050088
-22.050088
-22.050088
-22.050088
-19.850813
-22.050088
-22.050088
-11.408257
-22.050088
-22.050088
-21.772805
-22.050088
-14.081289
-22.050088
-22.050088
-22.050088
-22.050088
-22.050088
-22.050088
-22.050088
-22.050088
-22.050088
-21.314029
-22.050088
-22.050088
-22.050088
-22.050088
-16.894568
-19.449816
-22.050088
-22.050088
-22.050088
-22.050088
-22.050088
-21.593672
-22.050088
-22.050088
-22.050088
-22.050088
-22.050088
-22.050088
-22.050088
-22.050088
-21.040091
-19.203997
-17.417894
-22.050088
-22.050088
-22.050088
-22.050088
-22.050088
-22.050088
-22.050088
-22.050088
-22.050088
-22.050088
-22.050088
-16.886816
-17.776754
-22.050088
-22.050088
-22.050088
-22.050088
-19.105930
-22.050088
-22.050088
-21.774622
-22.050088
-22.050088
-22.050088
-21.072476
-22.050088
-22.050088
-22.050088
-22.050088
-22.050088
-22.050088
-22.050088
-22.050088
-22.050088
-22.050088
-22.050088
-22.050088
-22.050088
-22.050088
-22.050088
-22.050088
-22.050088
-22.050088
-22.050088
-22.050088
-21.314029
-22.050088
-22.050088
-19.863177
-22.050088
-21.414242
-22.050088
-22.050088
-21.314029
-16.509381
-22.050088
-22.050088
-22.050088
-22.050088
-22.050088
-22.050088
-17.672222
-22.050088
-22.050088
-21.381739
-22.050088
-22.050088
-22.050088
-19.711485
12.873824
-22.050088
-22.050088
-22.050088
-22.050088
-22.050088
-22.050088
-22.050088
-11.956408
-22.050088
-22.050088
-22.050088
-22.050088
-4.795361
-22.050088
-21.314029
-22.050088
-22.050088
-21.099424
-22.050088
-18.951742
-22.050088
-9.271694
-22.050088
-22.050088
-22.050088
-22.050088
-22.050088
-22.050088
-19.245884
-22.050088
-21.314029
-22.050088
-22.050088
-22.050088
-22.050088
-22.050088
-22.050088
-21.863836
-22.050088
-22.050088
-21.129812
-22.050088
-22.050088
-22.050088
-22.050088
-22.050088
-22.050088
-0.774785
-22.050088
-22.050088
-22.050088
-22.050088
-22.050088
-22.050088
-22.050088
-22.050088
-22.050088
-22.050088
-20.662581
-18.965233
-22.050088
-22.050088
-22.050088
-22.050088
-22.050088
-22.050088
-22.050088
-22.050088
-21.346435
-22.050088
-22.050088
-22.050088
-22.050088
-22.050088
-22.050088
-22.050088
-10.190896
-22.050088
-22.050088
-22.050088
-22.050088
-22.050088
-22.050088
-13.949135
-22.050088
-22.050088
-22.050088
-22.050088
-22.050088
-22.050088
-22.050088
-22.050088
-22.050088
-22.050088
-22.050088
-22.050088
-22.050088
-22.050088
-22.050088
-22.050088
-22.050088
-22.050088
-22.050088
-22.050088
-22.050088
-22.050088
-22.050088
-22.050088
-1.411022
-22.050088
-21.838295
-21.314029
-22.050088
-22.050088
-22.050088
-22.050088
-22.050088
-22.050088
-22.050088
-22.050088
-22.050088
-22.050088
-22.050088
-22.050088
-22.050088
-22.050088
-21.529075
-22.050088
-22.050088
-22.050088
-22.050088
-22.050088
-20.324254
-22.050088
-22.050088
-22.050088
-22.050088
-22.050088
-18.765406
-22.050088
-22.050088
-22.050088
-22.050088
-22.050088
-22.050088
-22.050088
-22.050088
-22.050088
-22.050088
-22.050088
-22.050088
-22.050088
-22.050088
-22.050088
-22.050088
-22.050088
-22.050088
-22.050088
-22.050088
-12.338998
-22.050088
-22.050088
-22.050088
-22.050088
-22.050088
-22.050088
-22.050088
-22.050088
-22.050088
-22.050088
-22.050088
-22.050088
-22.050088
-22.050088
-22.050088
-14.593520
-22.050088
-22.050088
-22.050088
-22.050088
-22.050088
-22.050088
-22.050088
-22.050088
-20.391880
-22.050088
-22.050088
-22.050088
-21.376119
-22.050088
-22.050088
-22.050088
-15.915188
-22.050088
-22.050088
-22.050088
-22.050088
-22.050088
-22.050088
-22.050088
-21.382478
-22.050088
-22.050088
-22.050088
-21.865871
-18.093376
-22.050088
-19.492057
-22.050088
-22.050088
-22.050088
-22.050088
-19.190437
-22.050088
-22.050088
-22.050088
-22.050088
-22.050088
-22.050088
-22.050088
-22.050088
-3.444474
-22.050088
-20.427287
-22.050088
-22.050088
-22.050088
-21.314029
-22.050088
-19.631352
-22.050088
-22.050088
-22.050088
-22.050088
-20.697628
-22.050088
-17.212837
-22.050088
-22.050088
-22.050088
-22.050088
-22.050088
-22.050088
-2.577494
-22.050088
-22.050088
-22.050088
-22.050088
-22.050088
-22.050088
-22.050088
-22.050088
-22.050088
-21.099424
-22.050088
-22.050088
-22.050088
-22.050088
-22.050088
-22.050088
-22.050088
-22.050088
-22.050088
-22.050088
-22.050088
-22.050088
-22.050088
-22.050088
-22.050088
-22.050088
-22.050088
-21.774622
-22.050088
-11.183752
-21.462413
-22.050088
-21.314029
-22.050088
-13.976955
-22.050088
-22.050088
-22.050088
-22.050088
-22.050088
-22.050088
-22.050088
-22.050088
-22.050088
-22.050088
-21.036746
-22.050088
-22.050088
-22.050088
-19.079142
-22.050088
-22.050088
-14.993040
-22.050088
-22.050088
-22.050088
-22.050088
-22.050088
-22.050088
-22.050088
-22.050088
-22.050088
-22.050088
-22.050088
-1.598382
-21.581581
-22.050088
-22.050088
-16.953744
-22.050088
-22.050088
-22.050088
-22.050088
-22.050088
-21.068734
-22.050088
-22.050088
-22.050088
-22.050088
-22.050088
-22.050088
-22.050088
-22.050088
-22.050088
-13.678208
-22.050088
-22.050088
-22.050088
-22.050088
-21.597677
-20.192733
-22.050088
-22.050088
-22.050088
-22.050088
-22.050088
-22.050088
-22.050088
-22.050088
-22.050088
-17.026693
-22.050088
-22.050088
-22.050088
-22.050088
-21.413461
-22.050088
-22.050088
-22.050088
-22.050088
-22.050088
-22.050088
-22.050088
-22.050088
-22.050088
-22.050088
-22.050088
-22.050088
-22.050088
-22.050088
-22.050088
-22.050088
-22.050088
-22.050088
-22.050088
-22.050088
-22.050088
-22.050088
-13.424782
-22.050088
-22.050088
-20.966670
-22.050088
-22.050088
-22.050088
-22.050088
-22.050088
-22.050088
-22.050088
-21.623225
-17.682141
-22.050088
-22.050088
-22.050088
-22.050088
-19.281851
-6.746646
-22.050088
-22.050088
-19.797601
-22.050088
-21.314029
-22.050088
-22.050088
-22.050088
-22.050088
-21.865871
-22.050088
-22.050088
-21.494309
-21.099894
-21.805864
-21.070341
-22.050088
-22.050088
-22.050088
-22.050088
-22.050088
-22.050088
-22.050088
-22.050088
-22.050088
-22.050088
-22.050088
-22.050088
-22.050088
-22.050088
-22.050088
-22.050088
-22.050088
-22.050088
-22.050088
-22.050088
-22.050088
-20.940339
-22.050088
-22.050088
-16.928449
-22.050088
-21.314029
-22.050088
-22.050088
-22.050088
-22.050088
-22.050088
-20.204168
-22.050088
-22.050088
-22.050088
-22.050088
-22.050088
-22.050088
-22.050088
-22.050088
-22.050088
-7.663328
-22.050088
-20.682819
-22.050088
-20.484001
-22.050088
-22.050088
-2.350380
-22.050088
-22.050088
-22.050088
-22.050088
-22.050088
-21.772805
-22.050088
-20.043643
-22.050088
-20.924660
-22.050088
-22.050088
-22.050088
-22.050088
-19.686959
-22.050088
-22.050088
-22.050088
-22.050088
-21.839230
-19.963798
-22.050088
-22.050088
-22.050088
-13.911294
-22.050088
-22.050088
-22.050088
-22.050088
-22.050088
-7.660110
-22.050088
-22.050088
-22.050088
-22.050088
-22.050088
-22.050088
-22.050088
-22.050088
-22.050088
-22.050088
-22.050088
-22.050088
-22.050088
-20.035587
-22.050088
-22.050088
-22.050088
-22.050088
-22.050088
-22.050088
-22.050088
-22.050088
-21.314029
-22.050088
-22.050088
-22.050088
-22.050088
-22.050088
-22.050088
-21.167637
-22.050088
-22.050088
-22.050088
-22.050088
-11.053930
-22.050088
-22.050088
-22.050088
-22.050088
-22.050088
-13.139727
-22.050088
-22.050088
-22.050088
-17.836768
-22.050088
-22.050088
-22.050088
-1.053879
-22.050088
-22.050088
-22.050088
-22.050088
-22.050088
-22.050088
-22.050088
-22.050088
-20.703667
-8.154930
-22.050088
-22.050088
-22.050088
-22.050088
-22.050088
-22.050088
-22.050088
-22.050088
-22.050088
-22.050088
-21.154799
-21.314029
-22.050088
-22.050088
-22.050088
-22.050088
-22.050088
-22.050088
-22.050088
-22.050088
-22.050088
-22.050088
-15.722245
-22.050088
-22.050088
-22.050088
-22.050088
-21.314029
-22.050088
-22.050088
-22.050088
-22.050088
-22.050088
-22.050088
-22.050088
-22.050088
-22.050088
-22.050088
-21.314029
-22.050088
-22.050088
-22.050088
-22.050088
-22.050088
-22.050088
-22.050088
-22.050088
-22.050088
-22.050088
-22.050088
-22.050088
2.530905
-13.366429
-22.050088
-22.050088
-22.050088
-22.050088
-22.050088
9.842782
-22.050088
-22.050088
-22.050088
-22.050088
-22.050088
-22.050088
-22.050088
-22.050088
-22.050088
-22.050088
-22.050088
-22.050088
-22.050088
-22.050088
-22.050088
-22.050088
-22.050088
-22.050088
-22.050088
-22.050088
-22.050088
-22.050088
-21.314029
-22.050088
-22.050088
-22.050088
-22.050088
-19.528789
-22.050088
11.762797
-22.050088
-22.050088
-22.050088
-22.050088
-22.050088
-22.050088
-15.891805
-22.050088
-22.050088
-22.050088
-22.050088
-22.050088
-22.050088
-22.050088
-22.050088
-22.050088
-22.050088
-22.050088
-22.050088
-17.620844
-22.050088
-22.050088
-22.050088
-22.050088
-22.050088
-21.526728
-17.250837
-22.050088
-22.050088
-22.050088
-22.050088
-22.050088
-22.050088
-0.548151
-22.050088
-22.050088
-22.050088
-22.050088
-22.050088
-22.050088
-22.050088
-22.050088
-22.050088
-16.099990
-22.050088
-22.050088
-22.050088
-22.050088
-22.050088
-22.050088
-22.050088
-22.050088
-22.050088
-22.050088
-2.843550
-22.050088
-22.050088
-22.050088
-22.050088
-22.050088
-20.915864
-16.723806
-22.050088
-22.050088
-22.050088
-21.226279
-22.050088
-22.050088
-22.050088
-17.544169
-22.050088
-22.050088
-22.050088
-22.050088
-22.050088
-22.050088
-22.050088
-22.050088
-22.050088
-22.050088
-18.802076
-22.050088
-22.050088
-22.050088
-22.050088
-22.050088
-22.050088
-22.050088
-22.050088
-22.050088
-22.050088
-22.050088
-22.050088
-22.050088
-22.050088
-22.050088
-22.050088
-22.050088
-17.854010
-22.050088
-22.050088
-22.050088
-17.245258
-22.050088
-22.050088
-21.382478
-22.050088
12.198165
-22.050088
-22.050088
-22.050088
-22.050088
-22.050088
-19.112147
-0.994756
-22.050088
-22.050088
-22.050088
-22.050088
-22.050088
-22.050088
-22.050088
-22.050088
-20.420927
-22.050088
-22.050088
-20.166747
-22.050088
-22.050088
-22.050088
-22.050088
-22.050088
-22.050088
-22.050088
-22.050088
-5.315921
-22.050088
-22.050088
-22.050088
-22.050088
-22.050088
-22.050088
-22.050088
-22.050088
-22.050088
-22.050088
-22.050088
-22.050088
-22.050088
-22.050088
-22.050088
-22.050088
-22.050088
-21.366895
-8.182291
-21.000302
-22.050088
-20.152852
-22.050088
-22.050088
-22.050088
-22.050088
-22.050088
-22.050088
-22.050088
-12.387461
-22.050088
-22.050088
-14.923248
-18.724820
-22.050088
-22.050088
-22.050088
-22.050088
-22.050088
-22.050088
-22.050088
-22.050088
-22.050088
-22.050088
-22.050088
-22.050088
-22.050088
-22.050088
-22.050088
-22.050088
-7.344307
-22.050088
-22.050088
-21.581581
-22.050088
-22.050088
-22.050088
-22.050088
-22.050088
-22.050088
-22.050088
-22.050088
-21.314029
-22.050088
-22.050088
-22.050088
-22.050088
-22.050088
4.664574
-22.050088
-22.050088
-22.050088
-22.050088
-22.050088
-21.193971
-22.050088
-22.050088
-22.050088
-22.050088
-22.050088
-14.103825
-22.050088
-22.050088
-22.050088
-22.050088
-22.050088
-22.050088
-22.050088
-22.050088
-22.050088
-22.050088
-20.700322
-22.050088
-22.050088
-22.050088
-22.050088
-22.050088
-22.050088
5.418313
-22.050088
-22.050088
-21.314029
-21.626035
-22.050088
-22.050088
-22.050088
-22.050088
-21.805864
-22.050088
-22.050088
-22.050088
-22.050088
-22.050088
-22.050088
-22.050088
-22.050088
-22.050088
-22.050088
-22.050088
-22.050088
-20.193198
-22.050088
-22.050088
-22.050088
-21.036746
-20.032225
-22.050088
-22.050088
-22.050088
-22.050088
-22.050088
-22.050088
-20.519793
-22.050088
-22.050088
-22.050088
-21.314029
-21.314029
-22.050088
-22.050088
-22.050088
-22.050088
-21.809067
-21.595542
-22.050088
-22.050088
-22.050088
-22.050088
-22.050088
-22.050088
-22.050088
-22.050088
-22.050088
-22.050088
-22.050088
-22.050088
4.790647
-22.050088
-22.050088
-22.050088
-22.050088
-22.050088
-22.050088
-22.050088
-22.050088
-22.050088
-22.050088
-22.050088
-22.050088
-22.050088
-22.050088
-22.050088
-22.050088
-22.050088
-22.050088
-22.050088
-21.865871
-22.050088
-22.050088
-22.050088
-22.050088
-22.050088
-5.067373
-22.050088
-22.050088
-22.050088
-22.050088
-22.050088
-22.050088
-22.050088
-22.050088
-22.050088
-22.050088
19.807308
-22.050088
-22.050088
-22.050088
-20.000277
-22.050088
-22.050088
-22.050088
-22.050088
-22.050088
-22.050088
-22.050088
-21.655013
-22.050088
-22.050088
-21.284543
-22.050088
-22.050088
-22.050088
-22.050088
-22.050088
-22.050088
-22.050088
-22.050088
-22.050088
-21.774622
-22.050088
-22.050088
-22.050088
-22.050088
-22.050088
-22.050088
-22.050088
-22.050088
-22.050088
-22.050088
-22.050088
-22.050088
-22.050088
-22.050088
-8.843353
2.877367
-22.050088
-22.050088
-22.050088
-22.050088
-22.050088
-22.050088
-22.050088
-22.050088
-22.050088
-22.050088
-22.050088
-12.559525
-22.050088
-22.050088
-0.967648
-12.301678
-22.050088
-22.050088
-22.050088
-22.050088
-22.050088
-22.050088
-22.050088
-22.050088
-22.050088
-22.050088
-22.050088
-22.050088
-22.050088
-22.050088
-22.050088
-22.050088
-22.050088
-21.838295
-22.050088
-22.050088
-18.101213
-22.050088
-22.050088
-20.354728
-22.050088
-22.050088
-22.050088
-22.050088
-22.050088
-22.050088
-22.050088
-22.050088
-22.050088
-22.050088
-22.050088
-22.050088
-22.050088
-22.050088
-22.050088
-20.729343
-22.050088
-22.050088
-22.050088
-22.050088
-22.050088
-22.050088
-22.050088
-22.050088
-22.050088
-22.050088
-22.050088
5.323564
-22.050088
-22.050088
-22.050088
-22.050088
-19.224965
-22.050088
-22.050088
-21.103212
-22.050088
-22.050088
-22.050088
-20.886124
-22.050088
-22.050088
-22.050088
-22.050088
-19.091727
-22.050088
-22.050088
-22.050088
-22.050088
-21.342652
-22.050088
-21.621348
-7.592603
-22.050088
-22.050088
-22.050088
-22.050088
-18.502862
-22.050088
-22.050088
-22.050088
-22.050088
-22.050088
-22.050088
-22.050088
-22.050088
-22.050088
-22.050088
-22.050088
-22.050088
-21.440598
-22.050088
-22.050088
-22.050088
-22.050088
-20.712217
-22.050088
-21.317418
-22.050088
-22.050088
-21.809067
-22.050088
-22.050088
-22.050088
-22.050088
-22.050088
-22.050088
-22.050088
-22.050088
-22.050088
-21.314029
-21.378599
-22.050088
-22.050088
-22.050088
-22.050088
-1.673595
-22.050088
-22.050088
-20.446245
-22.050088
-22.050088
-22.050088
-22.050088
-22.050088
-22.050088
-22.050088
-22.050088
-22.050088
-22.050088
-22.050088
-22.050088
-22.050088
-22.050088
-22.050088
-22.050088
-22.050088
-18.727793
-22.050088
-22.050088
-22.050088
-22.050088
-22.050088
-21.466337
-22.050088
-22.050088
-22.050088
-22.050088
-22.050088
-22.050088
-22.050088
-22.050088
-22.050088
-22.050088
-22.050088
-22.050088
-22.050088
-22.050088
-21.439726
-22.050088
-22.050088
-22.050088
-22.050088
-22.050088
-22.050088
-22.050088
-22.050088
-22.050088
-22.050088
-22.050088
-22.050088
-22.050088
-22.050088
-22.050088
-21.530945
-22.050088
-22.050088
-11.910547
-22.050088
-22.050088
-22.050088
-22.050088
-22.050088
-22.050088
-11.436320
-17.283340
-22.050088
-22.050088
-22.050088
-22.050088
-20.886696
-22.050088
-22.050088
-22.050088
-21.741803
-22.050088
-22.050088
-22.050088
-11.881240
6.160974
-22.050088
-22.050088
-22.050088
-22.050088
-22.050088
-11.150997
-22.050088
-22.050088
-22.050088
-22.050088
-22.050088
-22.050088
-22.050088
-22.050088
-22.050088
-22.050088
-22.050088
-22.050088
-22.050088
-22.050088
-22.050088
-22.050088
-22.050088
-21.772198
-22.050088
-22.050088
-22.050088
-22.050088
-22.050088
-22.050088
-22.050088
-22.050088
-22.050088
-22.050088
-21.347036
-21.836422
-22.050088
-22.050088
-22.050088
-22.050088
-22.050088
-19.079198
-22.050088
-20.440124
-22.050088
-22.050088
-22.050088
-22.050088
-22.050088
-22.050088
-22.050088
-22.050088
-22.050088
-22.050088
-18.993986
-22.050088
-22.050088
-22.050088
-22.050088
-22.050088
-22.050088
-22.050088
-22.050088
-22.050088
-22.050088
-22.050088
-22.050088
-22.050088
-21.314029
-3.009399
-22.050088
-21.808535
-22.050088
-22.050088
-22.050088
-22.050088
-22.050088
-22.050088
-22.050088
-21.651516
-22.050088
-22.050088
-22.050088
-22.050088
-6.028064
-22.050088
-21.774622
-22.050088
-22.050088
-22.050088
-22.050088
-22.050088
-22.050088
-22.050088
-22.050088
-20.881228
-22.050088
-22.050088
-22.050088
-22.050088
-22.050088
-22.050088
-22.050088
-22.050088
-22.050088
-22.050088
-22.050088
-22.050088
-22.050088
-22.050088
-22.050088
-21.314029
-22.050088
-22.050088
