===== FindNoisyObjects Started at 05/16/2021 18:20:09
4
26
8
1417
25
23
17
15
0
9
3
38
14
24
7
1110
28
635
2
44
46
43
48
34
51
50
47
5
52
49
39
60
64
63
45
54
20
62
31
65
40
12
6
11
36
42
67
32
68
70
69
30
94
66
89
90
99
101
104
74
105
111
81
91
103
108
112
109
16
113
116
120
123
117
95
128
124
77
100
82
114
71
72
119
98
76
78
57
92
22
753
1024
18
21
115
130
10
27
132
151
84
80
149
152
131
142
144
153
88
146
150
143
87
166
159
168
165
174
170
37
172
169
171
176
97
73
83
177
129
160
133
137
127
93
179
175
183
121
140
139
184
191
147
193
154
198
163
201
185
199
187
200
206
156
155
164
188
202
157
208
209
173
203
218
214
216
220
210
217
181
231
221
226
118
215
138
195
180
204
211
189
186
192
219
252
190
207
228
259
236
265
230
232
254
240
234
266
135
212
273
235
275
253
284
274
286
242
255
280
291
287
289
281
256
292
277
290
293
243
261
302
306
244
315
298
307
271
260
295
278
308
272
319
237
279
309
303
324
196
342
304
325
197
330
326
205
305
339
346
282
357
347
331
341
182
348
283
285
258
227
245
369
373
349
359
367
296
332
246
311
320
377
262
322
299
321
383
393
268
360
334
397
402
394
384
343
404
386
269
327
352
385
398
406
395
412
336
344
405
400
413
337
407
328
361
247
396
358
401
350
297
345
380
424
351
368
428
374
425
333
408
442
381
429
426
436
379
323
427
430
454
457
375
300
463
448
443
452
263
353
387
465
455
437
419
354
388
449
468
421
470
355
415
248
422
338
466
329
477
472
249
390
491
478
467
471
370
391
504
514
362
432
473
371
250
411
525
372
433
531
520
526
376
301
529
458
363
535
444
545
453
521
460
558
450
564
530
481
469
485
423
264
440
482
493
570
487
500
451
494
505
392
489
516
483
583
595
490
501
597
517
475
584
590
599
476
431
586
591
484
539
502
609
532
434
519
603
533
527
503
540
610
461
547
536
622
435
560
632
604
523
528
561
639
633
418
574
611
577
492
640
571
563
606
641
572
441
657
634
498
506
573
576
499
618
600
592
588
607
619
661
594
684
665
680
542
688
628
702
364
544
629
692
689
703
707
630
446
681
690
704
708
565
631
549
711
537
682
693
719
623
728
715
720
683
624
524
732
648
705
736
733
712
612
716
649
695
578
613
734
579
740
696
658
653
614
637
507
713
673
601
616
749
508
735
697
534
602
666
654
714
770
761
667
691
755
538
550
668
729
625
782
721
554
798
655
722
737
568
757
717
650
723
738
642
803
741
783
659
617
674
620
750
662
786
771
762
698
581
569
669
758
813
652
555
643
685
709
511
784
675
799
785
663
677
686
774
710
512
730
817
664
776
724
660
831
777
725
718
818
832
778
822
699
840
670
726
779
848
862
872
856
852
819
849
823
701
833
853
759
820
843
671
834
863
874
850
835
854
873
781
865
855
858
885
824
556
672
800
866
845
875
899
915
836
890
887
847
859
878
905
742
925
744
879
851
935
656
927
860
916
557
837
645
801
513
918
731
945
976
993
805
906
1004
919
926
888
745
867
881
1009
955
936
967
946
928
746
621
751
747
646
929
1011
814
838
947
787
985
891
1022
1027
994
788
986
1028
908
647
1023
977
1012
1005
920
1029
909
892
889
739
1013
1025
763
969
1031
754
948
815
937
748
687
1010
882
995
1033
1038
790
956
970
312
930
921
1050
910
883
816
923
884
978
987
911
868
1026
913
1082
1051
870
1052
1083
764
871
1035
1084
765
914
1102
825
893
1086
1014
975
938
1006
1087
1123
931
1036
1008
1138
1088
1129
1147
1060
894
949
1015
979
924
1149
1077
988
1068
1092
1079
1037
980
989
806
1112
1093
950
766
1053
1115
792
767
1070
1056
793
769
939
1139
1124
807
1057
997
932
1162
1071
1130
1061
895
1163
1148
1127
941
1016
1150
1154
1040
1080
1072
826
942
1172
1155
1128
1103
1094
827
953
1081
1116
794
1089
1177
944
1117
1174
796
1156
1091
808
1058
998
1185
959
1205
1059
809
1140
1000
1194
1157
810
1131
1141
1164
1062
897
1186
960
990
1018
1073
1002
1041
1225
812
1105
1074
991
1095
1075
1235
1042
1178
1187
828
1175
1003
954
1118
933
1207
981
1215
1195
1158
1143
1151
1097
1063
962
1106
1244
992
1236
1263
1020
1132
1226
1275
1043
900
898
1076
964
1266
1046
1165
313
1133
903
1267
1119
1301
1168
965
1293
830
1253
1208
1188
314
1179
1134
934
1209
1313
1180
1176
1211
982
1189
1181
1294
1216
1245
984
1135
1217
1246
1152
1343
1338
1197
1190
1238
1136
1227
1191
1295
1283
1218
1228
1351
1344
1276
1286
1363
1340
1120
1107
1144
1268
1296
1098
1145
1064
1270
1352
1303
904
1065
966
1341
1159
1374
1254
1324
1146
1314
1382
1160
1248
1297
1182
1329
1353
1193
1212
1231
1198
1183
1315
1219
1047
1287
1220
1345
1048
1277
1403
1364
1169
1288
1412
1354
1122
1170
1319
1365
1413
1171
1426
1415
1366
1278
1404
1108
1446
1271
1355
1304
1320
1272
1256
1342
1448
1455
1427
1257
1161
1325
1356
1249
1428
1473
1384
1392
1449
1239
1232
1450
1199
1184
1298
1451
1213
1200
1221
1250
1493
1099
1367
1405
1385
1452
1101
1299
1346
1289
1406
1066
1502
1109
1407
1067
1111
1279
1416
1386
1409
1305
1510
1280
1274
1347
1511
1321
1281
1468
1456
1322
1259
1458
1418
1282
1323
1260
1307
1512
1459
1331
1360
1556
1326
1513
1557
1240
1261
1362
1394
1419
1241
1559
1395
1429
1214
1262
1430
1560
1332
1565
1233
1202
1224
1594
1251
1368
1453
1612
1234
1432
1290
1370
1583
1300
1613
1503
1519
1584
1252
1410
1520
1387
1585
1411
1388
1621
1348
1469
1291
1538
1658
1474
1462
1470
1328
1670
1587
1463
1679
1671
1622
1308
1539
1423
1680
1673
1310
1681
1494
1561
1566
1242
1595
1588
1396
1495
1567
1204
1674
1596
1424
1454
1683
1333
1433
1371
1243
1591
1497
1504
1434
1694
1723
1334
1615
1629
1435
1648
1521
1505
1514
1592
1660
1696
1292
1349
1515
1475
1389
1471
1743
1466
1478
1506
1623
1540
1661
1760
1682
1593
1624
1397
1541
1562
1391
1625
1568
1675
1563
1507
1626
1597
1662
1778
1564
1715
1569
1734
1627
1716
1684
1801
1508
1498
1335
1616
1628
1663
1724
1336
1570
1617
1499
1725
1509
1436
1649
1802
1517
1726
1437
1744
1518
1727
1631
1665
1745
1312
1827
1819
1467
1746
1839
1803
1747
1632
1828
1668
1856
1840
1761
1768
1669
1831
1762
1676
1820
1542
1770
1598
1398
1804
1781
1821
1735
1763
1599
1677
1822
1857
1736
1805
1823
1858
1737
1764
1886
1375
1806
1678
1824
1399
1859
1809
1600
1697
1686
1782
1728
1479
1350
1832
1439
1841
1739
1807
1860
1400
1571
1337
1740
1808
1543
1741
1861
1903
1544
1862
1825
1765
1572
1742
1865
1546
1826
1904
1575
1651
1748
1547
1576
1618
1905
1652
1867
1766
1549
1577
1907
1767
1550
1908
1653
1749
1376
1551
1619
1578
110
1868
1750
1783
1579
1869
1377
1655
1552
1580
1751
1378
1553
1620
1870
1237
1784
1752
1614
1810
1581
1554
1786
1730
1811
1871
1833
1500
1601
1812
1731
1656
1
1834
1480
1814
1687
1657
1602
1420
1501
1688
1481
1815
1835
1603
1484
1816
1698
1872
1754
1771
589
1699
1755
1523
1717
1873
1842
1582
1718
1524
1843
1817
780
1875
1525
1633
1844
438
1526
1876
1845
1527
727
1877
1846
1379
1528
1847
1864
1878
1529
1634
1787
1848
1837
1380
1880
1530
1850
1055
1531
1882
1719
1756
1788
1381
1773
1635
1485
1700
1887
1689
1604
1555
1114
1486
1757
1691
1693
1720
1774
1888
1883
1775
1532
1884
1721
1776
1790
1722
1885
1758
1636
1605
1777
1889
1791
1759
1637
1891
1606
1096
1851
1638
1701
1792
1487
1440
1702
1488
1795
1852
1534
1489
1443
1607
1892
1490
1535
1444
1703
1491
1445
1639
1853
1536
1704
1854
1796
1893
1707
1855
1797
1894
1708
1798
1709
1895
1609
1799
1710
1896
644
1640
1492
1610
1712
1897
1713
1339
1641
1898
1643
1899
58
1644
480
1900
1645
1901
1646
1902
===== FindNoisyObjects Ended at 05/16/2021 18:20:09
