10694, 91137, 46656, 20018, 67047, 78440, 46693, 77233, 24460, 38298, 66931, 9634, 10879, 102144, 24595, 79718, 123951, 47083, 9968, 69668, 77634, 16504, 38320, 10821, 10890, 14805, 25476, 77234, 10429, 13408, 46573, 17396, 38679, 24171, 38753, 18383, 66905, 10769, 48135, 29289, 93357, 10634, 23365, 4357, 9231, 3391, 25017, 26202, 21511, 35552, 90494, 21785, 124017
Feature count is 53
Criterion1 result is ObjectIndex = 1090, Distance = -2.7367844585401436916018409091, Value = 0.6662042742944560932642694134
Boundary = -2.7222207028108233467915160930
-6.571188
-5.068537
-6.571188
-6.571188
-6.571188
-6.571188
-6.571188
-6.571188
-6.571188
-6.571188
-6.571188
-6.571188
-6.571188
-4.287125
-6.571188
-6.571188
-6.571188
-6.571188
-6.571188
-5.618788
-6.571188
-6.571188
-6.571188
-6.571188
-6.571188
-6.571188
-6.571188
-6.571188
-6.571188
-5.905693
-6.571188
-6.571188
-6.571188
-6.272289
-6.571188
-4.667440
-6.571188
-6.571188
-6.571188
-6.571188
-6.571188
-5.312719
-6.571188
-6.571188
-6.571188
-6.571188
-6.571188
-6.571188
-6.571188
-6.571188
-6.571188
-6.571188
-6.571188
-6.183861
-6.146552
-6.353285
-3.696437
-6.571188
-2.419307
-6.325356
-6.571188
-6.332292
-6.571188
-6.571188
-6.571188
-6.571188
-6.571188
-6.571188
-6.571188
-6.571188
-6.571188
-6.571188
-6.571188
-6.571188
-6.370962
-5.704389
-6.571188
-6.571188
-6.571188
-6.375972
-6.571188
-6.571188
-6.571188
-6.571188
-6.571188
4.598533
-6.362659
-6.571188
-6.571188
-6.571188
-6.571188
-6.571188
-6.571188
-6.571188
-6.571188
-6.571188
-6.571188
-6.571188
-6.571188
-6.571188
-6.571188
-6.571188
-3.677856
-5.875312
-6.571188
-6.571188
-6.571188
-3.419703
-6.571188
-6.571188
-5.452977
-6.571188
-6.571188
-6.571188
-6.127708
-6.369587
-6.571188
-6.571188
-6.183861
-6.571188
-6.571188
-6.571188
-6.358928
-6.571188
-6.571188
-6.571188
-6.571188
-6.571188
-6.571188
-6.571188
-6.571188
-6.371876
-6.571188
-6.571188
-6.571188
-6.571188
-2.280878
-6.571188
-6.571188
-6.113676
-6.571188
-5.331434
-6.571188
-6.571188
-6.571188
-6.138283
-6.571188
-6.571188
-6.333499
-6.571188
-6.571188
-6.571188
-6.571188
-6.571188
-6.571188
-6.571188
-6.571188
-6.571188
-5.763385
-6.571188
-6.571188
-6.333499
-5.764760
-6.571188
-6.571188
-6.571188
-6.571188
-6.264929
-6.571188
-6.571188
-6.333499
-6.571188
-6.571188
-6.571188
-6.571188
-6.571188
-6.571188
-6.571188
-5.666312
-6.571188
-6.571188
-6.571188
-6.571188
-6.571188
-6.571188
-6.571188
-6.371876
-6.571188
-6.571188
-6.571188
-6.571188
-6.571188
-6.571188
-6.571188
-5.329207
-6.571188
-6.571188
-6.571188
-6.182966
-6.571188
-6.571188
-6.571188
-6.571188
-6.571188
-6.571188
-6.571188
-6.571188
-6.571188
-6.571188
-6.571188
-6.571188
-6.571188
-6.571188
-6.358928
-6.571188
-6.571188
-6.571188
-6.571188
-6.571188
-6.571188
-6.571188
-6.571188
-5.104190
-6.315277
-6.176531
-6.325356
-6.571188
-6.571188
-6.571188
-4.523382
-6.571188
-6.571188
-6.571188
-5.877761
-6.571188
-6.571188
-6.571188
-6.571188
-6.157352
-5.979532
-6.571188
-6.333499
-6.571188
-6.571188
-6.571188
-6.571188
-6.571188
-6.571188
-6.571188
-6.571188
-6.571188
-3.239757
-6.571188
-6.571188
-6.571188
-6.571188
-6.571188
-4.828148
-6.571188
-6.571188
-6.571188
-6.571188
-6.571188
-6.571188
-6.571188
-6.571188
-6.571188
-6.571188
-6.571188
-6.571188
-2.486100
-6.571188
-6.571188
-6.571188
-6.571188
-6.571188
-5.158427
-6.571188
-6.571188
-6.571188
-6.571188
-6.571188
-6.571188
-6.571188
-6.571188
-6.571188
-6.571188
-6.571188
-6.365441
-6.571188
-6.571188
-6.571188
-6.571188
-6.571188
0.758517
-6.571188
-6.571188
-6.571188
-6.571188
-6.571188
-6.571188
-6.571188
-6.571188
-6.571188
-6.571188
-6.571188
-6.571188
-6.571188
-6.571188
-6.571188
-6.332292
-6.571188
-6.571188
-6.571188
-6.571188
-6.571188
-2.143901
-2.361647
-6.118503
-6.571188
-6.571188
-6.571188
-6.339657
-6.571188
-6.571188
-6.571188
-6.571188
-6.571188
-6.571188
-6.571188
-6.571188
-6.571188
-6.571188
-6.571188
-6.571188
-6.357992
-6.571188
-6.571188
-6.571188
-6.571188
-4.069068
-6.571188
-6.571188
-6.571188
-6.571188
-6.571188
-6.571188
-6.571188
-6.571188
-6.571188
-6.571188
-6.571188
-6.571188
-6.571188
-6.571188
-6.571188
-6.571188
-6.571188
-6.383619
-6.571188
-6.571188
-6.571188
-6.571188
-6.571188
-6.571188
-6.272289
-5.993867
-6.571188
-6.571188
-6.571188
-6.571188
-6.571188
-6.571188
-6.571188
-6.571188
-6.571188
-6.571188
-6.315277
0.235723
-6.571188
-6.571188
-6.571188
-5.977304
-6.571188
-6.571188
-6.571188
-6.571188
-6.571188
-6.571188
-6.136839
-6.571188
-6.571188
-6.571188
-6.571188
-6.571188
-6.571188
-6.571188
-6.571188
-6.571188
-6.571188
-6.571188
-6.571188
-6.571188
-6.183393
-6.571188
-6.571188
-6.571188
-6.571188
-6.571188
-6.571188
-6.231556
-6.571188
-6.571188
-6.571188
-6.354229
-6.571188
-5.546838
-6.097773
-6.571188
-6.571188
-6.069770
-6.571188
-6.571188
-6.571188
-6.571188
-6.571188
-6.571188
-6.571188
-6.571188
-6.571188
-6.571188
-6.571188
-6.333499
-6.571188
-6.571188
-6.571188
-6.571188
-6.571188
1.482975
-3.728972
-6.571188
-6.571188
-6.571188
-6.571188
-6.571188
-5.897754
-6.571188
2.573159
-6.571188
-6.571188
-6.571188
-6.571188
-6.571188
-6.571188
-6.571188
-6.571188
-6.149931
-6.571188
-6.571188
-6.571188
-6.571188
-6.571188
-6.139431
-6.571188
-3.594335
-6.571188
-6.571188
-6.571188
-6.571188
-6.571188
-6.383619
-6.571188
-6.571188
-6.571188
-6.295118
-6.571188
-6.571188
-6.571188
-6.371876
-5.498059
-5.312719
-6.571188
-6.571188
-6.571188
-6.571188
-6.571188
-6.353285
-6.571188
-6.571188
-6.571188
-6.571188
-6.571188
-6.571188
-6.571188
-6.571188
-5.644829
-5.157293
-6.143767
-6.571188
-6.571188
-6.571188
-6.571188
-6.571188
-6.571188
-6.571188
-6.571188
-6.571188
-6.571188
-6.571188
-5.133231
-5.950521
-6.571188
-6.571188
-6.571188
-6.571188
-4.701029
-6.571188
-6.571188
-6.571188
-6.571188
-6.571188
-6.571188
-6.368668
-6.571188
-6.571188
-6.571188
-6.571188
-6.571188
-6.571188
-6.571188
-6.571188
-6.383619
-6.571188
-6.571188
-6.571188
-6.571188
-6.571188
-6.571188
-6.571188
-6.571188
-6.571188
-6.571188
-6.571188
-6.272289
-6.571188
-6.571188
-5.947880
-6.571188
-6.133108
-6.571188
-6.571188
-5.917562
-5.850000
-6.383619
-6.571188
-6.571188
-6.571188
-6.571188
-6.571188
-4.835508
-6.571188
-6.571188
-6.571188
-6.383619
-6.571188
-6.571188
-4.745959
4.009985
-6.571188
-6.571188
-6.571188
-6.571188
-6.571188
-6.571188
-6.571188
-2.587399
-6.571188
-6.571188
-6.571188
-6.571188
-0.569224
-6.571188
-6.571188
-6.571188
-6.571188
-5.321314
-6.571188
-6.571188
-6.571188
-1.850160
-6.571188
-6.571188
-6.571188
-5.888856
-6.571188
-6.571188
-6.182966
-6.571188
-6.338088
-6.571188
-6.571188
-6.571188
-6.571188
-6.571188
-6.120061
-6.231556
-6.571188
-6.571188
-5.758140
-6.571188
-6.571188
-6.571188
-6.571188
-6.571188
-6.571188
0.445828
-6.571188
-6.571188
-6.571188
-6.571188
-6.571188
-6.571188
-6.571188
-6.382278
-6.571188
-6.571188
-5.618320
-6.133108
-6.571188
-6.571188
-6.571188
-6.571188
-6.571188
-6.571188
-6.571188
-6.571188
-6.333499
-6.571188
-5.737956
-6.571188
-6.571188
-6.571188
-6.571188
-6.571188
-1.361499
-6.571188
-6.571188
-6.571188
-6.571188
-6.571188
-6.571188
-5.211368
-6.571188
-6.571188
-6.571188
-6.571188
-6.571188
-6.571188
-6.571188
-6.571188
-6.571188
-6.571188
-6.571188
-6.571188
-6.571188
-6.571188
-6.571188
-6.571188
-6.571188
-6.571188
-6.571188
-6.571188
-6.571188
-6.571188
-6.571188
-6.571188
0.600914
-6.571188
-6.183393
-6.083379
-6.571188
-6.571188
-6.571188
-6.571188
-6.571188
-6.571188
-6.571188
-6.571188
-6.571188
-6.571188
-6.571188
-6.571188
-6.333499
-6.571188
-6.127708
-6.571188
-6.571188
-6.571188
-6.571188
-6.571188
-6.571188
-6.571188
-6.571188
-6.571188
-6.571188
-6.571188
-4.048261
-6.571188
-6.571188
-6.571188
-6.571188
-6.571188
-6.571188
-6.571188
-6.571188
-6.571188
-6.571188
-6.571188
-6.571188
-6.571188
-6.571188
-6.571188
-6.571188
-6.571188
-6.571188
-6.571188
-6.571188
-4.698484
-6.571188
-6.194262
-6.571188
-6.571188
-6.571188
-6.571188
-6.571188
-6.571188
-6.571188
-6.571188
-6.571188
-6.571188
-6.571188
-6.571188
-6.571188
-3.792301
-6.571188
-6.571188
-6.571188
-6.571188
-6.571188
-6.571188
-6.571188
-6.571188
-5.932536
-6.571188
-6.571188
-6.571188
-5.355170
-6.571188
-6.571188
-6.571188
-2.964389
-6.571188
-6.571188
-6.571188
-6.571188
-6.571188
-6.571188
-6.571188
-6.264929
-6.571188
-6.571188
-6.571188
-6.571188
-5.574936
-6.571188
-5.945560
-6.333499
-6.571188
-6.571188
-6.571188
-4.643639
-6.571188
-6.571188
-6.571188
-6.571188
-6.571188
-6.382278
-6.571188
-6.571188
0.920228
-6.571188
-6.174644
-6.571188
-6.571188
-6.571188
-6.368668
-6.571188
-5.636115
-6.571188
-6.571188
-6.571188
-6.571188
-6.231556
-6.571188
-5.708119
-6.571188
-6.571188
-6.571188
-6.571188
-6.571188
-6.333499
-1.092210
-6.571188
-6.571188
-6.571188
-6.571188
-6.571188
-6.571188
-6.333499
-6.571188
-6.571188
-5.832081
-6.571188
-6.571188
-6.571188
-6.571188
-6.571188
-6.571188
-6.571188
-6.332292
-6.571188
-6.571188
-6.571188
-6.571188
-6.571188
-6.571188
-6.571188
-6.571188
-6.571188
-4.579038
-6.571188
-4.374300
-6.359396
-6.571188
-6.152181
-6.571188
-4.421621
-6.571188
-6.383619
-6.571188
-6.571188
-6.571188
-6.571188
-6.571188
-6.571188
-6.571188
-6.571188
-5.629541
-6.571188
-6.571188
-6.571188
-6.133576
-6.571188
-6.571188
-4.635589
-6.571188
-6.571188
-6.571188
-6.571188
-6.571188
-6.571188
-6.571188
-6.571188
-6.571188
-6.571188
-6.571188
-0.110441
-6.571188
-6.571188
-6.571188
-3.776567
-6.571188
-6.571188
-6.571188
-6.571188
-6.571188
-6.383619
-6.571188
-6.571188
-6.362659
-6.383619
-6.571188
-6.571188
-6.571188
-6.571188
-6.571188
-2.706792
-6.571188
-6.571188
-6.571188
-6.571188
-6.264929
-6.195603
-6.571188
-6.571188
-6.571188
-6.571188
-6.571188
-6.571188
-6.571188
-6.571188
-6.571188
-6.133576
-6.571188
-6.571188
-6.571188
-6.571188
-6.571188
-6.571188
-6.571188
-6.571188
-6.571188
-6.315277
-6.571188
-6.571188
-6.571188
-6.571188
-6.571188
-6.571188
-6.571188
-6.571188
-6.571188
-6.571188
-6.571188
-6.571188
-6.571188
-6.571188
-6.571188
-6.571188
-6.571188
-2.039300
-6.571188
-6.571188
-6.120061
-6.571188
-6.571188
-6.571188
-6.571188
-6.571188
-6.571188
-6.571188
-6.571188
-4.653494
-6.571188
-6.571188
-6.571188
-6.571188
-4.145553
-2.033330
-6.571188
-6.571188
-5.323637
-6.571188
-6.180653
-6.571188
-6.571188
-6.571188
-6.571188
-6.332292
-6.571188
-6.571188
-6.333499
-6.383619
-6.359396
-6.382278
-6.571188
-6.571188
-6.571188
-6.571188
-6.571188
-6.571188
-6.571188
-6.571188
-6.295722
-6.571188
-6.571188
-6.571188
-6.383619
-6.571188
-6.571188
-6.571188
-6.571188
-6.571188
-6.335462
-6.571188
-6.571188
-6.571188
-6.571188
-6.571188
-5.464135
-6.571188
-6.272289
-6.571188
-6.571188
-6.571188
-6.571188
-6.571188
-6.139431
-6.571188
-6.571188
-6.571188
-6.571188
-6.571188
-6.571188
-6.571188
-6.571188
-6.571188
-1.066280
-6.571188
-6.174371
-6.571188
-4.731645
-6.571188
-6.571188
0.405802
-6.571188
-6.571188
-6.571188
-6.339657
-6.571188
-6.183895
-6.571188
-5.940862
-6.571188
-6.059093
-6.571188
-6.571188
-6.571188
-6.571188
-5.412056
-6.571188
-6.571188
-6.375972
-6.571188
-6.571188
-5.656571
-6.571188
-6.571188
-6.571188
-4.832459
-6.571188
-6.571188
-6.571188
-6.571188
-6.361263
0.124092
-6.571188
-6.571188
-6.571188
-6.571188
-6.333499
-6.571188
-6.571188
-6.571188
-6.571188
-6.571188
-6.571188
-6.571188
-6.571188
-5.467661
-6.571188
-6.571188
-6.571188
-6.571188
-6.571188
-6.571188
-6.571188
-6.571188
-6.571188
-6.571188
-6.571188
-6.571188
-6.571188
-6.571188
-6.571188
-6.571188
-6.571188
-6.571188
-6.571188
-6.382278
-2.736784
-6.571188
-6.571188
-6.571188
-6.571188
-6.571188
-2.918861
-6.571188
-6.571188
-6.571188
-5.107238
-6.571188
-6.571188
-6.571188
0.877715
-6.571188
-6.571188
-6.194262
-6.571188
-6.571188
-6.571188
-6.571188
-6.571188
-5.323111
-2.270283
-6.571188
-6.571188
-6.571188
-6.571188
-6.571188
-6.571188
-5.838692
-6.571188
-6.571188
-6.571188
-6.384121
-6.571188
-6.571188
-6.571188
-6.571188
-6.571188
-6.571188
-6.571188
-6.571188
-6.571188
-6.571188
-6.571188
-6.571188
-6.571188
-6.382278
-6.571188
-6.571188
-6.163347
-6.571188
-6.571188
-6.571188
-6.571188
-6.571188
-6.571188
-6.571188
-6.571188
-6.571188
-6.571188
-6.383173
-6.571188
-6.139431
-6.571188
-6.571188
-6.571188
-6.571188
-6.571188
-6.571188
-6.333499
-6.571188
-6.571188
-6.571188
0.716426
-5.745298
-6.571188
-6.571188
-6.571188
-6.571188
-6.571188
3.391936
-6.571188
-6.571188
-6.571188
-6.571188
-6.571188
-6.571188
-6.571188
-6.571188
-6.571188
-6.371876
-6.571188
-6.571188
-6.571188
-6.571188
-6.571188
-6.571188
-6.571188
-6.571188
-5.688734
-6.571188
-6.571188
-6.571188
-5.847653
-6.571188
-6.571188
-6.571188
-6.571188
-4.333796
-6.571188
2.395827
-6.571188
-6.571188
-6.571188
-6.370962
-6.571188
-6.571188
-3.623636
-6.571188
-6.571188
-6.571188
-6.383619
-6.571188
-6.571188
-6.571188
-6.571188
-6.571188
-6.571188
-6.571188
-6.118503
-5.939253
-6.571188
-6.571188
-6.571188
-6.571188
-6.571188
-6.120061
-5.382417
-6.571188
-6.571188
-6.571188
-6.571188
-6.333499
-6.571188
1.746082
-6.571188
-6.571188
-6.571188
-6.571188
-6.571188
-6.571188
-6.571188
-6.571188
-6.571188
-4.951896
-6.571188
-6.571188
-6.571188
-6.571188
-6.571188
-6.571188
-6.571188
-6.571188
-6.571188
-6.571188
-0.630336
-6.571188
-6.571188
-6.571188
-6.571188
-6.571188
-6.358460
-5.602649
-6.571188
-6.571188
-6.571188
-5.660411
-6.571188
-6.571188
-6.571188
-4.652754
-6.571188
-6.571188
-6.571188
-6.571188
-6.571188
-6.571188
-6.571188
-6.571188
-6.571188
-6.571188
-6.108051
-6.331231
-6.571188
-6.571188
-6.571188
-6.571188
-6.571188
-6.571188
-6.571188
-6.571188
-6.571188
-6.571188
-6.383173
-6.571188
-6.571188
-6.382278
-6.571188
-6.571188
-3.689778
-6.571188
-6.571188
-6.571188
-5.894241
-6.571188
-6.571188
-6.571188
-6.571188
3.565380
-6.571188
-6.571188
-6.571188
-6.571188
-6.384121
-5.549583
0.313600
-6.571188
-6.571188
-6.571188
-6.571188
-6.571188
-6.571188
-6.571188
-6.571188
-5.649272
-6.571188
-6.571188
-5.966975
-6.571188
-6.571188
-6.571188
-6.571188
-6.571188
-6.571188
-6.571188
-6.571188
-1.385125
-6.571188
-6.571188
-6.571188
-6.571188
-6.571188
-6.571188
-6.571188
-6.571188
-6.571188
-6.571188
-6.571188
-6.571188
-6.571188
-6.571188
-6.571188
-6.571188
-6.571188
-6.195603
-1.548059
-6.272289
-6.571188
-6.145483
-6.571188
-6.571188
-6.571188
-6.571188
-6.571188
-6.571188
-6.571188
-2.805922
-6.571188
-6.571188
-5.023834
-6.362659
-6.571188
-6.571188
-6.571188
-6.571188
-6.571188
-6.571188
-6.571188
-6.571188
-6.369587
-6.382278
-6.571188
-6.571188
-6.571188
-6.375972
-6.571188
-6.571188
-0.478546
-6.571188
-6.571188
-6.345368
-6.571188
-6.571188
-6.571188
-6.571188
-6.571188
-6.571188
-6.571188
-6.094603
-6.571188
-6.571188
-6.571188
-6.571188
-6.571188
-6.571188
2.601008
-6.571188
-6.571188
-6.571188
-6.571188
-6.571188
-5.232470
-6.571188
-6.333499
-6.571188
-6.571188
-6.571188
-5.668895
-6.571188
-5.927630
-6.571188
-6.333499
-6.065617
-6.571188
-6.571188
-6.571188
-6.571188
-6.571188
-5.329207
-6.571188
-6.571188
-6.571188
-6.571188
-6.571188
-6.571188
2.396249
-6.571188
-6.571188
-6.371876
-6.353285
-6.383619
-6.571188
-6.571188
-6.571188
-5.931151
-6.571188
-6.571188
-6.571188
-6.571188
-6.571188
-6.571188
-6.571188
-6.571188
-6.571188
-6.332292
-6.571188
-6.571188
-6.149178
-6.332292
-6.571188
-6.571188
-6.357992
-5.610322
-6.571188
-6.571188
-6.571188
-6.571188
-6.571188
-6.571188
-6.355643
-6.571188
-6.571188
-6.571188
-5.895810
-5.877632
-6.571188
-6.571188
-6.571188
-6.383619
-6.571188
-6.571188
-6.571188
-6.571188
-6.571188
-6.339657
-6.571188
-6.571188
-6.571188
-6.571188
-6.571188
-6.571188
-6.571188
-6.571188
2.081205
-6.571188
-6.571188
-6.571188
-6.571188
-6.571188
-6.571188
-6.571188
-6.571188
-6.333499
-6.571188
-6.571188
-6.571188
-6.571188
-6.571188
-6.571188
-6.571188
-6.571188
-6.571188
-6.571188
-6.096566
-6.571188
-6.571188
-6.571188
-6.571188
-6.571188
-1.466969
-6.333499
-6.571188
-6.571188
-6.571188
-6.371876
-6.571188
-6.571188
-6.571188
-6.571188
-6.571188
4.565732
-6.571188
-6.139431
-6.571188
-5.619870
-6.571188
-6.571188
-6.571188
-6.571188
-6.571188
-6.571188
-6.571188
-6.571188
-6.571188
-6.571188
-5.592953
-6.571188
-6.571188
-6.571188
-6.571188
-6.571188
-6.571188
-6.571188
-6.571188
-6.571188
-5.951415
-6.571188
-6.571188
-6.571188
-6.571188
-6.571188
-6.571188
-6.571188
-6.571188
-6.571188
-6.571188
-6.571188
-6.571188
-6.571188
-6.571188
-2.475623
0.254854
-6.571188
-6.571188
-6.571188
-6.571188
-6.571188
-6.571188
-6.571188
-6.571188
-6.571188
-6.571188
-6.571188
-2.901681
-6.571188
-6.571188
0.503582
-2.497506
-6.571188
-6.571188
-6.571188
-6.571188
-6.333499
-6.571188
-6.571188
-6.571188
-6.571188
-6.571188
-6.571188
-6.571188
-6.571188
-6.571188
-6.571188
-6.571188
-6.571188
-6.139431
-6.571188
-6.571188
-4.125898
-6.571188
-6.571188
-5.727859
-6.571188
-6.571188
-6.571188
-6.571188
-6.571188
-6.571188
-6.571188
-6.571188
-6.571188
-6.571188
-6.571188
-6.571188
-6.571188
-6.571188
-6.571188
-6.170275
-6.571188
-6.571188
-6.571188
-6.571188
-6.571188
-6.571188
-6.571188
-6.571188
-6.120061
-6.571188
-6.571188
2.526872
-6.571188
-6.338088
-6.571188
-6.571188
-6.107707
-6.571188
-6.571188
-5.894241
-6.571188
-6.571188
-6.365441
-5.699412
-6.571188
-6.571188
-6.571188
-6.571188
-5.940805
-6.571188
-6.571188
-6.571188
-6.571188
-6.362659
-6.571188
-6.333499
-1.152746
-6.571188
-6.571188
-6.571188
-6.571188
-4.721232
-6.571188
-6.571188
-6.571188
-6.571188
-6.571188
-6.571188
-6.571188
-6.571188
-6.571188
-6.571188
-6.571188
-6.571188
-6.165269
-6.571188
-6.571188
-6.571188
-6.571188
-6.109530
-6.571188
-5.882811
-6.571188
-6.571188
-6.181571
-6.571188
-6.571188
-6.571188
-6.571188
-6.571188
-6.571188
-6.571188
-6.571188
-6.571188
-6.371876
-6.181571
-6.571188
-6.571188
-6.571188
-6.571188
1.250603
-6.231556
-6.571188
-5.379726
-6.571188
-6.571188
-6.333499
-6.571188
-6.571188
-6.571188
-6.571188
-6.571188
-6.571188
-6.571188
-6.571188
-6.571188
-6.571188
-6.383173
-6.333499
-6.571188
-6.571188
-6.056401
-6.333499
-6.571188
-6.571188
-6.571188
-6.571188
-5.500734
-6.571188
-6.571188
-6.571188
-6.571188
-6.571188
-6.571188
-6.571188
-6.571188
-6.571188
-6.571188
-6.571188
-6.571188
-6.571188
-6.571188
-5.848770
-6.571188
-6.571188
-6.571188
-6.571188
-6.571188
-6.370962
-6.571188
-6.571188
-6.333499
-6.571188
-6.571188
-6.571188
-6.571188
-6.571188
-6.571188
-5.542875
-6.571188
-6.571188
-2.707657
-6.571188
-6.571188
-6.571188
-6.571188
-6.571188
-6.571188
-4.649696
-5.945277
-6.382278
-6.571188
-6.571188
-6.571188
-4.846420
-6.571188
-6.571188
-6.571188
-5.591518
-6.571188
-6.571188
-6.571188
-2.639129
2.781221
-6.571188
-6.571188
-6.571188
-6.571188
-6.571188
-2.285823
-6.571188
-6.571188
-6.571188
-6.571188
-6.571188
-6.571188
-6.571188
-6.571188
-6.571188
-6.571188
-6.571188
-6.571188
-6.335462
-6.571188
-6.571188
-6.571188
-6.571188
-6.108153
-6.571188
-6.571188
-6.571188
-6.571188
-6.571188
-6.571188
-6.571188
-6.571188
-6.571188
-6.571188
-5.905693
-6.109642
-6.571188
-6.571188
-6.571188
-6.571188
-6.571188
-3.840403
-6.571188
-6.069770
-6.571188
-6.571188
-6.571188
-6.571188
-6.571188
-6.571188
-6.571188
-6.571188
-6.571188
-6.571188
-4.745700
-6.571188
-6.571188
-6.571188
-6.571188
-6.571188
-6.571188
-6.571188
-6.571188
-6.571188
-6.571188
-6.571188
-6.571188
-6.571188
-6.571188
-0.208244
-6.571188
-6.056401
-6.571188
-6.571188
-6.571188
-6.571188
-6.571188
-6.571188
-6.571188
-6.195603
-6.571188
-6.571188
-6.571188
-6.571188
-6.571188
-6.571188
-5.739466
-6.571188
-6.571188
-6.571188
-6.571188
-6.571188
-6.571188
-6.333499
-6.571188
-5.851941
-6.571188
-6.571188
-6.571188
-6.571188
-6.571188
-6.571188
-6.571188
-6.571188
-6.571188
-6.571188
-6.127708
-6.571188
-6.571188
-6.333499
-6.571188
-5.884067
-6.571188
-6.571188
