16886, 6516, 66364, 47243, 8430, 72259, 79823, 62071, 23982, 37211, 16408, 20360, 65893, 25495, 34726, 11772, 31987, 32554, 62256, 72008, 79583, 46976, 91119, 5483, 91152, 39441, 67858, 135193, 9708, 58319, 25407, 124031, 26146, 24599, 97591, 96344, 9855, 15007, 31969, 92878, 47060, 79859, 26073, 80278, 16403, 65971, 96439, 32536, 80853, 69500, 135881, 38278, 24797, 31641, 29621, 31819, 16797, 9780, 37423, 32369, 18171, 66823, 31989, 93541, 39498, 58883, 38843, 16670, 3300, 23985, 16192, 26234, 100040, 9390, 135985, 17003, 88024, 31643, 31683, 35270, 35569, 96390
Feature count is 82
Criterion1 result is ObjectIndex = 1667, Distance = -4.5116362197321459092400006999, Value = 0.6954746053916867905215604344
Boundary = -4.441493935623605617036714660
-9.969180
-8.505684
-9.969180
-9.969180
-9.969180
-9.969180
-9.969180
-9.699281
-9.969180
-9.969180
-9.969180
-9.969180
-9.969180
-8.197984
-9.969180
-9.969180
-9.969180
-9.969180
-9.969180
-8.774313
-9.969180
-9.969180
-9.969180
-9.969180
-9.969180
-9.969180
-9.969180
-9.969180
-9.969180
-9.634015
-9.969180
-9.969180
-9.969180
-9.732399
-9.969180
-7.519262
-9.969180
-9.969180
-9.969180
-9.969180
-9.969180
-8.529103
-9.969180
-9.969180
-9.969180
-9.969180
-9.969180
-9.969180
-9.969180
-9.969180
-9.969180
-9.969180
-9.969180
-9.699281
-8.720251
-9.969180
-6.580935
-9.969180
-4.871514
-9.969180
-9.969180
-9.969180
-9.969180
-9.969180
-9.969180
-9.969180
-9.969180
-9.969180
-9.969180
-9.969180
-9.969180
-9.969180
-9.969180
-9.969180
-9.246977
-9.751749
-9.969180
-9.969180
-9.969180
-9.473727
-9.969180
-9.969180
-9.969180
-9.721900
-9.969180
7.705067
-9.450193
-9.969180
-9.969180
-9.969180
-9.784725
-9.969180
-9.969180
-9.969180
-9.969180
-9.969180
-9.969180
-9.969180
-9.969180
-9.699281
-9.969180
-9.969180
-7.324227
-9.969180
-9.969180
-9.969180
-9.761580
-6.826667
-9.969180
-9.969180
-9.661983
-9.969180
-9.969180
-9.969180
-9.262196
-9.969180
-9.969180
-9.969180
-9.969180
-9.969180
-9.969180
-9.969180
-9.752221
-9.969180
-9.969180
-9.969180
-9.761580
-9.969180
-9.969180
-9.969180
-9.969180
-9.969180
-9.969180
-9.969180
-9.417161
-9.969180
-5.366491
-9.969180
-9.969180
-9.784725
-9.969180
-7.591789
-9.969180
-9.969180
-9.969180
-8.829322
-9.969180
-9.969180
-9.229938
-9.969180
-9.969180
-9.969180
-9.969180
-9.969180
-9.969180
-9.969180
-9.969180
-9.969180
-9.520445
-9.969180
-9.969180
-9.571485
-8.506163
-9.969180
-9.969180
-9.969180
-9.969180
-9.062425
-9.969180
-9.969180
-9.758322
-9.969180
-9.969180
-9.969180
-9.969180
-9.969180
-9.969180
-9.969180
-8.701827
-9.969180
-9.969180
-9.969180
-9.969180
-9.969180
-9.969180
-9.969180
-9.761580
-9.969180
-9.969180
-9.969180
-9.969180
-9.969180
-9.969180
-9.969180
-9.202914
-9.969180
-9.969180
-9.969180
-9.699281
-9.969180
-9.969180
-9.969180
-9.969180
-9.969180
-9.969180
-9.969180
-9.969180
-9.969180
-9.969180
-9.969180
-9.969180
-9.969180
-9.969180
-9.765740
-9.969180
-9.969180
-9.969180
-9.969180
-9.969180
-9.969180
-9.969180
-9.969180
-8.719901
-9.969180
-9.509475
-9.755045
-9.969180
-9.969180
-9.969180
-8.164475
-9.969180
-9.969180
-9.969180
-8.859095
-9.969180
-9.969180
-9.969180
-9.969180
-8.733479
-8.465374
-9.969180
-9.634015
-9.969180
-9.784725
-9.969180
-9.969180
-9.969180
-9.969180
-9.969180
-9.969180
-9.969180
-6.705840
-9.969180
-9.969180
-9.969180
-9.969180
-9.969180
-5.645416
-9.969180
-9.969180
-9.969180
-9.969180
-9.969180
-9.969180
-9.969180
-9.969180
-9.969180
-9.969180
-9.969180
-9.969180
-9.969180
-9.969180
-9.969180
-9.969180
-9.969180
-9.969180
-8.629123
-9.969180
-9.969180
-9.969180
-9.969180
-9.969180
-9.969180
-9.969180
-9.969180
-9.969180
-9.969180
-9.760186
-9.721900
-9.969180
-9.969180
-9.969180
-9.969180
-9.969180
1.958707
-9.969180
-9.969180
-9.969180
-9.969180
-9.969180
-9.969180
-9.566085
-9.969180
-9.969180
-9.969180
-9.969180
-9.969180
-9.969180
-9.969180
-9.969180
-9.401709
-9.969180
-9.969180
-9.969180
-9.969180
-9.969180
-3.618350
-7.163875
-8.914260
-9.969180
-9.969180
-9.969180
-9.969180
-9.969180
-9.969180
-9.969180
-9.969180
-9.969180
-9.969180
-9.969180
-9.969180
-9.969180
-9.969180
-9.969180
-9.969180
-8.332052
-9.969180
-9.969180
-9.969180
-9.969180
-6.398563
-9.969180
-9.969180
-9.969180
-9.969180
-9.969180
-9.969180
-9.969180
-9.969180
-9.969180
-9.969180
-9.969180
-9.969180
-9.969180
-9.969180
-9.969180
-9.661983
-9.969180
-9.969180
-9.969180
-9.969180
-9.969180
-9.969180
-9.969180
-9.969180
-9.401709
-9.450229
-9.969180
-9.969180
-9.969180
-9.969180
-9.969180
-9.969180
-9.969180
-9.969180
-9.969180
-9.969180
-9.969180
-1.812422
-9.969180
-9.969180
-9.969180
-8.035275
-9.969180
-9.969180
-9.969180
-9.969180
-9.969180
-9.969180
-9.133469
-9.969180
-9.969180
-9.969180
-9.969180
-9.969180
-9.969180
-9.969180
-9.969180
-9.969180
-9.164436
-9.969180
-9.969180
-9.969180
-9.302564
-9.969180
-9.969180
-9.969180
-9.969180
-9.969180
-1.809500
-9.255689
-9.969180
-9.969180
-9.969180
-9.596842
-9.969180
-8.025828
-9.512614
-9.969180
-9.969180
-9.760186
-9.969180
-9.969180
-9.969180
-9.969180
-9.969180
-9.969180
-9.969180
-9.969180
-9.969180
-9.969180
-9.969180
-9.969180
-9.969180
-9.969180
-9.969180
-9.969180
-9.969180
-0.274563
-8.335776
-9.969180
-9.969180
-9.969180
-9.969180
-9.969180
-7.285403
-9.969180
4.165644
-9.969180
-9.969180
-9.969180
-9.969180
-9.969180
-9.969180
-9.969180
-9.969180
-9.235588
-9.969180
-9.969180
-4.322229
-9.969180
-9.969180
-9.566085
-9.969180
-5.884026
-9.969180
-9.969180
-9.969180
-9.969180
-9.969180
-9.969180
-9.969180
-9.969180
-9.969180
-9.694318
-9.969180
-9.969180
-9.969180
-9.969180
-8.287354
-7.382273
-9.969180
-9.969180
-9.969180
-9.969180
-9.969180
-9.661571
-9.969180
-9.969180
-9.969180
-9.969180
-9.969180
-9.969180
-9.969180
-9.969180
-9.233903
-7.565195
-7.369853
-9.969180
-9.969180
-9.969180
-9.969180
-9.969180
-9.969180
-9.969180
-9.969180
-9.969180
-9.969180
-9.969180
-7.186593
-8.983504
-9.969180
-9.969180
-9.969180
-9.969180
-6.899261
-9.969180
-9.969180
-9.693714
-9.969180
-9.969180
-9.969180
-9.781296
-9.969180
-9.969180
-9.969180
-9.969180
-9.969180
-9.969180
-9.969180
-9.969180
-9.969180
-9.969180
-9.969180
-9.969180
-9.969180
-9.969180
-9.969180
-9.969180
-9.969180
-9.969180
-9.781296
-9.969180
-9.699281
-9.969180
-9.969180
-8.787833
-9.969180
-9.756452
-9.969180
-9.969180
-8.506181
-8.263918
-9.969180
-9.784725
-9.969180
-9.969180
-9.969180
-9.969180
-7.083715
-9.969180
-9.969180
-9.131990
-9.969180
-9.969180
-9.969180
-7.275324
5.559124
-9.969180
-9.969180
-9.969180
-9.969180
-9.969180
-9.969180
-9.969180
-9.969180
-9.969180
-9.969180
-9.969180
-9.969180
-1.929419
-9.969180
-9.699281
-9.969180
-9.969180
-8.385354
-9.969180
-9.969180
-9.969180
-3.045150
-9.969180
-9.969180
-9.969180
-9.444209
-9.532094
-9.969180
-7.172528
-9.969180
-9.721900
-9.969180
-9.969180
-9.969180
-9.969180
-9.969180
-9.784725
-9.752693
-9.969180
-9.969180
-8.998854
-9.969180
-9.969180
-9.969180
-9.969180
-9.969180
-9.969180
-1.685425
-9.969180
-9.969180
-9.969180
-9.969180
-9.969180
-9.969180
-9.969180
-9.207630
-9.969180
-9.969180
-9.548852
-9.412886
-9.969180
-9.969180
-9.969180
-9.969180
-9.969180
-9.969180
-9.969180
-9.969180
-9.723885
-9.969180
-9.395698
-9.969180
-9.969180
-9.969180
-9.969180
-9.969180
-4.592997
-9.784725
-9.969180
-9.969180
-9.969180
-9.969180
-9.969180
-7.728041
-9.705658
-9.969180
-9.969180
-9.969180
-9.969180
-9.969180
-9.969180
-9.969180
-9.969180
-9.969180
-9.969180
-9.969180
-9.969180
-9.969180
-9.969180
-9.969180
-9.969180
-9.969180
-9.969180
-9.969180
-9.969180
-9.969180
-9.969180
-9.969180
-2.119448
-9.969180
-9.302564
-9.202278
-9.969180
-9.969180
-9.969180
-9.969180
-9.969180
-9.969180
-9.969180
-9.661983
-9.969180
-9.969180
-9.969180
-9.969180
-9.969180
-9.969180
-9.509172
-9.969180
-9.969180
-9.969180
-9.969180
-9.969180
-9.509172
-9.969180
-9.969180
-9.969180
-9.969180
-9.969180
-6.958259
-9.969180
-9.969180
-9.969180
-9.969180
-9.969180
-9.969180
-9.969180
-9.969180
-9.969180
-9.969180
-9.969180
-9.969180
-9.969180
-9.969180
-9.661983
-9.969180
-9.969180
-9.661983
-9.969180
-9.969180
-7.067566
-9.969180
-9.969180
-9.969180
-9.969180
-9.969180
-9.969180
-9.969180
-9.969180
-9.969180
-9.969180
-9.969180
-9.969180
-9.969180
-9.969180
-9.969180
-4.953673
-9.969180
-9.969180
-9.969180
-9.969180
-9.969180
-9.969180
-9.969180
-9.969180
-9.466313
-9.969180
-9.969180
-9.969180
-9.227488
-9.969180
-9.969180
-9.969180
-5.758219
-9.969180
-9.969180
-9.969180
-9.969180
-9.969180
-9.969180
-9.969180
-9.721734
-9.969180
-9.969180
-9.969180
-9.666280
-6.337850
-9.969180
-9.130203
-9.969180
-9.969180
-9.784725
-9.969180
-8.283088
-9.969180
-9.969180
-9.969180
-9.969180
-9.969180
-9.969180
-9.969180
-9.969180
-2.294449
-9.969180
-9.197726
-9.969180
-9.661983
-9.969180
-9.736603
-9.969180
-7.666881
-9.969180
-9.969180
-9.969180
-9.969180
-9.505413
-9.969180
-8.602266
-9.969180
-9.969180
-9.969180
-9.969180
-9.969180
-9.466313
-3.460244
-9.969180
-9.969180
-9.969180
-9.969180
-9.969180
-9.969180
-9.969180
-9.969180
-9.969180
-8.458059
-9.969180
-9.969180
-9.969180
-9.969180
-9.969180
-9.969180
-9.969180
-9.969180
-9.969180
-9.969180
-9.969180
-9.969180
-9.969180
-9.969180
-9.969180
-9.969180
-9.969180
-8.707990
-9.969180
-3.579942
-9.194937
-9.969180
-9.131990
-9.969180
-3.639136
-9.969180
-9.566085
-9.969180
-9.969180
-9.969180
-9.969180
-9.969180
-9.969180
-9.969180
-9.969180
-8.785247
-9.969180
-9.969180
-9.969180
-8.428135
-9.969180
-9.969180
-8.135797
-9.969180
-9.969180
-9.969180
-9.969180
-9.969180
-9.969180
-9.969180
-9.969180
-9.969180
-9.969180
-9.969180
-0.386424
-9.575328
-9.969180
-9.969180
-7.410008
-9.969180
-9.969180
-9.969180
-9.969180
-9.969180
-8.824793
-9.969180
-9.969180
-9.969180
-9.969180
-9.969180
-9.969180
-9.969180
-9.969180
-9.477528
-9.969180
-9.969180
-9.969180
-9.969180
-9.969180
-9.969180
-9.475731
-9.969180
-9.969180
-9.969180
-9.969180
-9.202278
-9.969180
-9.969180
-9.969180
-9.969180
-8.638130
-9.969180
-9.969180
-9.969180
-9.969180
-9.784963
-9.969180
-9.969180
-9.969180
-9.969180
-9.495841
-9.969180
-9.969180
-9.969180
-9.969180
-9.773510
-9.969180
-9.969180
-9.969180
-9.969180
-9.779374
-9.969180
-9.969180
-9.969180
-9.699281
-9.969180
-9.969180
-9.969180
-7.423417
-9.969180
-9.779374
-9.537446
-9.969180
-9.969180
-9.969180
-9.969180
-9.969180
-9.969180
-9.969180
-9.575328
-7.031276
-9.969180
-9.969180
-9.969180
-9.969180
-7.412216
-4.657233
-9.969180
-9.969180
-7.839069
-9.969180
-9.650071
-9.969180
-9.969180
-9.969180
-9.969180
-9.364117
-9.969180
-9.969180
-9.592187
-9.475085
-9.659540
-9.207630
-9.969180
-9.969180
-9.969180
-9.969180
-9.969180
-9.969180
-9.969180
-9.969180
-9.131990
-9.969180
-9.969180
-9.969180
-9.969180
-9.969180
-9.969180
-9.969180
-9.969180
-9.969180
-9.969180
-9.969180
-9.969180
-9.969180
-9.969180
-9.969180
-7.426816
-9.969180
-9.694318
-9.969180
-9.969180
-9.392084
-9.969180
-9.969180
-8.983456
-9.969180
-9.969180
-9.969180
-9.969180
-9.969180
-9.969180
-9.969180
-9.969180
-9.969180
-4.793939
-9.969180
-7.898986
-9.969180
-9.157815
-9.969180
-9.969180
0.740184
-9.969180
-9.969180
-9.969180
-9.258888
-9.969180
-9.246977
-9.969180
-9.127687
-9.969180
-9.457286
-9.969180
-9.969180
-9.969180
-9.969180
-8.409787
-9.969180
-9.969180
-9.969180
-9.661983
-9.969180
-9.018367
-9.969180
-9.969180
-9.969180
-7.112578
-9.969180
-9.969180
-9.514827
-9.779374
-9.969180
-1.518729
-9.969180
-9.969180
-9.969180
-9.969180
-9.969180
-9.969180
-9.969180
-9.969180
-9.969180
-9.969180
-9.969180
-9.969180
-9.969180
-9.250276
-9.969180
-9.969180
-9.969180
-9.969180
-9.969180
-9.969180
-9.969180
-9.969180
-9.969180
-9.969180
-9.969180
-9.969180
-9.969180
-9.969180
-9.969180
-9.318329
-9.969180
-9.969180
-9.969180
-9.699281
-6.627307
-9.969180
-9.969180
-9.969180
-9.969180
-9.969180
-6.899231
-9.969180
-9.969180
-9.969180
-6.950703
-9.969180
-9.969180
-9.969180
-1.703830
-9.969180
-9.969180
-9.224897
-9.969180
-9.969180
-9.969180
-9.969180
-9.969180
-9.546797
-2.617139
-9.969180
-9.969180
-9.969180
-9.969180
-9.969180
-9.969180
-9.341776
-9.969180
-9.969180
-9.969180
-9.566085
-9.721900
-9.969180
-9.969180
-9.969180
-9.969180
-9.969180
-9.969180
-9.969180
-9.969180
-9.969180
-9.969180
-4.371352
-9.969180
-9.017824
-9.969180
-9.969180
-9.476474
-9.969180
-9.969180
-9.969180
-9.969180
-9.969180
-9.969180
-9.509475
-9.969180
-9.969180
-9.969180
-9.721900
-9.969180
-9.246977
-9.969180
-9.969180
-9.969180
-9.969180
-9.969180
-9.969180
-9.969180
-9.969180
-9.969180
-9.969180
2.335745
-6.141383
-9.969180
-9.969180
-9.969180
-9.969180
-9.969180
5.290155
-9.969180
-9.969180
-9.969180
-9.969180
-9.969180
-9.969180
-9.969180
-9.969180
-9.969180
-9.969180
-9.661983
-9.969180
-9.721900
-9.969180
-9.969180
-9.969180
-9.969180
-9.969180
-9.634015
-9.969180
-9.969180
-9.969180
-9.671608
-9.969180
-9.721900
-9.969180
-9.969180
-7.638857
-9.969180
4.234325
-9.969180
-9.969180
-9.721734
-9.705658
-9.969180
-9.969180
-7.186959
-9.969180
-9.969180
-9.969180
-9.969180
-9.969180
-9.969180
-9.969180
-9.969180
-9.969180
-9.969180
-9.969180
-9.634015
-7.196408
-9.969180
-9.969180
-9.969180
-9.969180
-9.969180
-9.537446
-7.484653
-9.969180
-9.969180
-9.969180
-9.969180
-9.969180
-9.969180
-1.898060
-9.969180
-9.969180
-9.969180
-9.969180
-9.969180
-9.969180
-9.969180
-9.969180
-9.969180
-7.858095
-9.969180
-9.969180
-9.969180
-9.969180
-9.969180
-9.969180
-9.969180
-9.634015
-9.969180
-9.969180
-0.802920
-9.969180
-9.969180
-9.969180
-9.969180
-9.969180
-9.183065
-8.312293
-9.969180
-9.969180
-9.969180
-9.754575
-9.969180
-9.969180
-9.969180
-7.312286
-9.969180
-9.969180
-9.969180
-9.969180
-9.969180
-9.969180
-9.969180
-9.969180
-9.969180
-9.969180
-8.007644
-9.784725
-9.969180
-9.969180
-9.969180
-9.969180
-9.969180
-9.969180
-9.969180
-9.969180
-9.969180
-9.969180
-9.650071
-9.969180
-9.969180
-9.392084
-9.969180
-9.969180
-8.302723
-9.969180
-9.969180
-9.969180
-8.282376
-9.969180
-9.969180
-9.499342
-9.969180
3.693485
-9.969180
-9.969180
-9.969180
-9.969180
-9.760186
-8.730786
-2.299255
-9.969180
-9.969180
-9.969180
-9.969180
-9.969180
-9.969180
-9.969180
-9.969180
-8.741938
-9.969180
-9.969180
-9.006714
-9.969180
-9.969180
-9.969180
-9.969180
-9.969180
-9.969180
-9.969180
-9.969180
-2.425544
-9.969180
-9.969180
-9.969180
-9.969180
-9.969180
-9.969180
-9.969180
-9.969180
-9.969180
-9.969180
-9.969180
-9.969180
-9.969180
-9.969180
-9.969180
-9.969180
-9.969180
-8.824793
-3.047122
-8.732921
-9.969180
-7.033206
-9.969180
-9.969180
-9.969180
-9.969180
-9.969180
-9.969180
-9.969180
-7.108682
-9.969180
-9.969180
-5.645461
-8.552087
-9.969180
-9.969180
-9.969180
-9.969180
-9.380172
-9.969180
-9.969180
-9.969180
-9.969180
-9.135092
-9.969180
-9.969180
-9.969180
-9.721900
-9.969180
-9.969180
-2.998163
-9.969180
-9.969180
-9.969180
-9.969180
-9.969180
-9.969180
-9.969180
-9.969180
-9.969180
-9.969180
-9.217255
-9.969180
-9.969180
-9.969180
-9.969180
-9.969180
-9.969180
3.035160
-9.969180
-9.969180
-9.969180
-9.969180
-9.969180
-9.250961
-9.969180
-9.773510
-9.969180
-9.969180
-9.969180
-6.577173
-9.969180
-9.969180
-9.969180
-9.661983
-9.650071
-9.969180
-9.969180
-9.969180
-9.969180
-9.969180
-9.425202
-9.969180
-9.969180
-9.969180
-9.969180
-9.969180
-9.969180
1.788247
-9.969180
-9.969180
-9.017824
-9.969180
-9.969180
-9.757855
-9.969180
-9.721900
-9.178316
-9.969180
-9.969180
-9.969180
-9.969180
-9.969180
-9.969180
-9.969180
-9.969180
-9.969180
-9.634015
-9.969180
-9.969180
-9.147204
-9.661983
-9.784725
-9.969180
-8.505684
-8.198861
-9.969180
-9.969180
-9.969180
-9.969180
-9.969180
-9.969180
-9.693714
-9.969180
-9.969180
-9.969180
-9.736603
-9.017824
-9.969180
-9.969180
-9.969180
-9.969180
-9.969180
-9.752693
-9.969180
-9.969180
-9.969180
-9.566085
-9.969180
-9.017824
-9.969180
-9.969180
-9.969180
-9.969180
-9.969180
-9.969180
3.125627
-9.969180
-9.969180
-9.969180
-9.969180
-9.969180
-9.969180
-9.969180
-9.969180
-9.969180
-9.969180
-9.969180
-9.969180
-9.969180
-9.969180
-9.969180
-9.969180
-9.969180
-9.969180
-9.969180
-9.094512
-9.969180
-9.969180
-9.969180
-9.969180
-9.969180
-1.623920
-9.969180
-9.969180
-9.969180
-9.969180
-9.969180
-9.969180
-9.969180
-9.969180
-9.969180
-9.969180
7.466048
-9.969180
-9.386550
-9.969180
-7.418586
-9.969180
-9.969180
-9.969180
-9.969180
-9.969180
-9.969180
-9.969180
-9.534817
-9.969180
-9.969180
-9.130079
-9.969180
-9.969180
-9.969180
-9.969180
-9.969180
-9.969180
-9.969180
-9.969180
-9.969180
-8.707990
-9.969180
-9.969180
-9.969180
-9.969180
-9.969180
-9.969180
-9.969180
-9.969180
-9.969180
-9.969180
-9.969180
-9.969180
-9.969180
-9.784725
-6.819792
-1.628043
-9.969180
-9.969180
-9.969180
-9.969180
-9.969180
-9.969180
-9.969180
-9.661983
-9.969180
-9.969180
-9.969180
-5.036335
-9.969180
-9.969180
-0.831604
-3.419818
-9.969180
-9.969180
-9.969180
-9.969180
-9.969180
-9.969180
-9.423157
-9.969180
-9.969180
-9.969180
-9.969180
-9.969180
-9.969180
-9.969180
-9.969180
-9.969180
-9.969180
-8.995367
-9.969180
-9.969180
-8.043313
-9.969180
-9.969180
-9.027098
-9.969180
-9.969180
-9.969180
-9.969180
-9.969180
-9.969180
-9.969180
-9.969180
-9.969180
-9.969180
-9.969180
-9.969180
-9.969180
-9.969180
-9.969180
-9.650071
-9.969180
-9.969180
-9.969180
-9.969180
-9.969180
-9.969180
-9.969180
-9.784725
-9.969180
-9.969180
-9.969180
4.200804
-9.969180
-9.721900
-9.969180
-9.969180
-8.592216
-9.969180
-9.969180
-9.448245
-9.969180
-9.969180
-9.661983
-8.432245
-9.969180
-9.969180
-9.969180
-9.969180
-7.041229
-9.969180
-9.969180
-9.969180
-9.969180
-9.359482
-9.969180
-9.061895
-4.511636
-9.969180
-9.969180
-9.969180
-9.969180
-7.732126
-9.969180
-9.969180
-9.969180
-9.969180
-9.969180
-9.969180
-9.969180
-9.969180
-9.969180
-9.969180
-9.969180
-9.969180
-9.782113
-9.969180
-9.969180
-9.969180
-9.969180
-9.212005
-9.969180
-8.663615
-9.969180
-9.969180
-9.969180
-9.969180
-9.969180
-9.969180
-9.969180
-9.969180
-9.969180
-9.969180
-9.969180
-9.969180
-9.191752
-9.969180
-9.969180
-9.969180
-9.969180
-9.969180
-0.392011
-9.969180
-9.969180
-7.526360
-9.969180
-9.969180
-9.969180
-9.969180
-9.969180
-9.969180
-9.969180
-9.969180
-9.969180
-9.969180
-9.969180
-9.969180
-9.969180
-9.969180
-9.753635
-9.969180
-9.969180
-9.473964
-9.780888
-9.969180
-9.969180
-9.969180
-9.969180
-9.027098
-9.969180
-9.969180
-9.969180
-9.969180
-9.969180
-9.784725
-9.969180
-9.969180
-9.969180
-9.969180
-9.969180
-9.969180
-9.969180
-9.969180
-9.969180
-9.969180
-9.969180
-9.969180
-9.969180
-9.969180
-9.969180
-9.969180
-9.969180
-9.661983
-9.969180
-9.969180
-9.969180
-9.969180
-9.969180
-9.969180
-9.721900
-9.969180
-9.969180
-4.366183
-9.969180
-9.969180
-9.969180
-9.969180
-9.969180
-9.969180
-5.011302
-7.830471
-9.969180
-9.969180
-9.969180
-9.969180
-7.056357
-9.969180
-9.969180
-9.969180
-8.872465
-9.969180
-9.969180
-9.969180
-4.238461
4.262866
-9.969180
-9.969180
-9.969180
-9.969180
-9.969180
-4.226103
-9.969180
-9.969180
-9.969180
-9.969180
-9.969180
-9.969180
-9.969180
-9.969180
-9.969180
-9.969180
-9.969180
-9.969180
-9.671608
-9.969180
-9.969180
-9.969180
-9.969180
-8.824793
-9.969180
-9.969180
-9.969180
-9.969180
-9.969180
-9.969180
-9.969180
-9.969180
-9.969180
-9.969180
-8.994093
-9.671608
-9.969180
-9.969180
-9.969180
-9.969180
-9.969180
-7.509342
-9.969180
-9.430344
-9.661983
-9.969180
-9.969180
-9.969180
-9.969180
-9.969180
-9.969180
-9.969180
-9.969180
-9.969180
-7.361492
-9.969180
-9.969180
-9.969180
-9.969180
-9.969180
-9.969180
-9.969180
-9.969180
-9.969180
-9.969180
-9.969180
-9.969180
-9.969180
-9.969180
-2.434985
-9.969180
-9.270666
-9.969180
-9.969180
-9.969180
-9.969180
-9.969180
-9.969180
-9.969180
-9.594635
-9.969180
-9.969180
-9.969180
-9.969180
-1.541861
-9.969180
-8.523535
-9.969180
-9.969180
-9.969180
-9.969180
-9.969180
-9.969180
-9.773510
-9.969180
-9.475938
-9.969180
-9.969180
-9.969180
-9.969180
-9.969180
-9.969180
-9.969180
-9.969180
-9.969180
-9.969180
-9.721900
-9.969180
-9.969180
-9.969180
-9.969180
-9.452989
-9.969180
-9.969180
