51228, 46751, 102534, 29338, 5450, 109276, 65944, 65738, 8125, 13765, 103233, 13769, 66524, 133549, 23959, 81544, 65744, 16370, 106277, 17130, 77795, 67052, 29419, 8153, 48868, 23405, 102461, 16663, 8697, 9788, 35323, 19885, 66912, 32372, 10799, 61491, 20902, 46706, 77534, 51673, 25282, 24175, 38193, 9958, 46956, 28851, 106988, 8421, 15875, 50913, 77290, 66539, 8047, 51718, 28477, 7318, 50940, 135964, 93453, 9777, 81679, 91838, 29446, 66796, 9384, 46723, 48549, 29125, 72887, 17297, 29443, 17358, 17097, 10621, 46701, 9828, 17281, 35700, 72150, 7903, 102457, 35794, 17584, 10084
Feature count is 84
Criterion1 result is ObjectIndex = 1096, Distance = -4.7921868063444516291491151885, Value = 0.7604818473203086870491199263
Boundary = -4.618754845554022810512005702
-10.753737
-8.206250
-11.209676
-11.209676
-11.209676
-11.209676
-11.209676
-10.364862
-11.209676
-11.209676
-11.209676
-9.986943
-10.944760
-7.879294
-11.209676
-11.209676
-11.209676
-11.209676
-11.209676
-9.471260
-11.209676
-11.209676
-11.209676
-11.209676
-11.209676
-11.209676
-11.209676
-11.209676
-11.209676
-11.209676
-11.209676
-11.209676
-11.209676
-10.607749
-11.209676
-6.262009
-11.209676
-11.209676
-4.436969
-11.209676
-11.209676
-6.088712
-11.209676
-11.209676
-11.209676
-11.209676
-10.803872
-11.209676
-11.209676
-11.209676
-11.209676
-11.209676
-11.209676
-10.537679
-9.387278
-11.209676
-5.543891
-11.209676
-1.221537
-10.929961
-11.209676
-11.209676
-11.209676
-11.209676
-11.209676
-11.209676
-11.209676
-11.209676
-11.209676
-11.209676
-11.209676
-11.209676
-11.209676
-11.209676
-10.984886
-8.385699
-11.209676
-11.209676
-11.209676
-7.759991
-11.209676
-11.209676
-11.209676
-10.465602
-11.209676
5.348932
-10.456083
-11.209676
-10.936012
-11.209676
-10.971124
-11.209676
-11.014912
-11.209676
-10.803872
-11.209676
-10.861886
-11.209676
-10.944760
-11.005314
-11.209676
-11.209676
-6.774520
-9.860157
-11.209676
-11.209676
-9.671340
-4.985211
-11.209676
-11.209676
-10.867723
-11.209676
-11.209676
-11.209676
-7.247175
-9.796094
-11.209676
-10.889128
-10.490867
-11.209676
-11.209676
-11.209676
-9.346159
-11.209676
-11.209676
-11.209676
-10.272763
-11.209676
-11.209676
-10.657662
-11.209676
-10.788763
-11.209676
-11.209676
-10.758034
-11.209676
-5.831604
-11.209676
-11.209676
-6.478104
-11.209676
-5.177383
-10.861886
-11.209676
-11.209676
-7.801240
-11.209676
-11.209676
-10.838395
-10.156078
-11.209676
-11.209676
-11.209676
-11.209676
-11.209676
-11.209676
-11.209676
-11.209676
-8.460921
-11.209676
-11.209676
-10.780525
-7.928037
-11.209676
-11.209676
-11.209676
-11.209676
-9.329752
-11.209676
-11.209676
-11.209676
-11.209676
-11.209676
-11.209676
-11.209676
-11.209676
-11.209676
-11.209676
-7.922389
-11.209676
-11.209676
-11.209676
-11.209676
-11.209676
-11.209676
-11.209676
-10.657662
-11.209676
-11.209676
-11.209676
-11.209676
-11.209676
-11.209676
-11.209676
-8.249765
-11.209676
-11.209676
-11.209676
-10.091199
-11.209676
-11.209676
-11.209676
-11.209676
-11.209676
-11.209676
-11.209676
-11.209676
-11.209676
-11.209676
-11.209676
-11.209676
-11.209676
-11.209676
-8.591901
-11.209676
-11.209676
-11.209676
-11.209676
-11.209676
-11.209676
-11.209676
-11.209676
-3.993131
-10.291382
-9.937116
-8.753460
-11.209676
-11.209676
-11.209676
-8.363266
-11.209676
-11.209676
-11.209676
-6.044858
-11.209676
-11.209676
-11.209676
-11.209676
-9.308004
-6.089987
-10.867723
-11.209676
-11.209676
-10.282088
-11.209676
-11.209676
-11.209676
-11.209676
-11.209676
-11.209676
-10.554385
-2.361261
-11.209676
-11.209676
-11.209676
-11.209676
-11.209676
-3.561178
-11.209676
-11.209676
-9.986943
-11.209676
-11.209676
-11.209676
-11.209676
-11.209676
-11.209676
-4.324769
-11.209676
-11.209676
-4.401331
-11.209676
-11.209676
-11.209676
-11.209676
-10.291382
-9.105257
-10.944760
-11.209676
-11.209676
-11.209676
-11.209676
-11.209676
-11.209676
-10.200686
-11.209676
-11.209676
-9.943657
-9.049763
-11.209676
-11.209676
-11.209676
-11.209676
-11.209676
4.673267
-11.209676
-11.209676
-11.209676
-11.209676
-11.209676
-11.209676
-10.861886
-11.209676
-11.209676
-11.209676
-11.209676
-11.209676
-11.209676
-11.209676
-9.920958
-10.581142
-11.209676
-10.944760
-11.209676
-11.005314
-10.953184
-0.302550
-6.872061
-10.198417
-11.209676
-11.209676
-11.209676
-10.570772
-11.209676
-9.509062
-11.209676
-10.943483
-11.209676
-11.209676
-11.209676
-11.209676
-11.209676
-11.209676
-11.209676
-11.209676
-9.470022
-11.209676
-11.209676
-11.209676
-11.209676
-2.420029
-10.943483
-11.209676
-11.209676
-10.272763
-11.209676
-10.943483
-11.209676
-11.209676
-11.209676
-11.209676
-11.209676
-11.209676
-11.209676
-11.209676
-9.986943
-10.867723
-11.209676
-10.478779
-11.209676
-11.209676
-11.209676
-11.209676
-11.209676
-11.209676
-10.684323
-10.113973
-11.209676
-11.209676
-10.944760
-11.209676
-11.209676
-11.209676
-11.209676
-10.889128
-11.209676
-11.209676
-9.383838
-1.903527
-11.209676
-11.209676
-11.209676
-8.494135
-11.209676
-11.209676
-10.944760
-11.209676
-11.209676
-11.209676
-8.336596
-11.209676
-11.209676
-11.209676
-11.209676
-11.209676
-11.209676
-11.209676
-11.209676
-11.209676
-9.976569
-11.209676
-11.209676
-11.209676
-9.019470
-11.209676
-11.209676
-11.209676
-11.209676
-11.209676
-3.710723
-10.867723
-11.209676
-10.803872
-11.209676
-8.695733
-11.209676
-7.662135
-10.639781
-11.209676
-10.753998
-9.777704
-11.209676
-11.209676
-10.803872
-11.209676
-11.209676
-11.209676
-10.289469
-11.209676
-11.209676
-11.209676
-11.209676
-11.209676
-11.209676
-11.209676
-11.209676
-11.209676
-11.209676
2.376774
-9.237999
-9.715268
-11.209676
-11.209676
-11.209676
-11.209676
-8.607478
-11.209676
1.504705
-10.803872
-11.209676
-11.209676
-11.209676
-11.209676
-11.209676
-11.209676
-11.209676
-9.867611
-11.209676
-10.154195
-4.413199
-11.209676
-11.209676
-9.926665
-11.209676
-2.959476
-11.209676
-11.209676
-11.209676
-11.209676
-11.209676
-10.554385
-11.209676
-11.209676
-11.209676
-10.992549
-11.209676
-11.209676
-10.657662
-10.917375
-7.305218
-4.829406
-11.209676
-11.209676
-11.209676
-10.944760
-11.209676
-11.209676
-11.209676
-11.209676
-11.209676
-11.209676
-11.209676
-11.209676
-11.209676
-11.209676
-7.547300
-6.841792
-6.829228
-11.209676
-11.209676
-11.209676
-11.209676
-11.209676
-11.209676
-11.209676
-11.209676
-11.209676
-11.209676
-11.209676
-3.509476
-6.051512
-11.209676
-11.209676
-10.291904
-11.209676
-2.499337
-11.209676
-10.803872
-9.478875
-11.209676
-11.209676
-10.923855
-11.004391
-11.209676
-11.209676
-11.209676
-11.209676
-11.209676
-11.209676
-11.209676
-11.209676
-10.478779
-11.209676
-11.209676
-11.209676
-11.209676
-11.209676
-11.209676
-11.209676
-11.209676
-11.209676
-10.803872
-11.209676
-9.893660
-10.159765
-11.209676
-9.185135
-11.209676
-10.091693
-11.209676
-11.209676
-9.024504
-10.565637
-8.438830
-9.934646
-11.209676
-11.209676
-11.209676
-11.209676
-2.662802
-11.209676
-11.209676
-9.334094
-10.100798
-11.209676
-11.209676
-6.044087
3.493145
-11.209676
-11.209676
-11.209676
-11.209676
-11.209676
-11.209676
-11.209676
-11.209676
-11.209676
-11.209676
-11.209676
-10.803872
-0.334096
-11.209676
-10.949682
-11.209676
-11.209676
-9.577437
-11.209676
-3.758907
-11.209676
-1.671648
-11.209676
-11.209676
-11.209676
-9.646794
-8.758998
-11.209676
-8.960980
-11.209676
-8.450461
-11.209676
-11.209676
-11.209676
-11.209676
-11.209676
-8.227796
-10.979188
-11.209676
-11.209676
-7.748320
-11.209676
-11.209676
-11.209676
-11.209676
-10.538957
-11.209676
-3.140577
-11.209676
-11.209676
-10.790123
-11.209676
-11.209676
-11.209676
-11.209676
-10.648566
-11.209676
-11.209676
-9.595945
-8.474778
-10.867723
-11.209676
-11.209676
-11.209676
-11.209676
-11.209676
-11.209676
-11.209676
-10.995541
-11.209676
-10.501307
-11.209676
-11.209676
-11.209676
-11.209676
-9.807608
-1.457098
-10.489689
-11.209676
-11.209676
-11.209676
-11.209676
-11.209676
-8.978439
-9.325988
-11.209676
-11.209676
-11.209676
-11.209676
-11.209676
-11.209676
-11.209676
-11.209676
-11.209676
-11.209676
-11.209676
-11.209676
-11.209676
-11.209676
-11.209676
-11.209676
-11.209676
-11.209676
-11.209676
-11.209676
-10.461920
-11.209676
-11.209676
2.036810
-11.209676
-9.367647
-9.746327
-11.209676
-10.731795
-11.209676
-11.209676
-11.209676
-11.209676
-11.209676
-9.593691
-11.209676
-11.209676
-11.209676
-11.209676
-11.209676
-11.209676
-8.495667
-11.209676
-11.209676
-11.209676
-11.209676
-11.209676
-9.822592
-11.209676
-11.209676
-11.209676
-11.209676
-11.209676
-6.761283
-11.209676
-11.209676
-11.209676
-11.209676
-11.209676
-10.538957
-11.209676
-11.209676
-11.209676
-11.209676
-11.209676
-11.209676
-11.209676
-11.209676
-11.209676
-11.209676
-11.209676
-10.976576
-11.209676
-11.209676
-6.176023
-11.209676
-9.512666
-11.209676
-11.209676
-11.209676
-10.538957
-11.209676
-11.209676
-11.209676
-11.209676
-11.209676
-11.209676
-11.209676
-11.209676
-11.209676
-2.487351
-11.209676
-11.209676
-11.209676
-11.209676
-11.209676
-11.209676
-11.209676
-11.209676
-8.669283
-11.209676
-11.209676
-11.209676
-9.318456
-11.209676
-11.209676
-11.209676
-3.441633
-11.209676
-11.209676
-11.209676
-11.209676
-11.209676
-11.209676
-11.209676
-10.741170
-11.209676
-11.209676
-11.209676
-10.665045
-5.939157
-11.209676
-8.544195
-11.209676
-11.209676
-10.066967
-11.209676
-9.509696
-11.209676
-11.209676
-11.209676
-11.209676
-11.209676
-10.944760
-11.209676
-11.209676
-0.530637
-11.209676
-9.898219
-11.209676
-10.867723
-11.209676
-10.984886
-11.209676
-8.180474
-11.209676
-11.209676
-11.209676
-11.209676
-10.106353
-11.209676
-8.406558
-11.209676
-11.209676
-11.209676
-11.209676
-11.209676
-10.389842
1.288656
-11.209676
-11.209676
-11.209676
-11.209676
-11.209676
-11.209676
-10.971124
-11.209676
-11.209676
-9.607281
-11.209676
-11.209676
-11.209676
-11.209676
-11.209676
-11.209676
-11.209676
-10.867723
-11.209676
-11.209676
-11.209676
-11.209676
-11.209676
-11.209676
-11.209676
-11.209676
-11.209676
-5.120250
-11.209676
-2.387461
-10.403908
-11.209676
-8.135260
-11.209676
-3.647516
-11.209676
-10.070185
-11.209676
-11.209676
-9.443379
-11.209676
-11.209676
-11.209676
-11.209676
-11.209676
-9.190641
-10.445974
-11.209676
-11.209676
-8.499189
-11.209676
-11.209676
-5.223867
-11.209676
-11.209676
-11.209676
-11.209676
-11.209676
-11.209676
-10.803872
-11.209676
-11.209676
-11.209676
-11.209676
0.608774
-10.388149
-11.209676
-11.209676
-4.136969
-11.209676
-11.209676
-11.209676
-11.209676
-11.209676
-9.874527
-11.209676
-11.209676
-10.717303
-10.219955
-11.209676
-11.209676
-11.209676
-11.209676
-10.204445
-4.342946
-11.013552
-11.209676
-11.209676
-11.209676
-10.073187
-9.034879
-11.209676
-11.209676
-11.209676
-11.209676
-9.971130
-11.209676
-11.209676
-11.209676
-10.803872
-8.321160
-11.209676
-11.209676
-11.209676
-11.209676
-10.344439
-11.209676
-11.209676
-11.209676
-11.209676
-8.455245
-11.209676
-11.209676
-11.209676
-11.209676
-10.302757
-11.209676
-11.209676
-11.209676
-11.209676
-10.867723
-11.209676
-11.209676
-11.209676
-11.209676
-11.209676
-10.234885
-11.209676
-6.205830
-11.209676
-10.091199
-8.439273
-11.209676
-11.209676
-11.209676
-11.209676
-11.209676
-11.209676
-11.209676
-10.913427
-2.415224
-11.209676
-11.209676
-11.209676
-11.209676
-6.865616
-1.401617
-11.209676
-11.209676
-8.128914
-11.209676
-10.214987
-11.209676
-11.209676
-11.209676
-11.209676
-11.209676
-11.209676
-11.209676
-10.984886
-9.459909
-10.386268
-9.683914
-11.209676
-11.209676
-11.209676
-11.209676
-11.209676
-11.209676
-10.867723
-11.008991
-7.750909
-11.209676
-11.209676
-10.803872
-10.389842
-11.209676
-11.209676
-11.002076
-11.209676
-11.209676
-11.209676
-9.297043
-11.209676
-11.209676
-11.209676
-11.209676
-8.815022
-11.209676
-11.209676
-11.209676
-11.209676
-10.786156
-11.209676
-10.594060
-8.000157
-11.209676
-11.209676
-11.209676
-11.209676
-11.209676
-11.209676
-11.209676
-11.209676
-11.209676
0.859960
-11.209676
-6.254445
-11.209676
-8.415431
-11.209676
-11.209676
2.449628
-11.209676
-11.209676
-11.209676
-10.702912
-11.209676
-7.887114
-11.209676
-10.174278
-11.209676
-9.828496
-10.990518
-11.209676
-11.209676
-11.209676
-7.780829
-11.209676
-11.209676
-10.201987
-11.209676
-11.209676
-8.447189
-11.209676
-11.209676
-11.209676
-6.629745
-11.209676
-11.209676
-10.650597
-10.867723
-9.792180
0.551076
-11.209676
-11.209676
-11.209676
-11.209676
-11.209676
-11.209676
-11.209676
-11.209676
-11.209676
-11.209676
-11.209676
-11.209676
-11.209676
-8.067830
-11.209676
-11.209676
-11.209676
-11.209676
-11.209676
-11.209676
-11.209676
-11.209676
-10.867723
-11.209676
-11.209676
-11.209676
-11.209676
-11.209676
-11.209676
-10.567092
-11.209676
-11.209676
-11.209676
-10.364862
-3.966556
-11.209676
-11.209676
-11.209676
-11.209676
-11.209676
-4.792187
-11.209676
-11.209676
-11.209676
-9.074790
-11.209676
-11.209676
-11.209676
-1.895072
-11.209676
-11.209676
-8.165278
-11.209676
-11.209676
-11.209676
-11.209676
-11.209676
-7.791610
1.413209
-11.209676
-11.209676
-10.657662
-11.209676
-11.209676
-11.209676
-9.264611
-10.803872
-11.209676
-11.209676
-10.314167
-9.714181
-11.209676
-11.209676
-9.509062
-11.209676
-11.209676
-11.209676
-11.209676
-11.209676
-11.209676
-11.209676
-11.209676
-11.209676
-9.229443
-11.209676
-11.209676
-9.460356
-11.209676
-11.209676
-11.209676
-11.209676
-11.209676
-10.731795
-10.603414
-11.209676
-10.419111
-11.209676
-7.785652
-11.209676
-10.728394
-11.209676
-11.209676
-11.209676
-11.209676
-11.209676
-11.209676
-11.209676
-11.209676
-11.209676
-11.209676
-1.857707
-8.348540
-9.095141
-11.209676
-11.209676
-11.209676
-11.209676
3.582969
-9.784724
-11.209676
-11.209676
-11.209676
-11.209676
-11.209676
-11.209676
-11.209676
-11.209676
-10.150364
-11.209676
-11.209676
-10.213863
-11.209676
-11.209676
-11.209676
-11.209676
-11.209676
-10.971124
-11.209676
-11.209676
-11.209676
-9.398604
-11.209676
-10.002371
-11.209676
-11.209676
-5.696682
-11.209676
7.582618
-10.554385
-11.209676
-10.456083
-10.228327
-10.803872
-11.209676
-6.421928
-11.209676
-11.209676
-11.209676
-10.219955
-10.758034
-11.209676
-11.209676
-11.209676
-11.209676
-11.209676
-11.209676
-11.209676
-5.674524
-11.209676
-11.209676
-9.986943
-11.209676
-11.209676
-9.487470
-7.436763
-11.209676
-11.209676
-11.209676
-11.209676
-11.209676
-11.209676
1.374525
-11.209676
-11.209676
-11.209676
-11.209676
-11.209676
-11.209676
-11.209676
-11.209676
-11.209676
-6.786403
-11.209676
-10.154195
-11.209676
-11.209676
-11.209676
-11.209676
-10.537031
-11.209676
-11.209676
-10.456083
2.903486
-11.209676
-11.209676
-11.209676
-11.209676
-11.209676
-9.514583
-9.494439
-10.944760
-11.209676
-11.209676
-10.456083
-11.209676
-11.209676
-11.209676
-5.537605
-11.209676
-11.209676
-11.209676
-11.209676
-11.209676
-11.209676
-11.209676
-11.209676
-11.209676
-11.209676
-10.138748
-10.068998
-11.209676
-11.209676
-11.209676
-11.209676
-11.209676
-10.671096
-11.209676
-11.209676
-11.209676
-11.209676
-10.951436
-11.209676
-11.209676
-11.209676
-11.209676
-11.209676
-6.833763
-11.209676
-11.209676
-11.209676
-8.195370
-11.209676
-10.904090
-10.995071
-11.209676
6.346675
-11.209676
-11.209676
-11.209676
-11.209676
-10.841988
-8.419441
-2.800955
-11.209676
-11.209676
-11.209676
-11.209676
-11.209676
-10.803872
-11.209676
-11.209676
-7.947435
-11.209676
-11.209676
-7.026646
-11.209676
-11.209676
-11.209676
-11.209676
-10.867723
-11.209676
-11.209676
-11.209676
0.303229
-11.209676
-11.209676
-11.209676
-10.288192
-11.209676
-11.209676
-9.986943
-11.209676
-11.209676
-11.209676
-11.209676
-11.209676
-11.209676
-11.209676
-11.209676
-11.209676
-11.209676
-7.895916
-1.801893
-7.827201
-10.179656
-7.628522
-11.209676
-11.209676
-11.209676
-11.209676
-11.209676
-11.209676
-11.209676
-5.245271
-11.209676
-11.209676
-1.676910
-8.596580
-10.159765
-10.971124
-11.209676
-11.209676
-10.549687
-11.209676
-11.209676
-11.209676
-9.757004
-9.414722
-11.209676
-11.209676
-11.209676
-8.746176
-11.209676
-9.986943
0.492175
-11.209676
-11.209676
-10.988478
-11.209676
-11.209676
-11.209676
-11.209676
-11.209676
-11.209676
-11.209676
-10.540908
-10.607749
-11.209676
-11.209676
-11.209676
-11.209676
-11.209676
4.125125
-11.209676
-11.209676
-11.209676
-11.209676
-11.209676
-5.119576
-10.609483
-11.209676
-11.209676
-11.209676
-11.209676
-9.413107
-10.951436
-11.209676
-11.209676
-11.013552
-9.676736
-11.209676
-11.209676
-11.209676
-11.209676
-11.209676
-9.585769
-11.209676
-11.209676
-11.209676
-11.209676
-11.209676
-11.209676
5.016879
-11.209676
-9.461278
-9.729361
-11.209676
-10.219955
-10.996585
-11.002076
-9.038220
-9.466435
-11.209676
-11.209676
-10.936012
-11.209676
-11.209676
-11.209676
-11.209676
-10.758034
-11.209676
-11.209676
-11.209676
-11.209676
-7.120685
-10.867723
-10.282088
-11.209676
-9.593023
-8.646801
-11.209676
-11.209676
-11.209676
-11.209676
-11.209676
-8.921994
-9.485359
-11.209676
-11.209676
-11.209676
-9.014265
-9.274615
-11.209676
-10.984886
-11.209676
-10.554385
-10.291382
-10.861886
-11.209676
-11.209676
-11.209676
-10.688268
-11.209676
-9.940136
-11.209676
-11.209676
-11.209676
-11.209676
-11.209676
-11.209676
2.961761
-11.209676
-11.209676
-11.209676
-11.209676
-11.209676
-11.209676
-11.209676
-11.209676
-10.990518
-10.803872
-11.209676
-11.209676
-11.209676
-11.209676
-11.209676
-10.758034
-11.209676
-11.209676
-11.209676
-10.151772
-11.209676
-11.209676
-11.209676
-9.388101
-11.209676
-3.732114
-10.984886
-11.209676
-11.209676
-11.209676
-10.392746
-11.209676
-11.209676
-11.209676
-11.209676
-11.209676
6.395748
-11.209676
-8.935271
-11.209676
-5.682339
-11.209676
-11.209676
-11.209676
-11.209676
-11.209676
-11.209676
-11.209676
-10.861886
-11.209676
-11.209676
-7.872054
-11.209676
-11.209676
-10.565568
-11.209676
-11.209676
-11.209676
-11.209676
-11.209676
-11.209676
-8.436394
-11.209676
-11.209676
-11.209676
-11.209676
-11.209676
-10.944760
-11.209676
-11.209676
-11.209676
-11.209676
-11.209676
-11.209676
-11.209676
-10.992549
-4.283562
0.576771
-11.209676
-11.209676
-11.209676
-11.209676
-11.209676
-11.209676
-11.209676
-10.867723
-11.209676
-11.209676
-11.209676
-3.428827
-11.209676
-11.209676
1.079272
-3.839655
-11.209676
-11.209676
-11.209676
-11.209676
-11.209676
-11.209676
-10.984886
-11.209676
-11.209676
-11.209676
-11.209676
-11.209676
-11.209676
-11.209676
-11.209676
-11.209676
-11.209676
-9.977880
-11.209676
-11.209676
-4.993592
-11.209676
-11.209676
-8.609017
-11.209676
-11.209676
-11.209676
-10.554385
-11.209676
-11.209676
-11.209676
-11.209676
-11.209676
-11.209676
-11.209676
-11.209676
-11.209676
-11.209676
-11.209676
-9.434611
-11.209676
-11.209676
-11.209676
-11.209676
-11.209676
-11.209676
-11.209676
-9.876285
-10.113973
-11.209676
-11.209676
4.840037
-11.209676
-7.913633
-11.209676
-11.209676
-9.211185
-11.209676
-11.209676
-9.670026
-11.209676
-11.209676
-10.867723
-8.196088
-11.209676
-11.209676
-10.944760
-11.209676
-6.319659
-11.209676
-10.944760
-11.209676
-11.209676
-10.861886
-11.209676
-9.689701
-0.466538
-11.209676
-11.209676
-11.209676
-11.209676
-2.220473
-11.209676
-10.975001
-10.325991
-11.209676
-11.209676
-9.986943
-11.209676
-11.209676
-11.209676
-11.209676
-11.209676
-11.209676
-9.555483
-11.209676
-10.996585
-11.209676
-11.209676
-10.003649
-11.209676
-10.965988
-11.209676
-11.209676
-8.304059
-11.209676
-11.209676
-11.209676
-11.209676
-11.209676
-11.209676
-11.209676
-11.209676
-11.209676
-7.800763
-9.420979
-11.209676
-11.209676
-11.209676
-11.209676
1.148257
-11.209676
-11.209676
-3.835767
-11.209676
-11.209676
-11.209676
-11.209676
-11.209676
-11.209676
-11.209676
-11.209676
-11.209676
-11.209676
-11.209676
-11.209676
-10.945366
-10.936012
-11.209676
-11.209676
-11.209676
-9.280866
-11.209676
-11.209676
-11.209676
-11.209676
-11.209676
-6.936711
-11.209676
-11.209676
-11.209676
-11.209676
-11.209676
-9.835705
-11.209676
-11.209676
-11.209676
-11.209676
-11.209676
-11.209676
-10.392746
-11.209676
-9.563733
-11.209676
-11.209676
-11.209676
-11.209676
-10.678567
-11.209676
-11.209676
-11.209676
-10.731795
-11.209676
-11.209676
-11.209676
-11.209676
-11.209676
-11.209676
-6.423347
-11.209676
-11.209676
-4.333264
-11.209676
-11.209676
-11.209676
-11.209676
-11.209676
-11.209676
-5.139595
-9.513777
-11.209676
-11.209676
-11.209676
-11.209676
-8.011967
-11.209676
-11.209676
-11.209676
-8.464233
-11.209676
-11.209676
-11.209676
-4.445323
5.136237
-11.209676
-11.209676
-11.209676
-11.209676
-11.209676
3.119046
-11.209676
-10.971124
-11.209676
-11.209676
-11.209676
-11.209676
-11.209676
-11.209676
-11.209676
-11.209676
-11.209676
-11.209676
-11.022609
-11.209676
-11.209676
-11.209676
-11.209676
-10.297893
-11.209676
-11.209676
-11.209676
-11.209676
-11.209676
-10.493725
-11.209676
-11.209676
-11.209676
-11.209676
-10.452802
-9.428117
-11.209676
-11.209676
-11.209676
-11.209676
-11.209676
-8.410384
-11.209676
-10.065196
-11.209676
-11.209676
-11.209676
-11.209676
-11.209676
-11.013552
-11.209676
-11.209676
-11.209676
-10.889128
-8.023986
-11.209676
-11.209676
-11.209676
-11.209676
-11.209676
-11.209676
-11.209676
-11.209676
-11.209676
-11.209676
-11.209676
-11.209676
-11.209676
-11.209676
-1.602523
-11.209676
-7.112236
-10.944760
-11.209676
-11.209676
-11.209676
-11.209676
-11.209676
-11.209676
-10.153008
-11.209676
-10.944760
-11.209676
-10.538957
-3.679392
-11.209676
-5.796530
-11.209676
-11.209676
-11.209676
-11.209676
-11.209676
-11.209676
-11.209676
-11.209676
-10.025191
-11.209676
-11.209676
-11.209676
-11.209676
-11.209676
-11.209676
-11.209676
-11.209676
-10.803872
-11.209676
-8.618777
-11.209676
-11.209676
-11.209676
-11.209676
-8.016438
-11.209676
-11.209676
