67650, 26264, 37276, 81224, 69425, 79402, 66125, 81772, 119792, 16639, 112953, 67711, 26957, 29530, 36829, 26201, 28511, 81548, 8312, 61400, 73806, 64538, 26964, 91718, 31546, 29280, 26397, 131408, 29152, 28442, 25960, 31913, 79615, 26380, 29368
Feature count is 35
Criterion1 result is ObjectIndex = 1769, Distance = -2.0520203756907204791970519113, Value = 0.6772790898046377766646985022
Boundary = -2.0374005995604063892320790295
-3.861769
-3.752214
-4.420980
-4.420980
-4.420980
-4.420980
-4.420980
-4.041527
-4.420980
-4.420980
-4.420980
-4.420980
-4.420980
-2.760859
-4.420980
-4.420980
-4.420980
-4.420980
-4.420980
-2.903041
-4.420980
-4.420980
-4.420980
-4.420980
-4.420980
-4.420980
-4.420980
-4.420980
-4.420980
-4.272439
-4.420980
-4.420980
-4.420980
-3.869795
-4.420980
-2.984958
-4.420980
-4.420980
-3.653724
-4.420980
-4.420980
-2.902490
-4.420980
-4.420980
-4.420980
-4.041527
-4.420980
-4.272439
-4.420980
-4.420980
-4.420980
-4.420980
-4.420980
-4.262475
-3.752214
-3.427005
-3.398388
-4.420980
0.233189
-4.272439
-4.420980
-4.420980
-4.420980
-4.420980
-4.420980
-4.420980
-4.420980
-4.420980
-4.420980
-4.420980
-4.420980
-4.420980
-4.420980
-4.420980
-4.420980
-3.010430
-4.420980
-4.420980
-4.420980
-2.983020
-4.420980
-4.420980
-4.420980
-4.420980
-4.420980
2.789116
-4.021986
-4.420980
-3.883022
-4.420980
-4.041527
-4.420980
-4.420980
-4.420980
-4.262475
-4.420980
-3.805232
-4.420980
-4.420980
-4.272439
-4.420980
-4.420980
-3.235076
-2.667264
-4.420980
-4.420980
-3.711289
-1.012396
-4.420980
-4.420980
-4.420980
-4.420980
-4.420980
-4.420980
-2.489875
-2.446661
-4.131667
-4.420980
-3.771628
-4.420980
-4.420980
-4.420980
-4.180492
-4.420980
-4.420980
-3.764785
-4.420980
-4.420980
-4.420980
-4.262475
-4.420980
-4.420980
-4.420980
-4.420980
-3.528968
-4.420980
-3.363200
-4.420980
-4.420980
-3.115765
-4.420980
-1.698241
-3.268500
-4.420980
-4.272439
-3.659775
-4.420980
-4.420980
-4.420980
-3.603673
-4.420980
-4.420980
-4.420980
-4.420980
-4.420980
-4.420980
-4.420980
-4.420980
-4.197734
-4.420980
-4.420980
-3.983126
-2.520738
-4.420980
-4.420980
-4.420980
-4.420980
-3.887215
-4.420980
-4.420980
-4.420980
-4.420980
-4.420980
-4.420980
-4.420980
-4.272439
-4.420980
-4.420980
-3.410427
-4.420980
-4.420980
-4.420980
-4.420980
-4.420980
-4.420980
-4.420980
-3.983126
-4.420980
-4.041527
-4.420980
-4.420980
-4.420980
-4.420980
-4.420980
-3.588130
-4.420980
-3.802265
-4.420980
-3.603673
-4.420980
-4.420980
-4.420980
-4.420980
-4.420980
-4.420980
-4.420980
-4.420980
-4.420980
-4.420980
-4.420980
-4.420980
-4.420980
-4.420980
-3.430477
-4.420980
-3.752214
-4.420980
-4.420980
-4.420980
-4.420980
-4.420980
-4.420980
-1.821011
-4.262475
-3.983126
-4.420980
-4.420980
-4.420980
-4.420980
-3.737273
-4.420980
-4.420980
-4.420980
-3.422812
-4.420980
-4.420980
-4.420980
-4.420980
-3.756407
-3.892985
-3.892985
-4.131667
-4.420980
-4.041527
-4.420980
-4.272439
-4.420980
-4.420980
-4.420980
-4.420980
-3.892985
-2.536520
-4.420980
-3.983126
-4.420980
-4.420980
-4.420980
-0.062678
-4.420980
-4.420980
-4.420980
-4.420980
-4.420980
-4.420980
-4.420980
-4.420980
-4.420980
-2.004613
-4.131667
-4.420980
-1.461883
-4.420980
-4.420980
-4.420980
-4.420980
-3.802265
-2.974994
-4.420980
-4.420980
-4.420980
-4.420980
-4.420980
-4.420980
-4.420980
-3.274270
-4.420980
-4.420980
-2.997846
-3.892985
-4.420980
-4.420980
-4.420980
-4.420980
-4.420980
-1.256794
-4.420980
-4.420980
-4.420980
-4.420980
-4.420980
-4.420980
-3.643760
-4.420980
-4.420980
-4.420980
-4.420980
-4.420980
-4.420980
-4.420980
-3.802265
-4.131667
-4.420980
-3.495218
-4.420980
-4.041527
-4.262475
-1.827882
-2.677409
-3.892985
-4.420980
-4.420980
-4.420980
-4.031466
-4.420980
-4.420980
-4.420980
-4.272439
-4.420980
-4.420980
-4.420980
-4.420980
-4.420980
-4.420980
-4.420980
-4.420980
-3.546929
-4.420980
-4.420980
-4.420980
-4.420980
-2.378689
-4.420980
-4.420980
-4.420980
-4.262475
-4.420980
-4.420980
-4.420980
-4.420980
-4.420980
-4.420980
-4.420980
-4.420980
-4.420980
-4.420980
-4.420980
-4.262475
-4.420980
-4.131667
-4.420980
-4.420980
-4.420980
-4.420980
-4.420980
-4.420980
-4.041527
-4.420980
-4.420980
-4.420980
-4.420980
-4.420980
-4.420980
-4.420980
-4.420980
-4.420980
-4.420980
-4.420980
-3.103208
-1.233609
-4.420980
-4.420980
-4.420980
-2.893982
-4.420980
-4.420980
-4.420980
-4.420980
-4.420980
-4.420980
-1.414749
-4.420980
-4.420980
-4.420980
-4.420980
-4.420980
-4.420980
-4.420980
-4.420980
-4.420980
-3.593709
-4.420980
-4.420980
-4.420980
-4.031466
-4.420980
-4.420980
-4.420980
-4.420980
-4.420980
-1.683660
-3.721253
-4.420980
-4.420980
-4.420980
-3.752214
-4.420980
-2.826452
-4.041527
-4.420980
-3.883022
-4.262475
-4.420980
-4.420980
-4.420980
-4.420980
-4.420980
-4.420980
-4.420980
-4.420980
-4.420980
-4.420980
-4.420980
-4.420980
-4.420980
-4.420980
-4.420980
-4.420980
-4.420980
1.470629
-4.206845
-4.420980
-4.420980
-4.420980
-4.420980
-4.420980
-3.492300
-4.420980
1.791090
-4.131667
-4.420980
-3.752214
-4.420980
-4.420980
-4.420980
-4.420980
-4.041527
-2.500017
-4.420980
-4.041527
-1.102502
-4.420980
-4.420980
-3.115662
-4.420980
-2.319006
-4.420980
-4.420980
-4.420980
-4.420980
-4.420980
-4.272439
-4.420980
-4.420980
-4.420980
-4.041527
-4.420980
-4.420980
-4.272439
-4.420980
-3.899798
-2.325545
-4.420980
-4.420980
-4.041527
-4.420980
-4.420980
-3.427005
-4.420980
-4.420980
-4.420980
-4.420980
-4.420980
-4.420980
-4.420980
-4.420980
-3.161577
-3.410710
-2.633068
-4.420980
-4.420980
-4.420980
-4.272439
-4.420980
-4.420980
-4.420980
-4.420980
-4.420980
-4.420980
-4.420980
-4.041527
-0.978925
-4.420980
-4.420980
-4.420980
-4.420980
-1.398344
-4.420980
-4.131667
-3.908421
-4.420980
-4.420980
-3.892985
-4.045720
-4.420980
-4.420980
-4.420980
-4.420980
-4.420980
-4.420980
-4.420980
-4.420980
-3.752214
-4.420980
-4.420980
-4.420980
-4.420980
-4.420980
-4.420980
-4.420980
-4.420980
-4.420980
-3.268500
-4.420980
-3.490342
-4.420980
-4.420980
-3.410427
-4.420980
-4.262475
-4.420980
-4.420980
-3.333774
-3.105670
-3.892985
-4.041527
-4.420980
-4.420980
-4.420980
-4.420980
-1.398344
-4.420980
-4.420980
-2.974994
-3.364411
-4.420980
-4.420980
-3.398388
0.796830
-4.272439
-4.420980
-4.420980
-4.420980
-4.420980
-4.420980
-4.420980
-1.720683
-4.420980
-4.420980
-4.420980
-4.262475
-0.212168
-4.420980
-4.420980
-4.420980
-4.420980
-3.818280
-4.420980
-1.949453
-4.420980
-3.521205
-4.420980
-4.420980
-4.420980
-3.603673
-2.603206
-4.420980
-4.206376
-4.420980
-4.420980
-4.420980
-3.603673
-4.420980
-4.420980
-4.420980
-4.041527
-4.420980
-4.420980
-4.420980
-3.603673
-4.420980
-4.420980
-4.420980
-4.420980
-4.420980
-4.420980
0.031825
-4.420980
-4.420980
-4.420980
-4.420980
-4.420980
-4.420980
-4.420980
-3.603673
-4.420980
-4.420980
-3.646726
-2.910126
-3.983126
-4.420980
-4.420980
-4.420980
-4.420980
-4.420980
-4.420980
-3.593709
-4.420980
-4.420980
-3.818280
-4.420980
-4.420980
-4.420980
-4.420980
-4.272439
-2.390158
-3.883022
-4.420980
-4.420980
-4.420980
-4.420980
-4.420980
-2.699587
-4.041527
-4.420980
-4.420980
-4.420980
-4.420980
-4.420980
-4.420980
-4.420980
-4.420980
-4.420980
-4.272439
-4.420980
-4.420980
-4.420980
-4.420980
-4.420980
-4.420980
-4.420980
-4.420980
-4.420980
-4.420980
-3.973162
-4.420980
-4.420980
-1.540879
-4.420980
-4.189971
-3.163881
-4.420980
-4.420980
-4.420980
-4.420980
-4.420980
-4.420980
-4.420980
-3.603673
-4.420980
-4.420980
-4.272439
-4.420980
-4.420980
-4.420980
-4.272439
-4.420980
-4.420980
-4.420980
-4.420980
-4.420980
-4.272439
-4.420980
-4.420980
-4.420980
-4.420980
-4.420980
-3.603673
-4.420980
-4.420980
-4.420980
-4.420980
-4.420980
-4.420980
-4.420980
-4.420980
-4.420980
-4.420980
-4.420980
-4.420980
-4.420980
-4.420980
-3.603673
-4.420980
-4.420980
-4.262475
-4.420980
-4.420980
-2.809565
-4.420980
-4.272439
-4.420980
-4.420980
-4.420980
-4.420980
-4.420980
-4.420980
-4.420980
-4.420980
-4.272439
-4.420980
-4.420980
-4.420980
-4.420980
-0.712982
-4.131667
-4.420980
-4.420980
-4.420980
-4.420980
-3.892985
-4.272439
-4.420980
-2.555574
-4.420980
-4.272439
-4.420980
-3.243054
-4.420980
-4.420980
-4.420980
-3.380426
-4.420980
-4.420980
-4.420980
-4.420980
-4.420980
-4.420980
-4.420980
-3.362825
-4.420980
-4.420980
-4.420980
-4.420980
-2.886092
-4.420980
-2.147067
-4.420980
-4.420980
-3.603673
-4.420980
-2.461083
-4.420980
-4.420980
-4.272439
-4.420980
-4.420980
-3.603673
-4.420980
-4.420980
0.040655
-4.420980
-3.497624
-4.420980
-3.752214
-4.262475
-3.892985
-4.420980
-3.983126
-4.420980
-4.420980
-4.420980
-4.272439
-4.420980
-4.420980
-2.788972
-4.420980
-4.420980
-4.420980
-3.983126
-4.420980
-4.131667
-2.152838
-4.041527
-4.420980
-3.892985
-4.262475
-4.420980
-4.420980
-4.041527
-4.420980
-4.420980
-3.983126
-4.420980
-4.420980
-4.420980
-4.420980
-4.420980
-4.420980
-4.420980
-3.603673
-4.420980
-4.420980
-4.420980
-4.420980
-4.272439
-4.420980
-4.420980
-4.420980
-4.420980
-1.821011
-4.420980
0.386434
-2.997846
-4.420980
-4.041527
-4.420980
-2.566268
-4.420980
-3.643760
-4.420980
-4.420980
-3.752214
-4.420980
-4.420980
-4.420980
-4.420980
-4.420980
-3.482316
-4.420980
-4.420980
-4.420980
-2.312147
-3.892985
-4.420980
-3.174289
-4.420980
-4.420980
-4.420980
-4.420980
-4.180492
-4.420980
-4.420980
-4.420980
-4.420980
-4.420980
-4.420980
-2.167009
-3.376954
-4.420980
-4.420980
-2.129618
-4.420980
-4.420980
-4.041527
-4.420980
-4.420980
-3.752214
-4.420980
-4.041527
-4.420980
-4.131667
-4.420980
-4.420980
-4.420980
-4.420980
-4.041527
-2.022781
-4.420980
-4.420980
-4.420980
-4.420980
-3.643760
-3.398388
-4.420980
-4.420980
-4.420980
-4.420980
-3.152913
-4.272439
-4.420980
-4.420980
-4.189971
-2.691601
-4.420980
-4.420980
-4.420980
-4.420980
-4.021986
-4.420980
-4.420980
-4.420980
-4.420980
-3.221921
-4.420980
-4.420980
-4.420980
-4.420980
-3.818280
-4.420980
-4.420980
-4.420980
-4.420980
-4.262475
-4.420980
-4.420980
-4.420980
-4.420980
-4.420980
-3.373861
-4.420980
-2.945983
-4.420980
-3.331836
-3.883022
-4.420980
-4.420980
-4.420980
-4.420980
-4.420980
-4.420980
-4.420980
-4.048340
-0.522728
-4.420980
-4.420980
-4.420980
-4.420980
-3.892985
-0.361954
-4.420980
-4.420980
-2.743985
-4.420980
-4.045720
-4.420980
-4.420980
-4.420980
-4.420980
-4.272439
-4.420980
-4.420980
-4.272439
-3.752214
-3.603673
-3.237863
-4.420980
-4.420980
-4.420980
-4.041527
-4.420980
-4.420980
-4.420980
-3.603673
-3.380426
-4.420980
-4.420980
-4.262475
-3.752214
-4.420980
-4.420980
-4.041527
-4.420980
-4.420980
-4.420980
-4.420980
-4.420980
-4.420980
-4.420980
-4.420980
-2.677227
-4.420980
-4.420980
-4.420980
-4.420980
-4.131667
-4.420980
-3.268500
-3.171669
-4.420980
-4.272439
-4.420980
-4.420980
-4.420980
-4.420980
-4.420980
-4.272439
-4.420980
-1.497652
-4.420980
-3.802265
-4.420980
-3.394695
-4.420980
-4.420980
0.495575
-4.420980
-4.420980
-4.420980
-4.189971
-4.420980
-2.838898
-4.262475
-4.041527
-4.420980
-4.041527
-3.983126
-4.420980
-4.420980
-4.420980
-3.546832
-3.752214
-4.420980
-3.495218
-4.420980
-4.420980
-2.595027
-4.420980
-4.420980
-4.420980
-2.180111
-4.420980
-4.420980
-4.041527
-4.420980
-4.272439
-1.143827
-4.420980
-4.420980
-4.420980
-4.420980
-4.420980
-4.420980
-4.420980
-4.420980
-4.420980
-4.420980
-4.420980
-4.420980
-4.420980
-2.451192
-4.420980
-4.420980
-4.420980
-4.420980
-4.420980
-4.420980
-4.420980
-4.420980
-4.041527
-4.420980
-4.420980
-4.420980
-4.420980
-4.420980
-4.420980
-3.427005
-4.420980
-4.420980
-4.420980
-4.041527
-1.577277
-4.420980
-4.420980
-4.420980
-3.983126
-4.420980
-1.512066
-4.420980
-4.420980
-4.420980
-2.906910
-4.420980
-4.420980
-4.420980
-3.593709
-4.420980
-4.420980
-4.041527
-4.420980
-4.420980
-4.420980
-4.420980
-4.420980
-2.670735
-1.595820
-4.272439
-4.420980
-4.039228
-4.420980
-4.420980
-4.420980
-4.041527
-4.420980
-4.272439
-4.420980
-3.887215
-4.420980
-4.420980
-4.420980
-4.272439
-4.420980
-4.420980
-4.420980
-4.420980
-3.887215
-4.420980
-4.420980
-3.575676
-4.420980
-4.041527
-4.272439
-4.420980
-3.601735
-4.420980
-4.420980
-4.420980
-4.420980
-4.420980
-4.041527
-3.883022
-3.892985
-3.445167
-4.420980
-4.041527
-4.420980
-4.131667
-4.420980
-4.420980
-4.420980
-4.420980
-4.420980
-4.420980
-4.420980
-4.420980
-4.420980
-4.420980
1.811305
-0.877095
-3.983126
-4.420980
-4.420980
-4.420980
-4.420980
3.796500
-4.041527
-4.420980
-4.420980
-4.420980
-4.420980
-4.420980
-4.420980
-4.420980
-4.420980
-3.613123
-4.131667
-4.420980
-4.420980
-4.420980
-4.420980
-4.420980
-4.272439
-4.420980
-3.603673
-4.420980
-4.420980
-4.420980
-3.593709
-4.420980
-4.272439
-4.420980
-4.420980
-1.812805
-4.420980
3.432952
-4.420980
-4.420980
-3.887215
-4.041527
-4.262475
-4.420980
-1.698243
-4.420980
-4.420980
-4.420980
-4.131667
-4.041527
-4.420980
-4.420980
-4.420980
-4.420980
-4.420980
-4.420980
-4.041527
-3.892985
-4.420980
-4.420980
-4.420980
-4.420980
-4.420980
-3.752214
-2.444017
-4.420980
-4.420980
-4.420980
-4.420980
-4.272439
-4.420980
0.271263
-4.420980
-4.420980
-4.420980
-4.420980
-4.420980
-4.420980
-4.420980
-4.420980
-4.420980
-3.133499
-4.420980
-4.041527
-4.420980
-4.420980
-4.420980
-4.420980
-4.420980
-4.420980
-4.420980
-4.262475
-0.585250
-4.420980
-4.420980
-4.420980
-4.420980
-4.420980
-3.603673
-4.047870
-4.131667
-4.041527
-4.420980
-3.805232
-4.420980
-4.420980
-4.420980
-2.984958
-4.420980
-4.420980
-4.420980
-4.420980
-4.420980
-4.420980
-4.420980
-4.420980
-4.420980
-4.420980
-3.247827
-3.883022
-4.420980
-4.420980
-4.420980
-4.420980
-4.420980
-4.420980
-4.420980
-4.420980
-4.420980
-4.420980
-4.420980
-4.420980
-4.420980
-4.131667
-4.420980
-4.420980
-2.809964
-4.420980
-4.420980
-4.420980
-2.802447
-4.420980
-3.892985
-3.268500
-4.420980
-3.566778
-4.420980
-4.420980
-4.420980
-4.420980
-3.156352
-3.157415
-0.396148
-4.420980
-4.420980
-4.420980
-4.420980
-4.272439
-4.420980
-4.420980
-4.420980
-3.489520
-4.420980
-4.420980
-2.444017
-4.420980
-4.420980
-4.420980
-4.420980
-4.041527
-4.420980
-4.420980
-4.420980
-0.890953
-4.420980
-4.420980
-4.420980
-4.272439
-4.420980
-4.420980
-3.887215
-4.420980
-4.420980
-4.420980
-4.420980
-4.420980
-4.420980
-4.420980
-4.420980
-4.420980
-4.420980
-3.431941
-3.603673
-3.163881
-4.041527
-2.594724
-4.420980
-4.420980
-4.420980
-4.272439
-4.420980
-4.420980
-4.420980
-2.734169
-4.420980
-4.420980
-2.654327
-2.275267
-4.420980
-4.041527
-4.420980
-4.420980
-3.711289
-4.420980
-4.262475
-3.892985
-2.993653
-3.445167
-4.420980
-4.420980
-4.420980
-4.049192
-4.272439
-4.041527
-1.809666
-4.272439
-4.420980
-3.617316
-4.420980
-4.420980
-4.420980
-4.420980
-4.420980
-4.262475
-4.420980
-4.041527
-4.131667
-3.992576
-4.420980
-4.272439
-3.643760
-4.420980
3.345763
-4.420980
-4.420980
-4.420980
-4.420980
-4.420980
-2.751747
-4.420980
-4.272439
-3.802265
-4.420980
-4.420980
-1.538356
-4.262475
-3.892985
-4.420980
-4.041527
-3.268500
-4.420980
-4.420980
-4.420980
-4.420980
-4.420980
-4.420980
-4.420980
-4.420980
-4.420980
-4.420980
-4.420980
-4.420980
-0.696437
-4.420980
-4.272439
-3.603673
-4.420980
-3.752214
-3.892985
-3.883022
-4.420980
-4.272439
-4.420980
-4.420980
-4.420980
-4.420980
-4.420980
-4.420980
-4.420980
-3.892985
-4.420980
-3.983126
-4.262475
-4.262475
-3.380426
-2.974994
-4.041527
-4.420980
-4.041527
-3.199565
-4.131667
-4.420980
-4.420980
-4.420980
-4.420980
-3.883022
-2.983020
-4.420980
-4.420980
-4.420980
-3.603673
-3.052487
-4.420980
-4.420980
-4.420980
-4.420980
-3.992576
-2.997846
-4.420980
-4.420980
-4.420980
-4.420980
-4.420980
-3.810518
-4.420980
-4.420980
-4.420980
-4.420980
-4.420980
-4.420980
3.500139
-4.420980
-4.041527
-4.420980
-4.420980
-4.420980
-4.420980
-4.420980
-4.420980
-4.131667
-4.420980
-4.420980
-4.420980
-4.420980
-4.420980
-4.420980
-3.603673
-4.420980
-4.420980
-4.420980
-4.041527
-4.420980
-4.420980
-4.420980
-3.653724
-4.420980
-1.344318
-4.272439
-4.420980
-4.420980
-4.420980
-4.420980
-4.420980
-4.420980
-4.420980
-4.041527
-4.420980
2.485299
-4.420980
-3.771531
-4.420980
-2.893982
-4.420980
-4.420980
-4.420980
-4.420980
-4.420980
-4.420980
-4.420980
-4.021986
-4.420980
-4.420980
-2.846661
-4.420980
-4.420980
-4.420980
-4.420980
-4.420980
-4.420980
-4.272439
-4.420980
-4.420980
-2.478279
-4.420980
-4.420980
-4.420980
-4.420980
-4.420980
-4.041527
-4.420980
-4.420980
-4.420980
-4.420980
-4.420980
-4.420980
-4.420980
-3.892985
-2.428237
-0.690604
-4.420980
-4.420980
-4.420980
-4.420980
-4.420980
-4.420980
-4.420980
-4.041527
-4.420980
-4.420980
-4.420980
-1.638129
-4.420980
-4.420980
-1.203173
-1.111724
-3.983126
-4.420980
-4.420980
-4.262475
-4.420980
-4.420980
-4.420980
-4.272439
-4.420980
-4.420980
-4.420980
-4.420980
-4.420980
-4.272439
-4.420980
-4.420980
-4.420980
-3.752214
-4.420980
-4.420980
-1.826829
-4.420980
-4.420980
-3.214158
-4.420980
-4.420980
-4.420980
-4.272439
-4.420980
-4.420980
-4.420980
-4.420980
-4.420980
-4.420980
-4.420980
-4.420980
-4.420980
-4.420980
-4.420980
-2.997846
-4.420980
-4.420980
-4.420980
-4.420980
-4.420980
-4.420980
-4.272439
-3.734480
-4.420980
-4.420980
-4.420980
1.729014
-4.420980
-4.420980
-4.420980
-4.420980
-3.264307
-4.420980
-4.420980
-3.354447
-4.420980
-4.420980
-3.892985
-3.603673
-4.420980
-4.420980
-4.420980
-4.131667
-2.670735
-4.420980
-4.420980
-4.420980
-4.420980
-2.997846
-4.272439
-4.041527
-1.846677
-4.420980
-4.420980
-4.420980
-4.420980
-1.194521
-4.420980
-4.420980
-3.643760
-4.420980
-4.420980
-4.272439
-4.420980
-4.420980
-4.420980
-4.420980
-4.420980
-4.420980
-2.987565
-4.420980
-3.883022
-4.420980
-4.420980
-4.420980
-4.420980
-3.892985
-4.420980
-4.420980
-3.802265
-4.420980
-4.420980
-4.420980
-4.420980
-4.420980
-4.420980
-4.420980
-4.420980
-4.420980
-3.380426
-4.045720
-4.420980
-4.420980
-4.420980
-4.420980
-0.621641
-4.420980
-4.420980
-2.052020
-4.420980
-4.420980
-4.420980
-4.420980
-4.420980
-4.420980
-4.420980
-4.420980
-4.420980
-4.420980
-4.420980
-4.420980
-4.041527
-4.272439
-4.420980
-4.420980
-4.420980
-2.727948
-4.131667
-4.420980
-4.272439
-4.420980
-4.420980
-2.489777
-4.420980
-4.420980
-4.420980
-4.420980
-4.420980
-3.511233
-4.420980
-4.272439
-4.420980
-4.420980
-4.420980
-4.420980
-4.420980
-4.420980
-3.892985
-4.420980
-4.420980
-4.420980
-4.420980
-4.420980
-4.420980
-4.420980
-4.420980
-4.131667
-4.420980
-4.420980
-4.420980
-4.420980
-4.420980
-4.420980
-2.052020
-4.420980
-4.420980
-0.455041
-4.420980
-4.272439
-4.420980
-4.420980
-4.420980
-4.420980
-2.316121
-4.170834
-3.892985
-4.420980
-4.420980
-4.420980
-3.824620
-4.420980
-4.420980
-4.420980
-3.623087
-4.420980
-4.420980
-4.420980
-4.420980
2.189275
-4.420980
-3.643760
-4.420980
-4.420980
-4.420980
-1.147492
-4.420980
-4.041527
-4.420980
-4.420980
-4.420980
-4.420980
-4.420980
-4.420980
-4.420980
-4.420980
-4.420980
-4.420980
-4.272439
-4.420980
-4.420980
-4.420980
-4.420980
-2.974994
-4.420980
-4.420980
-4.420980
-4.420980
-4.420980
-3.892985
-4.420980
-4.420980
-4.420980
-4.420980
-3.892985
-4.131667
-4.420980
-4.420980
-4.420980
-4.420980
-4.420980
-3.918002
-4.420980
-2.451192
-4.420980
-4.420980
-4.420980
-4.420980
-4.420980
-3.869795
-4.420980
-4.420980
-4.420980
-3.892985
-3.574804
-4.420980
-4.420980
-4.420980
-4.420980
-4.420980
-4.420980
-4.420980
-4.420980
-4.420980
-4.420980
-4.420980
-4.420980
-4.420980
-4.420980
-2.772290
-4.420980
-2.113860
-4.420980
-4.420980
-4.420980
-4.420980
-4.420980
-4.420980
-4.420980
-3.883022
-4.420980
-4.420980
-4.420980
-4.420980
0.691915
-4.420980
-3.102765
-4.420980
-4.420980
-4.420980
-4.420980
-4.420980
-4.420980
-4.272439
-4.420980
-4.177827
-4.420980
-4.420980
-4.420980
-4.420980
-4.420980
-4.420980
-4.420980
-4.420980
-4.420980
-4.420980
-2.892518
-4.420980
-4.420980
-4.272439
-4.420980
-3.593709
-4.420980
-4.420980
