13509, 4442, 28580, 17223, 9484, 10658, 49770, 3577, 10416, 24952, 9646, 35299, 13106, 16950, 32373, 13499, 20692, 38357, 9188, 96459, 4262, 21226, 16941, 13375, 46570, 28681, 38760, 4070, 1834, 91605, 10395, 90539, 9205, 13187, 20645, 10568, 88231, 28549
Feature count is 38
Criterion1 result is ObjectIndex = 1589, Distance = -0.9072061091984127656129355131, Value = 0.5603731239345553902415769267
Boundary = -0.8496318613878073632519158821
-4.577685
-4.060757
-4.577685
-4.577685
-4.577685
-4.577685
-4.577685
-4.577685
-4.577685
-4.577685
-4.577685
-4.577685
-4.577685
-3.289717
-4.577685
-4.577685
-4.577685
-4.577685
-4.577685
-4.577685
-4.577685
-4.577685
-4.577685
-4.577685
-4.577685
-4.577685
-4.577685
-4.577685
-4.577685
-4.577685
-4.577685
-4.577685
-4.577685
-4.577685
-4.577685
-3.102819
-4.577685
-4.577685
-4.577685
-4.577685
-4.577685
-4.577685
-4.577685
-4.577685
-4.577685
-4.577685
-4.577685
-4.577685
-4.577685
-4.577685
-4.577685
-4.577685
-4.577685
-4.577685
-4.577685
-4.577685
-1.845708
-4.577685
-3.413233
-4.577685
-4.577685
-4.577685
-4.577685
-4.577685
-4.577685
-4.577685
-4.577685
-4.577685
-4.577685
-4.577685
-4.577685
-4.577685
-4.577685
-4.577685
-4.577685
-2.709745
-4.577685
-4.577685
-4.577685
-4.577685
-4.577685
-4.577685
-4.577685
-4.577685
-4.577685
3.743139
-4.577685
-4.577685
-4.577685
-4.577685
-4.577685
-4.577685
-4.577685
-4.577685
-4.577685
-4.577685
-4.577685
-4.577685
-4.577685
-4.577685
-4.577685
-4.577685
-1.133516
-4.577685
-4.577685
-4.577685
-4.577685
-4.247685
-4.577685
-4.577685
-4.261441
-4.577685
-4.577685
-4.577685
-4.577685
-4.577685
-4.577685
-4.577685
-4.577685
-4.577685
-4.577685
-4.577685
-4.577685
-4.577685
-4.577685
-4.577685
-4.577685
-4.577685
-4.577685
-4.577685
-4.577685
-4.577685
-4.577685
-4.577685
-4.391434
-4.577685
-3.581087
-4.577685
-4.577685
-4.577685
-4.577685
-3.148539
-4.577685
-4.577685
-4.577685
-3.781813
-4.577685
-4.577685
-4.247685
-4.577685
-4.577685
-4.577685
-4.577685
-4.577685
-4.577685
-4.577685
-4.577685
-4.577685
-3.611049
-4.577685
-4.577685
-4.577685
-4.372862
-4.577685
-4.577685
-4.577685
-4.577685
-4.577685
-4.577685
-4.577685
-4.577685
-4.577685
-4.577685
-4.577685
-4.577685
-4.577685
-4.577685
-4.577685
-4.577685
-4.577685
-4.577685
-4.577685
-4.577685
-4.577685
-4.577685
-4.577685
-4.577685
-4.577685
-4.577685
-4.577685
-4.577685
-4.577685
-4.577685
-4.577685
-4.077035
-4.577685
-4.577685
-4.577685
-4.577685
-4.577685
-4.577685
-4.577685
-4.577685
-4.577685
-4.577685
-4.577685
-4.577685
-4.577685
-4.577685
-4.577685
-4.577685
-4.577685
-4.577685
-4.577685
-4.577685
-4.577685
-4.577685
-4.577685
-4.577685
-4.577685
-4.577685
-4.577685
-4.391026
-4.577685
-3.483253
-4.577685
-4.577685
-4.577685
-4.577685
-3.665792
-4.577685
-4.577685
-4.577685
-4.261441
-4.577685
-4.577685
-4.577685
-4.577685
-4.184761
-4.328620
-4.577685
-4.577685
-4.577685
-4.577685
-4.577685
-4.577685
-4.577685
-4.577685
-4.577685
-4.577685
-4.577685
-0.937124
-4.577685
-4.577685
-4.577685
-4.577685
-4.577685
-4.390618
-4.577685
-4.577685
-4.577685
-4.577685
-4.577685
-4.577685
-4.577685
-4.577685
-4.577685
-4.577685
-4.577685
-4.577685
-4.577685
-4.577685
-4.577685
-4.577685
-4.577685
-4.577685
-4.261441
-4.577685
-4.577685
-4.577685
-4.577685
-4.577685
-4.577685
-4.577685
-4.261441
-4.577685
-4.577685
-4.577685
-2.802876
-4.577685
-4.577685
-4.577685
-4.577685
-4.577685
2.887996
-4.577685
-4.577685
-4.577685
-4.577685
-4.577685
-4.577685
-4.577685
-4.577685
-4.577685
-4.577685
-4.577685
-4.577685
-4.577685
-4.577685
-4.577685
-3.986636
-4.577685
-4.577685
-4.577685
-4.577685
-4.577685
0.431519
0.115528
-4.577685
-4.577685
-4.577685
-4.577685
-4.577685
-4.577685
-4.577685
-4.577685
-4.577685
-4.577685
-4.577685
-4.577685
-4.577685
-4.577685
-4.577685
-4.577685
-4.577685
-3.854084
-4.577685
-4.577685
-4.577685
-4.577685
-2.715782
-4.577685
-4.577685
-4.577685
-4.577685
-4.577685
-4.577685
-4.577685
-4.577685
-4.577685
-4.577685
-4.577685
-4.577685
-4.577685
-4.577685
-4.577685
-4.577685
-4.577685
-4.577685
-4.577685
-4.577685
-4.577685
-4.577685
-4.577685
-4.577685
-4.577685
-4.197559
-4.577685
-4.577685
-4.577685
-4.577685
-4.577685
-4.577685
-4.577685
-4.577685
-4.577685
-4.577685
-4.577685
1.598998
-4.577685
-4.577685
-4.577685
-4.391434
-4.577685
-4.577685
-4.577685
-4.577685
-4.577685
-4.577685
-4.577685
-4.577685
-4.577685
-4.577685
-4.577685
-4.577685
-4.577685
-4.577685
-4.577685
-4.577685
-4.577685
-4.577685
-4.577685
-4.577685
-4.577685
-4.577685
-4.577685
-4.577685
-4.577685
-4.577685
-4.577685
-4.577685
-4.577685
-4.577685
-4.577685
-4.577685
-4.577685
-3.310414
-4.577685
-4.577685
-4.577685
-4.247685
-4.577685
-4.577685
-4.577685
-4.577685
-4.577685
-4.577685
-4.577685
-4.577685
-4.577685
-4.577685
-4.577685
-4.577685
-4.577685
-4.577685
-4.577685
-4.577685
-4.577685
-1.394333
-2.813159
-4.577685
-4.577685
-4.577685
-4.577685
-4.577685
-3.368430
-4.577685
1.372339
-4.577685
-4.577685
-4.577685
-4.577685
-4.577685
-4.577685
-4.577685
-4.577685
-4.577685
-4.577685
-4.577685
-0.493099
-4.577685
-4.577685
-4.577685
-4.577685
-3.769677
-4.577685
-4.577685
-4.577685
-4.577685
-4.577685
-4.577685
-4.577685
-4.577685
-4.577685
-4.346154
-4.577685
-4.577685
-4.577685
-4.577685
-3.684328
-4.184353
-4.577685
-4.577685
-4.577685
-4.577685
-4.577685
-4.577685
-4.577685
-4.577685
-4.577685
-4.577685
-4.577685
-4.577685
-4.577685
-4.577685
-4.111108
-3.237198
-3.030798
-4.577685
-4.577685
-4.577685
-4.577685
-4.577685
-4.577685
-4.577685
-4.577685
-4.577685
-4.577685
-4.577685
-2.780664
-4.390618
-4.577685
-4.577685
-4.577685
-4.577685
-4.141553
-4.577685
-4.577685
-4.577685
-4.577685
-4.577685
-4.577685
-4.577685
-4.577685
-4.577685
-4.577685
-4.577685
-4.577685
-4.577685
-4.577685
-4.577685
-4.577685
-4.577685
-4.577685
-4.577685
-4.577685
-4.577685
-4.577685
-4.577685
-4.577685
-4.577685
-4.577685
-4.577685
-4.374705
-4.577685
-4.577685
-4.577685
-4.577685
-4.577685
-4.577685
-4.577685
-4.333462
-4.577685
-4.577685
-4.577685
-4.577685
-4.577685
-4.577685
-4.577685
-3.304650
-4.577685
-4.577685
-4.333462
-4.577685
-4.577685
-4.577685
-3.108861
2.920207
-4.577685
-4.577685
-4.577685
-4.577685
-4.577685
-4.577685
-4.577685
-4.577685
-4.577685
-4.577685
-4.577685
-4.577685
0.082172
-4.577685
-4.577685
-4.577685
-4.577685
-4.129679
-4.577685
-4.577685
-4.577685
-1.759331
-4.577685
-4.577685
-4.577685
-4.577685
-4.577685
-4.577685
-4.577685
-4.577685
-4.315931
-4.577685
-4.577685
-4.577685
-4.577685
-4.577685
-4.577685
-4.577685
-4.577685
-4.577685
-4.197559
-4.577685
-4.577685
-4.577685
-4.577685
-4.577685
-4.577685
1.109015
-4.577685
-4.577685
-4.577685
-4.577685
-4.577685
-4.577685
-4.577685
-4.577685
-4.577685
-4.577685
-4.577685
-4.121830
-4.577685
-4.577685
-4.577685
-4.577685
-4.577685
-4.577685
-4.577685
-4.577685
-4.371012
-4.577685
-4.577685
-4.577685
-4.577685
-4.577685
-4.577685
-4.577685
-1.557181
-4.577685
-4.577685
-4.577685
-4.577685
-4.577685
-4.577685
-4.577685
-4.577685
-4.577685
-4.577685
-4.577685
-4.577685
-4.577685
-4.577685
-4.577685
-4.577685
-4.577685
-4.577685
-4.577685
-4.577685
-4.577685
-4.577685
-4.577685
-4.577685
-4.577685
-4.577685
-4.577685
-4.577685
-4.577685
-4.577685
-4.577685
0.767843
-4.577685
-4.577685
-4.377001
-4.577685
-4.577685
-4.577685
-4.577685
-4.577685
-4.577685
-4.577685
-4.577685
-4.577685
-4.577685
-4.577685
-4.577685
-4.577685
-4.577685
-4.577685
-4.577685
-4.577685
-4.577685
-4.577685
-4.577685
-4.346154
-4.577685
-4.577685
-4.577685
-4.577685
-4.577685
-2.291346
-4.577685
-4.577685
-4.577685
-4.577685
-4.577685
-4.577685
-4.577685
-4.577685
-4.577685
-4.577685
-4.577685
-4.577685
-4.577685
-4.577685
-4.577685
-4.577685
-4.577685
-4.577685
-4.577685
-4.577685
-2.150454
-4.577685
-4.577685
-4.577685
-4.577685
-4.577685
-4.577685
-4.577685
-4.577685
-4.577685
-4.577685
-4.577685
-4.577685
-4.577685
-4.577685
-4.577685
-3.050404
-4.577685
-4.577685
-4.577685
-4.577685
-4.577685
-4.577685
-4.577685
-4.577685
-4.035179
-4.577685
-4.577685
-4.577685
-4.362610
-4.577685
-4.577685
-4.577685
-1.908418
-4.577685
-4.577685
-4.577685
-4.577685
-4.577685
-4.577685
-4.577685
-4.577685
-4.577685
-4.577685
-4.577685
-4.577685
-3.862054
-4.577685
-4.577685
-4.577685
-4.577685
-4.577685
-4.577685
-3.953369
-4.577685
-4.577685
-4.577685
-4.577685
-4.577685
-4.577685
-4.577685
-4.577685
2.290414
-4.577685
-4.577685
-4.577685
-4.577685
-4.577685
-4.577685
-4.577685
-3.513003
-4.577685
-4.577685
-4.577685
-4.577685
-4.032610
-4.577685
-4.577685
-4.577685
-4.577685
-4.577685
-4.577685
-4.577685
-4.577685
0.244556
-4.577685
-4.577685
-4.577685
-4.577685
-4.577685
-4.577685
-4.577685
-4.577685
-4.577685
-4.377001
-4.577685
-4.577685
-4.577685
-4.577685
-4.577685
-4.577685
-4.577685
-4.577685
-4.577685
-4.577685
-4.577685
-4.577685
-4.577685
-4.577685
-4.577685
-4.577685
-4.577685
-4.577685
-4.577685
-2.957430
-4.577685
-4.577685
-4.577685
-4.577685
-3.065269
-4.577685
-4.577685
-4.577685
-4.577685
-4.577685
-4.577685
-4.577685
-4.577685
-4.577685
-4.577685
-3.335856
-4.577685
-4.577685
-4.577685
-4.577685
-4.577685
-4.577685
-2.937035
-4.577685
-4.577685
-4.577685
-4.577685
-4.577685
-4.577685
-4.577685
-4.577685
-4.577685
-4.577685
-4.577685
0.340791
-4.577685
-4.577685
-4.577685
-3.043037
-4.577685
-4.577685
-4.577685
-4.577685
-4.577685
-4.305833
-4.577685
-4.577685
-4.577685
-4.577685
-4.577685
-4.577685
-4.577685
-4.577685
-4.577685
-0.785565
-4.577685
-4.577685
-4.577685
-4.577685
-4.577685
-4.377001
-4.577685
-4.577685
-4.577685
-4.577685
-4.577685
-4.577685
-4.577685
-4.577685
-4.577685
-4.391434
-4.577685
-4.577685
-4.577685
-4.577685
-4.577685
-4.577685
-4.577685
-4.577685
-4.577685
-3.783656
-4.577685
-4.577685
-4.577685
-4.577685
-4.577685
-4.577685
-4.577685
-4.577685
-4.577685
-4.577685
-4.577685
-4.577685
-4.577685
-4.577685
-4.577685
-4.577685
-4.577685
-1.454828
-4.577685
-4.577685
-3.781813
-4.577685
-4.577685
-4.577685
-4.577685
-4.577685
-4.577685
-4.577685
-4.577685
-4.292456
-4.577685
-4.577685
-4.577685
-4.577685
-4.372862
-3.624625
-4.577685
-4.577685
-4.261441
-4.577685
-4.577685
-4.577685
-4.577685
-4.577685
-4.577685
-4.577685
-4.577685
-4.577685
-4.577685
-4.577685
-4.577685
-4.577685
-4.577685
-4.577685
-4.577685
-4.577685
-4.577685
-4.577685
-4.577685
-4.577685
-4.577685
-4.577685
-4.577685
-4.577685
-4.577685
-4.577685
-4.577685
-4.577685
-4.577685
-4.577685
-4.577685
-4.577685
-4.577685
-4.577685
-4.577685
-4.577685
-3.739853
-4.577685
-4.577685
-4.577685
-4.577685
-4.577685
-4.577685
-4.577685
-4.261441
-4.577685
-4.577685
-4.577685
-4.577685
-4.577685
-4.577685
-4.577685
-4.577685
-4.577685
-1.692585
-4.577685
-4.315931
-4.577685
-3.779963
-4.577685
-4.577685
2.565850
-4.577685
-4.577685
-4.577685
-4.577685
-4.577685
-4.577685
-4.577685
-3.785951
-4.577685
-4.577685
-4.577685
-4.577685
-4.577685
-4.577685
-3.999687
-4.577685
-4.577685
-4.577685
-4.577685
-4.577685
-4.338789
-4.577685
-4.577685
-4.577685
-4.365425
-4.577685
-4.577685
-4.577685
-4.577685
-4.261441
0.351680
-4.577685
-4.577685
-4.577685
-4.577685
-4.577685
-4.577685
-4.577685
-4.577685
-4.577685
-4.577685
-4.577685
-4.577685
-4.577685
-4.577685
-4.577685
-4.577685
-4.577685
-4.577685
-4.577685
-4.577685
-4.577685
-4.577685
-4.247685
-4.577685
-4.577685
-4.577685
-4.577685
-4.577685
-4.577685
-4.577685
-4.577685
-4.577685
-4.577685
-4.577685
-2.309438
-4.577685
-4.577685
-4.577685
-4.577685
-4.577685
-4.035425
-4.577685
-4.577685
-4.577685
-2.819000
-4.577685
-4.577685
-4.577685
1.981445
-4.577685
-4.577685
-4.577685
-4.577685
-4.577685
-4.577685
-4.577685
-4.577685
-4.377001
0.328133
-4.577685
-4.577685
-4.577685
-4.577685
-4.577685
-4.577685
-4.577685
-4.577685
-4.577685
-4.577685
-4.577685
-4.577685
-4.577685
-4.577685
-4.577685
-4.577685
-4.577685
-4.577685
-4.577685
-4.577685
-4.577685
-4.577685
-4.577685
-4.577685
-4.577685
-4.577685
-4.577685
-4.577685
-4.577685
-4.577685
-4.577685
-4.577685
-4.577685
-4.577685
-4.577685
-4.577685
-4.577685
-4.577685
-4.016154
-4.577685
-4.577685
-4.577685
-4.577685
-4.577685
-4.577685
-4.577685
-4.577685
-4.577685
-4.577685
-4.577685
-4.577685
0.767145
-4.577685
-4.577685
-4.577685
-4.577685
-4.577685
-4.577685
1.784818
-4.577685
-4.577685
-4.577685
-4.577685
-4.577685
-4.577685
-4.577685
-4.577685
-4.577685
-4.577685
-4.577685
-4.577685
-4.577685
-4.577685
-4.577685
-4.577685
-4.577685
-4.577685
-4.577685
-4.577685
-4.577685
-4.577685
-4.197559
-4.577685
-4.577685
-4.577685
-4.577685
-3.683070
-4.577685
1.695285
-4.577685
-4.577685
-4.577685
-4.577685
-4.577685
-4.577685
-2.687155
-4.577685
-4.577685
-4.577685
-4.577685
-4.577685
-4.577685
-4.577685
-4.577685
-4.577685
-4.577685
-4.577685
-4.577685
-3.193932
-4.577685
-4.577685
-4.577685
-4.577685
-4.577685
-4.362610
-4.261441
-4.577685
-4.577685
-4.577685
-4.577685
-4.577685
-4.577685
0.113711
-4.577685
-4.577685
-4.577685
-4.577685
-4.577685
-4.577685
-4.577685
-4.577685
-4.577685
-3.171394
-4.577685
-4.577685
-4.577685
-4.577685
-4.577685
-4.577685
-4.577685
-4.577685
-4.577685
-4.577685
0.384156
-4.577685
-4.577685
-4.577685
-4.577685
-4.577685
-3.699910
-3.696315
-4.577685
-4.577685
-4.577685
-4.577685
-4.577685
-4.577685
-4.577685
-3.745366
-4.577685
-4.577685
-4.577685
-4.577685
-4.577685
-4.577685
-4.577685
-4.577685
-4.577685
-4.577685
-4.132778
-4.577685
-4.577685
-4.577685
-4.577685
-4.577685
-4.577685
-4.577685
-4.577685
-4.577685
-4.577685
-4.577685
-4.577685
-4.577685
-4.577685
-4.577685
-4.577685
-4.577685
-2.283875
-4.577685
-4.577685
-4.577685
-4.178766
-4.577685
-4.577685
-4.577685
-4.577685
3.657584
-4.577685
-4.577685
-4.577685
-4.577685
-4.577685
-4.365425
1.660638
-4.577685
-4.577685
-4.577685
-4.577685
-4.577685
-4.577685
-4.577685
-4.577685
-4.132116
-4.577685
-4.577685
-4.577685
-4.577685
-4.577685
-4.577685
-4.577685
-4.577685
-4.577685
-4.577685
-4.577685
-1.174199
-4.577685
-4.577685
-4.577685
-4.577685
-4.577685
-4.577685
-4.577685
-4.577685
-4.577685
-4.577685
-4.577685
-4.577685
-4.577685
-4.577685
-4.577685
-4.577685
-4.577685
-4.371012
-4.577685
-3.571246
-4.577685
-3.600914
-4.577685
-4.577685
-4.577685
-4.577685
-4.577685
-4.577685
-4.577685
-0.332157
-4.577685
-4.577685
-3.751084
-4.389393
-4.577685
-4.577685
-4.577685
-4.577685
-4.577685
-4.577685
-4.577685
-4.577685
-4.577685
-4.577685
-4.577685
-4.577685
-4.577685
-4.577685
-4.577685
-4.577685
0.286454
-4.577685
-4.577685
-4.577685
-4.577685
-4.577685
-4.577685
-4.577685
-4.577685
-4.577685
-4.577685
-4.577685
-4.577685
-4.577685
-4.577685
-4.577685
-4.577685
-4.577685
-0.721071
-4.577685
-4.577685
-4.577685
-4.577685
-4.577685
-3.296044
-4.577685
-4.577685
-4.577685
-4.577685
-4.577685
-4.333462
-4.577685
-4.577685
-4.577685
-4.577685
-4.577685
-4.577685
-4.577685
-4.577685
-4.577685
-4.577685
-3.417740
-4.577685
-4.577685
-4.577685
-4.577685
-4.577685
-4.577685
2.901516
-4.577685
-4.577685
-4.577685
-4.577685
-4.577685
-4.577685
-4.577685
-4.577685
-4.577685
-4.577685
-4.577685
-4.577685
-4.577685
-4.577685
-4.577685
-4.577685
-4.577685
-4.577685
-4.577685
-4.577685
-4.577685
-3.121873
-4.374705
-4.577685
-4.577685
-4.170328
-3.769159
-4.577685
-4.577685
-4.577685
-4.577685
-4.577685
-4.577685
-4.390618
-4.577685
-4.577685
-4.577685
-4.577685
-2.932192
-4.577685
-4.577685
-4.577685
-4.577685
-4.577685
-4.577685
-4.577685
-4.577685
-4.577685
-4.577685
-4.577685
-4.577685
-4.577685
-4.577685
-4.577685
-4.577685
-4.577685
-4.577685
-0.213895
-4.577685
-4.577685
-4.577685
-4.577685
-4.577685
-4.577685
-4.577685
-4.577685
-4.577685
-4.577685
-4.577685
-4.577685
-4.577685
-4.577685
-4.577685
-4.577685
-4.577685
-4.577685
-4.577685
-4.577685
-4.577685
-4.577685
-4.577685
-4.577685
-4.577685
-0.790780
-4.577685
-4.577685
-4.577685
-4.577685
-4.577685
-4.577685
-4.577685
-4.577685
-4.577685
-4.577685
2.776870
-4.577685
-4.577685
-4.577685
-2.686594
-4.577685
-4.577685
-4.577685
-4.577685
-4.577685
-4.577685
-4.577685
-4.577685
-4.577685
-4.577685
-4.577685
-4.577685
-4.577685
-4.577685
-4.577685
-4.577685
-4.577685
-4.577685
-4.577685
-4.577685
-4.577685
-4.577685
-4.577685
-4.577685
-4.577685
-4.577685
-4.577685
-4.577685
-4.577685
-4.577685
-4.577685
-4.577685
-4.577685
-4.577685
-4.577685
-2.653249
2.168930
-4.577685
-4.577685
-4.577685
-4.577685
-4.577685
-4.577685
-4.577685
-4.577685
-4.577685
-4.577685
-4.577685
-0.990125
-4.577685
-4.577685
-0.907206
-4.577685
-4.577685
-4.577685
-4.577685
-4.577685
-4.577685
-4.577685
-4.577685
-4.577685
-4.577685
-4.577685
-4.577685
-4.577685
-4.577685
-4.577685
-4.577685
-4.577685
-4.577685
-4.307031
-4.577685
-4.577685
-1.806501
-4.577685
-4.577685
-4.577685
-4.577685
-4.577685
-4.577685
-4.577685
-4.577685
-4.577685
-4.577685
-4.577685
-4.577685
-4.577685
-4.577685
-4.577685
-4.577685
-4.577685
-4.577685
-4.577685
-4.577685
-4.577685
-4.577685
-4.577685
-4.577685
-4.577685
-4.577685
-4.577685
-4.577685
-4.577685
-4.577685
1.149636
-4.577685
-4.577685
-4.577685
-4.577685
-3.664350
-4.577685
-4.577685
-4.372862
-4.577685
-4.577685
-4.577685
-4.372862
-4.577685
-4.577685
-4.577685
-4.577685
-3.986636
-4.577685
-4.577685
-4.577685
-4.577685
-4.577685
-4.577685
-4.372862
0.157140
-4.577685
-4.577685
-4.577685
-4.577685
-4.371012
-4.577685
-4.577685
-4.577685
-4.577685
-4.577685
-4.577685
-4.577685
-4.577685
-4.577685
-4.577685
-4.577685
-4.577685
-4.577685
-4.577685
-4.577685
-4.577685
-4.577685
-3.670392
-4.577685
-4.307031
-4.577685
-4.577685
-4.577685
-4.577685
-4.577685
-4.577685
-4.577685
-4.577685
-4.577685
-4.577685
-4.577685
-4.577685
-4.577685
-4.577685
-4.577685
-4.577685
-4.577685
-4.577685
0.327862
-4.577685
-4.577685
-2.637994
-4.577685
-4.577685
-4.577685
-4.577685
-4.577685
-4.577685
-4.577685
-4.577685
-4.577685
-4.577685
-4.577685
-4.577685
-4.577685
-4.577685
-4.577685
-4.577685
-4.577685
-4.577685
-4.577685
-4.577685
-4.577685
-4.577685
-4.577685
-4.577685
-4.577685
-4.577685
-4.577685
-4.577685
-4.577685
-4.577685
-4.577685
-4.577685
-4.577685
-4.577685
-4.577685
-4.577685
-4.577685
-4.577685
-4.577685
-4.577685
-4.577685
-4.577685
-4.577685
-4.577685
-4.577685
-4.577685
-4.577685
-4.577685
-4.577685
-4.577685
-4.577685
-4.577685
-4.577685
-4.577685
-4.577685
-4.577685
-4.577685
-4.577685
-4.577685
-4.577685
-4.577685
-4.577685
-4.577685
-4.577685
-3.409295
-3.620812
-4.577685
-4.577685
-4.577685
-4.577685
-3.906278
-4.577685
-4.577685
-4.577685
-3.722727
-4.577685
-4.577685
-4.577685
-4.577685
-0.792058
-4.577685
-4.577685
-4.577685
-4.577685
-4.577685
-0.772047
-4.577685
-4.577685
-4.577685
-4.577685
-4.577685
-4.577685
-4.577685
-4.577685
-4.577685
-4.577685
-4.577685
-4.577685
-4.577685
-4.577685
-4.577685
-4.577685
-4.577685
-4.168032
-4.577685
-4.577685
-4.577685
-4.577685
-4.577685
-4.577685
-4.577685
-4.577685
-4.577685
-4.577685
-4.577685
-4.305833
-4.577685
-4.577685
-4.577685
-4.577685
-4.577685
-3.149773
-4.577685
-4.577685
-4.577685
-4.577685
-4.577685
-4.577685
-4.577685
-4.577685
-4.577685
-4.577685
-4.577685
-4.577685
-2.756887
-4.577685
-4.577685
-4.577685
-4.577685
-4.577685
-4.577685
-4.577685
-4.577685
-4.577685
-4.577685
-4.577685
-4.577685
-4.577685
-4.577685
0.133522
-4.577685
-4.577685
-4.577685
-4.577685
-4.577685
-4.577685
-4.577685
-4.577685
-4.577685
-4.577685
-4.577685
-4.577685
-4.577685
-4.577685
-4.577685
-4.577685
-4.577685
-4.577685
-4.577685
-4.577685
-4.577685
-4.577685
-4.577685
-4.577685
-4.577685
-4.338789
-4.577685
-4.577685
-4.577685
-4.577685
-4.577685
-4.577685
-4.577685
-4.577685
-4.577685
-4.577685
-4.577685
-4.577685
-4.577685
-4.577685
-4.577685
-4.247685
-4.577685
-4.577685
