11649, 9351, 51475, 77310, 77451, 79740, 16688, 73809, 47011, 68352, 37020, 55328, 7299, 25418
Feature count is 14
Criterion1 result is ObjectIndex = 1460, Distance = -1.6946409849150866113186880210, Value = 0.6265957120625360270782361531
Boundary = -1.6852795973032982003510360874
-1.512742
-1.671251
-1.884447
-1.884447
-1.884447
-1.884447
-1.884447
-1.884447
-1.884447
-1.884447
-1.884447
-1.884447
-1.884447
-0.841815
-1.884447
-1.884447
-1.884447
-1.884447
-1.884447
-0.285868
-1.884447
-1.884447
-1.884447
-1.884447
-1.702548
-1.884447
-1.884447
-1.884447
-1.884447
-1.702548
-1.884447
-1.884447
-1.884447
-1.694641
-1.884447
-1.702548
-1.884447
-1.884447
-1.531647
-1.884447
-1.884447
-0.891809
-1.884447
-1.884447
-1.884447
-1.884447
-1.884447
-1.884447
-1.884447
-1.884447
-1.884447
-1.884447
-1.884447
-1.531647
-1.702548
-1.884447
-1.481861
-1.884447
0.480154
-0.886374
-1.884447
-1.702548
-1.884447
-1.884447
-1.884447
-1.884447
-1.884447
-1.884447
-1.884447
-1.884447
-1.884447
-1.884447
-1.884447
-1.884447
-1.713546
-1.702548
-1.884447
-1.884447
-1.884447
-1.263514
-1.884447
-1.884447
-1.884447
-1.884447
-1.884447
1.323118
-1.434415
-1.884447
-1.884447
-1.884447
-1.884447
-1.884447
-1.702548
-1.884447
-1.884447
-1.884447
-1.434415
-1.884447
-1.884447
-1.702548
-1.884447
-1.884447
-1.102738
-0.886374
-1.884447
-1.884447
-1.884447
-0.696568
-1.884447
-1.884447
-1.884447
-1.884447
-1.884447
-1.884447
-1.713546
-0.897372
-1.884447
-1.884447
-1.713546
-1.884447
-1.884447
-1.884447
-1.068273
-1.884447
-1.884447
-1.675918
-1.694641
-1.884447
-1.884447
-1.884447
-1.884447
-1.694641
-1.884447
-1.884447
-1.884447
-1.884447
-0.763109
-1.884447
-1.884447
-0.891809
-1.884447
-1.150029
-1.884447
-1.884447
-1.884447
-1.884447
-1.884447
-1.884447
-1.884447
-1.702548
-1.884447
-1.884447
-1.884447
-1.884447
-1.884447
-1.884447
-1.884447
-1.884447
-0.475674
-1.884447
-1.884447
-1.702548
-0.670914
-1.884447
-1.884447
-1.884447
-1.884447
-1.068273
-1.884447
-1.884447
-1.884447
-1.884447
-1.884447
-1.884447
-1.884447
-1.884447
-1.884447
-1.884447
-1.158344
-1.884447
-1.884447
-1.884447
-1.884447
-1.884447
-1.884447
-1.884447
-1.531647
-1.884447
-1.884447
-1.884447
-1.884447
-1.884447
-1.884447
-1.884447
-1.713546
-1.884447
-1.884447
-1.884447
-1.702548
-1.884447
-1.884447
-1.884447
-1.713546
-1.884447
-1.884447
-1.884447
-1.884447
-1.884447
-1.884447
-1.884447
-1.884447
-1.884447
-1.884447
-1.252515
-1.884447
-1.884447
-1.884447
-1.884447
-1.884447
-1.884447
-1.884447
-1.884447
-0.287830
-1.884447
-1.702548
-1.884447
-1.884447
-1.884447
-1.884447
-1.158344
-1.884447
-1.884447
-1.884447
-1.121154
-1.884447
-1.884447
-1.884447
-1.884447
-1.323118
-1.073123
-1.702548
-1.884447
-1.884447
-1.884447
-1.884447
-1.884447
-1.884447
-1.884447
-1.884447
-1.884447
-1.702548
-1.034890
-1.884447
-1.884447
-1.884447
-1.884447
-1.884447
0.614784
-1.884447
-1.884447
-1.884447
-1.884447
-1.884447
-1.884447
-1.884447
-1.884447
-1.884447
-0.488039
-1.702548
-1.884447
-0.194182
-1.884447
-1.884447
-1.884447
-1.884447
-1.884447
-1.291848
-1.884447
-1.884447
-1.884447
-1.884447
-1.884447
-1.884447
-1.884447
-1.702548
-1.884447
-1.884447
-1.713546
-1.702548
-1.884447
-1.884447
-1.884447
-1.884447
-1.884447
-0.173156
-1.884447
-1.884447
-1.884447
-1.884447
-1.884447
-1.884447
-1.884447
-1.884447
-1.884447
-1.884447
-1.884447
-1.884447
-1.884447
-1.884447
-1.884447
-1.884447
-1.884447
-1.531647
-1.884447
-1.884447
-1.884447
-0.710454
-1.109948
-1.702548
-1.884447
-1.884447
-1.884447
-1.884447
-1.884447
-1.702548
-1.884447
-1.702548
-1.884447
-1.884447
-1.702548
-1.884447
-1.884447
-1.884447
-1.884447
-1.884447
-1.884447
-1.884447
-1.884447
-1.884447
-1.884447
-0.411025
-1.884447
-1.884447
-1.884447
-1.884447
-1.884447
-1.702548
-1.884447
-1.884447
-1.884447
-1.884447
-1.884447
-1.884447
-1.884447
-1.884447
-1.884447
-1.884447
-1.884447
-1.884447
-1.884447
-1.884447
-1.884447
-1.884447
-1.884447
-1.884447
-1.310960
-1.702548
-1.884447
-1.884447
-1.694641
-1.884447
-1.884447
-1.884447
-1.884447
-1.884447
-1.884447
-1.884447
-1.713546
-0.189232
-1.884447
-1.884447
-1.884447
-0.939048
-1.884447
-1.884447
-1.884447
-1.884447
-1.884447
-1.884447
-0.525667
-1.884447
-1.884447
-1.884447
-1.884447
-1.884447
-1.884447
-1.884447
-1.884447
-1.884447
-1.291848
-1.884447
-1.884447
-1.884447
-1.252515
-1.884447
-1.884447
-1.884447
-1.884447
-1.884447
-0.393842
-1.884447
-1.884447
-1.884447
-1.884447
-1.884447
-1.884447
-1.109948
-1.702548
-1.884447
-1.884447
-1.023922
-1.884447
-1.884447
-1.884447
-1.884447
-1.884447
-1.884447
-1.884447
-1.884447
-1.884447
-1.884447
-1.884447
-1.884447
-1.884447
-1.884447
-1.884447
-1.884447
-1.884447
1.506637
-1.071161
-1.884447
-1.884447
-1.884447
-1.884447
-1.884447
-1.434415
-1.884447
0.316137
-1.884447
-1.884447
-1.884447
-1.884447
-1.884447
-1.884447
-1.884447
-1.884447
-1.434415
-1.884447
-1.884447
-0.475674
-1.884447
-1.884447
-1.434415
-1.884447
-0.304773
-1.884447
-1.884447
-1.884447
-1.884447
-1.884447
-1.884447
-1.884447
-1.884447
-1.884447
-1.884447
-1.884447
-1.884447
-1.884447
-1.884447
-0.659916
0.066932
-1.884447
-1.884447
-1.884447
-1.884447
-1.884447
-1.675918
-1.884447
-1.291848
-1.884447
-1.884447
-1.884447
-1.884447
-1.884447
-1.884447
-1.081615
-1.071161
-1.255577
-1.884447
-1.884447
-1.884447
-1.884447
-1.884447
-1.884447
-1.884447
-1.884447
-1.884447
-1.884447
-1.884447
-1.279663
-1.363226
-1.884447
-1.884447
-1.884447
-1.884447
-0.477636
-1.884447
-1.884447
-1.884447
-1.884447
-1.884447
-1.702548
-1.434415
-1.884447
-1.884447
-1.884447
-1.884447
-1.884447
-1.884447
-1.884447
-1.884447
-1.884447
-1.884447
-1.884447
-1.884447
-1.884447
-1.884447
-1.884447
-1.884447
-1.884447
-1.884447
-1.884447
-1.884447
-1.713546
-1.884447
-1.884447
-1.252515
-1.884447
-0.707566
-1.884447
-1.884447
-0.842023
-1.225886
-1.531647
-1.884447
-1.884447
-1.884447
-1.884447
-1.884447
-0.224756
-1.884447
-1.884447
-1.434415
-1.702548
-1.884447
-1.884447
-1.292055
0.932045
-1.702548
-1.884447
-1.884447
-1.884447
-1.884447
-1.884447
-1.884447
-0.488039
-1.884447
-1.884447
-1.884447
-1.884447
0.168136
-1.884447
-1.663760
-1.884447
-1.884447
-1.884447
-1.884447
-1.531647
-1.884447
-0.212390
-1.884447
-1.884447
-1.884447
-1.702548
-1.702548
-1.884447
-1.671251
-1.884447
-1.713546
-1.884447
-1.702548
-1.884447
-1.884447
-1.884447
-1.884447
-1.884447
-1.884447
-1.884447
-1.481861
-1.884447
-1.884447
-1.884447
-1.884447
-1.884447
-1.884447
-1.675918
-1.884447
-1.884447
-1.884447
-1.884447
-1.884447
-1.884447
-1.884447
-1.884447
-1.884447
-1.884447
-0.009797
-0.285868
-1.702548
-1.884447
-1.884447
-1.884447
-1.884447
-1.702548
-1.884447
-1.884447
-1.291848
-1.884447
-1.291848
-1.884447
-1.884447
-1.884447
-1.884447
-1.702548
0.200914
-1.884447
-1.884447
-1.884447
-1.884447
-1.884447
-1.884447
-0.677845
-1.702548
-1.884447
-1.884447
-1.884447
-1.884447
-1.884447
-1.884447
-1.884447
-1.884447
-1.884447
-1.884447
-1.884447
-1.884447
-1.884447
-1.884447
-1.884447
-1.884447
-1.884447
-1.884447
-1.884447
-1.884447
-1.263514
-1.884447
-1.884447
0.287619
-1.884447
-1.713546
-0.889262
-1.884447
-1.884447
-1.884447
-1.884447
-1.884447
-1.884447
-1.884447
-1.702548
-1.884447
-1.884447
-1.884447
-1.884447
-1.884447
-1.884447
-1.702548
-1.884447
-1.884447
-1.884447
-1.884447
-1.884447
-1.694641
-1.884447
-1.884447
-1.884447
-1.884447
-1.884447
-1.292055
-1.884447
-1.884447
-1.884447
-1.884447
-1.884447
-1.884447
-1.884447
-1.884447
-1.884447
-1.884447
-1.884447
-1.884447
-1.884447
-1.884447
-1.884447
-1.884447
-1.884447
-1.884447
-1.884447
-1.884447
-0.241699
-1.884447
-1.702548
-1.884447
-1.884447
-1.884447
-1.884447
-1.884447
-1.884447
-1.884447
-1.884447
-1.702548
-1.884447
-1.884447
-1.884447
-1.884447
-0.738608
-1.884447
-1.884447
-1.884447
-1.884447
-1.884447
-1.884447
-1.884447
-1.884447
-1.434415
-1.884447
-1.702548
-1.884447
-1.291848
-1.884447
-1.884447
-1.884447
-0.699456
-1.884447
-1.884447
-1.884447
-1.884447
-1.884447
-1.884447
-1.884447
-0.841815
-1.884447
-1.884447
-1.884447
-1.884447
-0.883317
-1.884447
-1.043987
-1.702548
-1.884447
-1.702548
-1.884447
-0.352548
-1.884447
-1.884447
-1.884447
-1.884447
-1.884447
-1.884447
-1.884447
-1.884447
-1.601063
-1.884447
-0.475674
-1.884447
-1.884447
-1.884447
-1.702548
-1.884447
-1.702548
-1.884447
-1.884447
-1.884447
-1.702548
-1.884447
-1.884447
-0.488039
-1.884447
-1.884447
-1.884447
-1.702548
-1.884447
-1.884447
-0.296635
-1.884447
-1.884447
-1.702548
-1.884447
-1.884447
-1.884447
-1.702548
-1.884447
-1.884447
-1.292055
-1.884447
-1.884447
-1.884447
-1.884447
-1.884447
-1.884447
-1.884447
-1.702548
-1.884447
-1.884447
-1.884447
-1.884447
-1.884447
-1.884447
-1.884447
-1.884447
-1.884447
-0.525667
-1.884447
-0.304980
-1.434415
-1.884447
-1.713546
-1.884447
-0.462593
-1.884447
-1.434415
-1.884447
-1.884447
-1.884447
-1.884447
-1.884447
-1.884447
-1.884447
-1.884447
-1.310960
-1.884447
-1.884447
-1.884447
-1.263514
-1.702548
-1.884447
-0.352548
-1.884447
-1.884447
-1.884447
-1.884447
-1.884447
-1.884447
-1.884447
-1.884447
-1.884447
-1.884447
-1.884447
-1.102041
-1.486112
-1.884447
-1.884447
-1.713546
-1.884447
-1.884447
-1.884447
-1.884447
-1.884447
-1.884447
-1.884447
-1.884447
-1.434415
-1.884447
-1.884447
-1.884447
-1.884447
-1.884447
-1.884447
-0.475674
-1.884447
-1.884447
-1.884447
-1.884447
-1.068273
-1.884447
-1.884447
-1.884447
-1.884447
-1.884447
-1.884447
-1.884447
-1.884447
-1.884447
-1.884447
-1.675918
-1.884447
-1.884447
-1.884447
-1.884447
-1.068273
-1.884447
-1.884447
-1.884447
-1.884447
-1.884447
-1.884447
-1.884447
-1.884447
-1.884447
-1.884447
-1.884447
-1.884447
-1.884447
-1.884447
-1.884447
-1.884447
-1.884447
-1.884447
-1.702548
-1.884447
-1.263514
-1.884447
-0.841815
-1.884447
-1.884447
-1.291848
-1.884447
-1.884447
-1.884447
-1.884447
-1.884447
-1.884447
-1.884447
-1.434415
-0.004446
-1.884447
-1.884447
-1.884447
-1.884447
-0.939048
1.017370
-1.884447
-1.884447
-1.196577
-1.884447
-1.054985
-1.884447
-1.884447
-1.884447
-1.884447
-1.702548
-1.884447
-1.884447
-1.702548
-1.884447
-1.702548
-0.659916
-1.884447
-1.702548
-1.884447
-1.884447
-1.884447
-1.884447
-1.884447
-1.884447
-1.081615
-1.884447
-1.884447
-1.884447
-1.884447
-1.884447
-1.884447
-1.884447
-1.884447
-1.884447
-1.884447
-1.884447
-1.884447
-1.675918
-1.884447
-1.884447
-0.873086
-1.884447
-1.884447
-1.884447
-1.884447
-1.702548
-1.884447
-1.434415
-1.196577
-1.884447
-1.702548
-1.884447
-1.884447
-1.884447
-1.884447
-1.884447
-1.884447
-1.884447
0.492312
-1.884447
-1.713546
-1.884447
-0.841815
-1.884447
-1.884447
0.304073
-1.884447
-1.884447
-1.884447
-1.884447
-1.884447
-1.081615
-1.884447
-1.663760
-1.884447
-1.473954
-1.884447
-1.884447
-1.884447
-1.884447
-1.196577
-1.884447
-1.884447
-1.884447
-1.884447
-1.884447
-1.158344
-1.884447
-1.884447
-1.884447
-0.179721
-1.884447
-1.884447
-1.884447
-1.884447
-1.884447
-0.272509
-1.884447
-1.884447
-1.884447
-1.884447
-1.884447
-1.884447
-1.884447
-1.884447
-1.884447
-1.884447
-1.884447
-1.884447
-1.884447
-0.976445
-1.884447
-1.884447
-1.884447
-1.884447
-1.884447
-1.884447
-1.884447
-1.884447
-1.884447
-1.884447
-1.884447
-1.884447
-1.884447
-1.884447
-1.884447
-1.884447
-1.884447
-1.884447
-1.884447
-1.884447
-1.025677
-1.884447
-1.884447
-1.884447
-1.702548
-1.884447
0.476320
-1.884447
-1.884447
-1.884447
-1.608377
-1.884447
-1.884447
-1.884447
0.601604
-1.884447
-1.884447
-1.713546
-1.884447
-1.884447
-1.884447
-1.884447
-1.884447
-0.718361
0.197853
-1.884447
-1.884447
-1.884447
-1.884447
-1.884447
-1.884447
-1.884447
-1.884447
-1.702548
-1.884447
-1.675918
-1.473954
-1.884447
-1.884447
-1.694641
-1.884447
-1.884447
-1.884447
-1.884447
-1.884447
-1.884447
-1.884447
-1.505017
-1.884447
-1.884447
-1.884447
-1.884447
-1.434415
-1.884447
-1.884447
-1.884447
-1.884447
-1.884447
-1.884447
-1.884447
-1.884447
-1.702548
-1.884447
-1.481861
-1.884447
-1.884447
-1.884447
-1.884447
-1.884447
-1.884447
-1.884447
-1.884447
-1.884447
-1.884447
-1.884447
-1.884447
0.416044
-0.267145
-1.702548
-1.884447
-1.884447
-1.884447
-1.884447
0.333287
-1.702548
-1.884447
-1.884447
-1.884447
-1.884447
-1.884447
-1.884447
-1.884447
-1.884447
-1.341841
-1.884447
-1.884447
-1.884447
-1.884447
-1.884447
-1.884447
-1.702548
-1.884447
-1.884447
-1.884447
-1.884447
-1.884447
-1.291848
-1.884447
-1.884447
-1.884447
-1.884447
-1.694641
-1.884447
1.523740
-1.884447
-1.884447
-1.884447
-1.884447
-1.884447
-1.884447
-0.235225
-1.884447
-1.884447
-1.884447
-1.884447
-1.702548
-1.884447
-1.884447
-1.884447
-1.884447
-1.884447
-1.884447
-1.884447
-1.310960
-1.884447
-1.884447
-1.884447
-1.884447
-1.884447
-1.884447
0.275461
-1.884447
-1.884447
-1.884447
-1.884447
-1.884447
-1.884447
0.496148
-1.884447
-1.884447
-1.884447
-1.884447
-1.884447
-1.884447
-1.884447
-1.884447
-1.884447
-0.352548
-1.884447
-1.884447
-1.884447
-1.884447
-1.884447
-1.884447
-1.884447
-1.702548
-1.884447
-1.884447
0.287619
-1.884447
-1.884447
-1.884447
-1.884447
-1.884447
-1.702548
-1.481444
-1.884447
-1.884447
-1.884447
-1.434415
-1.884447
-1.884447
-1.884447
-1.015777
-1.884447
-1.884447
-1.884447
-1.884447
-1.884447
-1.884447
-1.884447
-1.884447
-1.884447
-1.884447
-1.213728
-1.884447
-1.884447
-1.884447
-1.884447
-1.884447
-1.884447
-1.884447
-1.884447
-1.884447
-1.884447
-1.884447
-1.884447
-1.884447
-1.884447
-1.884447
-1.884447
-1.884447
-1.120947
-1.884447
-1.884447
-1.884447
-1.074813
-1.884447
-1.702548
-1.434415
-1.884447
0.205760
-1.884447
-1.884447
-1.884447
-1.884447
-1.884447
-0.920507
-1.486112
-1.884447
-1.884447
-1.884447
-1.884447
-1.702548
-1.884447
-1.884447
-1.884447
-0.841815
-1.884447
-1.884447
-0.525667
-1.884447
-1.884447
-1.884447
-1.884447
-1.884447
-1.884447
-1.884447
-1.884447
0.287619
-1.884447
-1.884447
-1.884447
-1.702548
-1.884447
-1.884447
-1.081615
-1.884447
-1.884447
-1.884447
-1.884447
-1.884447
-1.884447
-1.884447
-1.884447
-1.884447
-1.884447
-1.341841
-0.204655
-0.718361
-1.694641
-0.489015
-1.884447
-1.884447
-1.884447
-1.884447
-1.884447
-1.884447
-1.884447
-0.931837
-1.884447
-1.884447
-0.653971
-0.854180
-1.884447
-1.884447
-1.884447
-1.884447
-1.884447
-1.884447
-1.884447
-1.702548
-1.434415
-1.702548
-1.884447
-1.884447
-1.884447
-1.702548
-1.884447
-1.884447
0.129110
-1.884447
-1.884447
-1.068273
-1.884447
-1.884447
-1.884447
-1.884447
-1.884447
-1.884447
-1.884447
-1.702548
-1.884447
-1.884447
-1.884447
-1.702548
-1.884447
-1.884447
1.695337
-1.884447
-1.884447
-1.884447
-1.884447
-1.884447
-0.670914
-1.884447
-1.884447
-1.884447
-1.884447
-1.884447
-1.341841
-1.884447
-1.884447
-1.884447
-1.884447
-1.434415
-1.884447
-1.884447
-1.884447
-1.884447
-1.884447
-1.663760
-1.884447
-1.884447
-1.884447
-1.884447
-1.884447
-1.884447
0.394973
-1.884447
-1.702548
-1.310960
-1.884447
-1.884447
-1.884447
-1.884447
-1.713546
-1.884447
-1.884447
-1.884447
-1.884447
-1.884447
-1.884447
-1.884447
-1.884447
-1.702548
-1.884447
-1.884447
-1.884447
-1.884447
-1.694641
-1.884447
-1.884447
-1.884447
-1.884447
-1.492860
-1.884447
-1.884447
-1.884447
-1.884447
-1.884447
-1.884447
-1.196577
-1.884447
-1.884447
-1.884447
-1.310960
-1.310960
-1.884447
-1.884447
-1.884447
-1.884447
-1.884447
-1.884447
-1.884447
-1.884447
-1.884447
-1.713546
-1.884447
-1.884447
-1.884447
-1.884447
-1.884447
-1.884447
-1.884447
-1.884447
1.212727
-1.884447
-1.884447
-1.884447
-1.884447
-1.884447
-1.884447
-1.884447
-1.884447
-1.702548
-1.884447
-1.884447
-1.884447
-1.884447
-1.884447
-1.884447
-1.702548
-1.884447
-1.884447
-1.884447
-1.702548
-1.884447
-1.884447
-1.884447
-1.702548
-1.884447
-1.608377
-1.702548
-1.884447
-1.884447
-1.884447
-1.884447
-1.884447
-1.884447
-1.884447
-1.884447
-1.884447
0.895475
-1.884447
-1.702548
-1.884447
-0.249423
-1.884447
-1.884447
-1.884447
-1.884447
-1.884447
-1.884447
-1.884447
-1.884447
-1.884447
-1.884447
-0.525667
-1.884447
-1.884447
-1.884447
-1.884447
-1.884447
-1.884447
-1.702548
-1.884447
-1.884447
-1.014678
-1.884447
-1.884447
-1.884447
-1.884447
-1.884447
-1.884447
-1.884447
-1.884447
-1.884447
-1.884447
-1.884447
-1.884447
-1.884447
-1.702548
-0.438812
0.371815
-1.884447
-1.884447
-1.884447
-1.884447
-1.884447
-1.884447
-1.884447
-1.884447
-1.884447
-1.884447
-1.884447
-1.068273
-1.884447
-1.884447
0.318917
0.613299
-1.702548
-1.884447
-1.884447
-1.884447
-1.884447
-1.884447
-1.884447
-1.884447
-1.884447
-1.884447
-1.884447
-1.884447
-1.884447
-1.884447
-1.884447
-1.884447
-1.884447
-1.884447
-1.884447
-1.884447
-1.071161
-1.884447
-1.884447
-1.014678
-1.884447
-1.884447
-1.884447
-1.884447
-1.884447
-1.884447
-1.884447
-1.884447
-1.884447
-1.884447
-1.884447
-1.884447
-1.884447
-1.884447
-1.884447
-1.505017
-1.884447
-1.884447
-1.884447
-1.884447
-1.884447
-1.884447
-1.702548
-1.702548
-1.884447
-1.884447
-1.884447
1.229461
-1.884447
-1.713546
-1.884447
-1.884447
-1.078651
-1.884447
-1.884447
-1.291848
-1.884447
-1.884447
-1.702548
-1.481861
-1.884447
-1.884447
-1.884447
-1.884447
-1.102041
-1.884447
-1.884447
-1.884447
-1.702548
-1.068273
-1.884447
-1.884447
-0.174157
-1.884447
-1.884447
-1.884447
-1.884447
0.947182
-1.884447
-1.884447
-1.884447
-1.884447
-1.884447
-1.702548
-1.884447
-1.884447
-1.884447
-1.884447
-1.884447
-1.884447
-1.434415
-1.884447
-1.884447
-1.884447
-1.884447
-1.884447
-1.884447
-1.702548
-1.884447
-1.884447
-1.884447
-1.884447
-1.884447
-1.884447
-1.884447
-1.884447
-1.884447
-1.884447
-1.884447
-1.884447
-1.702548
-0.707566
-1.884447
-1.884447
-1.884447
-1.884447
-0.847586
-1.884447
-1.884447
-0.528555
-1.884447
-1.884447
-1.884447
-1.884447
-1.884447
-1.884447
-1.884447
-1.884447
-1.884447
-1.884447
-1.884447
-1.884447
-1.884447
-1.531647
-1.884447
-1.884447
-1.884447
-0.878467
-1.702548
-1.884447
-1.702548
-1.884447
-1.884447
-1.062709
-1.884447
-1.884447
-1.884447
-1.884447
-1.884447
-1.702548
-1.884447
-1.884447
-1.884447
-1.884447
-1.884447
-1.884447
-1.884447
-1.884447
-1.291848
-1.884447
-1.884447
-1.884447
-1.884447
-1.884447
-1.884447
-1.884447
-1.884447
-1.702548
-1.884447
-1.884447
-1.884447
-1.884447
-1.884447
-1.884447
-1.531647
-1.884447
-1.884447
0.084732
-1.884447
-1.884447
-1.884447
-1.884447
-1.884447
-1.884447
-0.010187
-1.713546
-1.884447
-1.884447
-1.884447
-1.884447
-1.291848
-1.884447
-1.884447
-1.884447
-1.120947
-1.884447
-1.884447
-1.884447
-1.884447
1.671251
-1.884447
-1.884447
-1.884447
-1.884447
-1.884447
0.195493
-1.884447
-1.884447
-1.884447
-1.884447
-1.884447
-1.884447
-1.884447
-1.884447
-1.884447
-1.884447
-1.884447
-1.884447
-1.702548
-1.884447
-1.884447
-1.884447
-1.884447
-1.291848
-1.884447
-1.884447
-1.884447
-1.884447
-1.884447
-1.702548
-1.884447
-1.884447
-1.884447
-1.884447
-1.884447
-1.884447
-1.884447
-1.884447
-1.884447
-1.884447
-1.884447
-1.120947
-1.884447
-1.695747
-1.884447
-1.884447
-1.884447
-1.884447
-1.884447
-1.702548
-1.884447
-1.884447
-1.884447
-1.884447
-1.071161
-1.884447
-1.884447
-1.884447
-1.884447
-1.884447
-1.884447
-1.884447
-1.884447
-1.884447
-1.884447
-1.884447
-1.884447
-1.884447
-1.884447
-0.900260
-1.884447
-0.715473
-1.884447
-1.884447
-1.884447
-1.884447
-1.884447
-1.884447
-1.884447
-1.884447
-1.884447
-1.884447
-1.884447
-1.884447
0.360803
-1.884447
-0.525667
-1.884447
-1.884447
-1.884447
-1.884447
-1.884447
-1.884447
-1.884447
-1.884447
-1.291848
-1.884447
-1.884447
-1.884447
-1.884447
-1.884447
-1.884447
-1.884447
-1.884447
-1.884447
-1.884447
-1.884447
-1.884447
-1.884447
-1.702548
-1.884447
-1.884447
-1.884447
-1.884447
