38574, 16604, 21980, 50981, 11624, 12907, 18091, 3404, 24409
Feature count is 9
Criterion1 result is ObjectIndex = 239, Distance = -0.4053664534953823984705690906, Value = 0.5367480934733352696664802182
Boundary = -0.3608144892355829357571616147
-1.285950
-1.011089
-1.285950
-1.285950
-1.285950
-1.285950
-1.285950
-1.285950
-1.285950
-1.285950
-1.285950
-1.285950
-1.285950
-0.884498
-1.285950
-1.285950
-1.285950
-1.285950
-1.285950
-1.285950
-1.285950
-1.285950
-1.285950
-1.285950
-1.285950
-1.285950
-1.285950
-1.285950
-1.285950
-1.285950
-1.285950
-1.285950
-1.285950
-1.285950
-1.285950
-1.069935
-1.285950
-1.285950
-1.285950
-1.285950
-1.285950
-1.285950
-1.285950
-1.285950
-1.285950
-1.285950
-1.285950
-1.285950
-1.285950
-1.285950
-1.285950
-1.285950
-1.285950
-1.285950
-1.285950
-1.285950
-0.825652
-1.285950
-0.105871
-1.285950
-1.285950
-1.285950
-1.285950
-1.285950
-1.285950
-1.285950
-1.285950
-1.285950
-1.285950
-1.285950
-1.285950
-1.285950
-1.285950
-1.285950
-1.285950
-1.285950
-1.285950
-1.285950
-1.285950
-1.285950
-1.285950
-1.285950
-1.285950
-1.285950
-1.285950
1.285950
-1.285950
-1.285950
-1.285950
-1.285950
-1.285950
-1.285950
-1.285950
-1.285950
-1.285950
-1.285950
-1.285950
-1.285950
-1.285950
-1.285950
-1.285950
-1.285950
-0.755880
-1.285950
-1.285950
-1.285950
-1.285950
-1.285950
-1.285950
-1.285950
-1.285950
-1.285950
-1.285950
-1.285950
-1.285950
-1.285950
-1.285950
-1.285950
-1.285950
-1.285950
-1.285950
-1.285950
-1.285950
-1.285950
-1.285950
-1.285950
-1.285950
-1.285950
-1.285950
-1.285950
-1.285950
-1.285950
-1.285950
-1.285950
-1.285950
-1.285950
-0.501202
-1.285950
-1.285950
-1.285950
-1.285950
0.142653
-1.285950
-1.285950
-1.285950
-1.285950
-1.285950
-1.285950
-1.285950
-1.285950
-1.285950
-1.285950
-1.285950
-1.285950
-1.285950
-1.285950
-1.285950
-1.285950
-1.285950
-1.285950
-1.285950
-1.285950
-1.004404
-1.285950
-1.285950
-1.285950
-1.285950
-1.285950
-1.285950
-1.285950
-1.285950
-1.285950
-1.285950
-1.285950
-1.285950
-1.285950
-1.285950
-1.285950
-1.285950
-1.285950
-1.285950
-1.285950
-1.285950
-1.285950
-1.285950
-1.285950
-1.285950
-1.285950
-1.285950
-1.285950
-1.285950
-1.285950
-1.285950
-1.285950
-1.285950
-1.285950
-1.285950
-1.285950
-1.285950
-1.285950
-1.285950
-1.285950
-1.285950
-1.285950
-1.285950
-1.285950
-1.285950
-1.285950
-1.285950
-1.285950
-1.285950
-1.285950
-1.285950
-1.285950
-1.285950
-1.285950
-1.285950
-1.285950
-1.285950
-1.285950
-1.285950
-1.285950
-1.075559
-1.285950
-1.285950
-1.285950
-1.285950
-1.285950
-1.285950
-1.011089
-1.285950
-1.285950
-1.285950
-1.285950
-1.285950
-1.285950
-1.285950
-1.285950
-1.285950
-0.405366
-1.285950
-1.285950
-1.285950
-1.285950
-1.285950
-1.285950
-1.285950
-1.285950
-1.285950
-1.285950
-1.285950
-0.609636
-1.285950
-1.285950
-1.285950
-1.285950
-1.285950
0.213808
-1.285950
-1.285950
-1.285950
-1.285950
-1.285950
-1.285950
-1.285950
-1.285950
-1.285950
-1.285950
-1.285950
-1.285950
0.424199
-1.285950
-1.285950
-1.285950
-1.285950
-1.285950
-1.285950
-1.285950
-1.285950
-1.285950
-1.285950
-1.285950
-1.285950
-1.285950
-1.285950
-1.285950
-1.285950
-1.285950
-1.285950
-1.285950
-1.285950
-1.285950
-1.285950
-1.285950
1.100514
-1.285950
-1.285950
-1.285950
-1.285950
-1.285950
-1.285950
-1.285950
-1.285950
-1.285950
-1.285950
-1.285950
-1.285950
-1.285950
-1.285950
-1.285950
-1.285950
-1.285950
-1.285950
-1.285950
-1.285950
-1.285950
-1.069935
-1.100514
-1.285950
-1.285950
-1.285950
-1.285950
-1.285950
-1.285950
-1.285950
-1.285950
-1.285950
-1.285950
-1.285950
-1.285950
-1.285950
-1.285950
-1.285950
-1.285950
-1.285950
-1.285950
-1.285950
-1.285950
-1.285950
-1.285950
-0.219656
-1.285950
-1.285950
-1.285950
-1.285950
-1.285950
-1.285950
-1.285950
-1.285950
-1.285950
-1.285950
-1.285950
-1.285950
-1.285950
-1.285950
-1.285950
-1.285950
-1.285950
-1.285950
-1.285950
-1.285950
-1.285950
-1.285950
-1.285950
-1.285950
-1.285950
-1.285950
-1.285950
-1.285950
-1.285950
-1.285950
-1.285950
-1.285950
-1.285950
-1.285950
-1.285950
-1.285950
-1.285950
-0.040904
-1.285950
-1.285950
-1.285950
-1.285950
-1.285950
-1.285950
-1.285950
-1.285950
-1.285950
-1.285950
-1.285950
-1.285950
-1.285950
-1.285950
-1.285950
-1.285950
-1.285950
-1.285950
-1.285950
-1.285950
-1.285950
-1.285950
-1.285950
-1.285950
-1.285950
-1.285950
-1.285950
-1.285950
-1.285950
-1.285950
0.884498
-1.285950
-1.285950
-1.285950
-1.285950
-1.285950
-1.285950
-1.285950
-1.285950
-1.285950
-1.285950
-1.285950
-1.285950
-1.285950
-1.285950
-1.285950
-1.285950
-1.285950
-1.285950
-1.285950
-1.285950
-1.285950
-1.285950
-1.285950
-1.285950
-1.285950
-1.285950
-1.285950
-1.285950
0.450537
-1.285950
-1.285950
-1.285950
-1.285950
-1.285950
-1.285950
-1.285950
-1.285950
0.890122
-1.285950
-1.285950
-1.285950
-1.285950
-1.285950
-1.285950
-1.285950
-1.285950
-1.285950
-1.285950
-1.285950
-0.028595
-1.285950
-1.285950
-1.285950
-1.285950
-0.915077
-1.285950
-1.285950
-1.285950
-1.285950
-1.285950
-1.285950
-1.285950
-1.285950
-1.285950
-1.285950
-1.285950
-1.285950
-1.285950
-1.285950
-1.100514
-1.285950
-1.285950
-1.285950
-1.285950
-1.285950
-1.285950
-1.285950
-1.285950
-1.285950
-1.285950
-1.285950
-1.285950
-1.285950
-1.285950
-1.285950
-1.285950
-1.285950
-1.285950
-1.285950
-1.285950
-1.285950
-1.285950
-1.285950
-1.285950
-1.285950
-1.285950
-1.285950
-1.285950
-1.285950
-1.285950
-1.285950
-1.285950
-1.285950
-1.285950
-1.285950
-1.075559
-1.285950
-1.285950
-1.285950
-1.285950
-1.285950
-1.285950
-1.285950
-1.285950
-1.285950
-1.285950
-1.285950
-1.285950
-1.285950
-1.285950
-1.285950
-1.285950
-1.285950
-1.285950
-1.285950
-1.285950
-1.285950
-1.285950
-1.285950
-1.285950
-1.285950
-1.285950
-1.285950
-1.285950
-1.285950
-1.285950
-1.285950
-1.285950
-1.285950
-1.285950
-1.285950
-1.285950
-1.285950
-1.285950
-1.285950
-1.285950
-1.285950
-1.285950
-1.285950
-1.075559
-1.285950
-1.285950
-1.285950
-1.285950
-1.285950
-1.285950
-1.285950
0.890620
-1.285950
-1.285950
-1.285950
-1.285950
-1.285950
-1.285950
-1.285950
-1.285950
-1.285950
-1.285950
-1.285950
-1.285950
-1.285950
-1.285950
-1.285950
-1.285950
-1.285950
-1.285950
-1.285950
-1.285950
-1.285950
0.028868
-1.285950
-1.285950
-1.285950
-1.285950
-1.285950
-1.285950
-1.285950
-1.285950
-1.285950
-1.285950
-1.285950
-1.285950
-1.285950
-1.285950
-1.285950
-1.285950
-1.285950
-1.285950
-1.285950
-1.285950
-1.285950
-1.285950
-1.285950
-1.285950
-1.285950
0.360052
-1.285950
-1.285950
-1.285950
-1.285950
-1.285950
-1.285950
-1.285950
-1.285950
-1.285950
-1.285950
-1.285950
-1.285950
-1.285950
-1.285950
-1.285950
-1.285950
-1.285950
-1.285950
-1.285950
-1.285950
-1.285950
-1.285950
-1.285950
-1.285950
-1.285950
-1.285950
-1.285950
-1.285950
0.884498
-1.285950
-1.285950
-1.285950
-1.285950
-1.285950
-1.285950
-1.285950
-1.285950
-1.285950
-1.285950
-1.285950
-1.285950
-1.285950
-1.285950
-1.285950
-1.285950
-1.285950
-1.285950
-1.285950
-1.285950
-1.285950
-1.285950
-1.285950
-1.285950
-1.285950
-1.285950
-1.285950
-1.285950
-1.285950
-1.285950
-1.285950
-1.069935
-1.285950
-1.285950
-1.285950
-1.285950
-1.285950
-1.285950
-1.285950
-1.285950
-1.285950
-1.285950
-1.285950
-1.285950
-1.285950
-1.285950
-1.285950
-1.285950
-1.285950
-1.285950
-1.285950
-1.285950
-1.285950
-1.285950
-1.285950
-1.285950
-1.285950
-1.285950
-1.285950
-1.285950
-1.285950
-1.069935
-1.285950
-1.285950
-1.285950
-1.285950
-1.285950
-1.285950
-1.285950
-1.285950
-1.285950
-1.285950
-1.285950
-1.285950
-1.285950
-1.285950
-1.285950
-1.285950
-1.285950
-1.285950
-1.285950
-1.285950
-1.004404
-1.285950
-1.285950
-1.285950
-1.285950
-1.285950
-1.285950
-1.285950
-1.285950
-1.285950
-1.285950
-1.285950
-1.285950
-1.285950
-1.285950
-1.285950
0.142653
-1.285950
-1.285950
-1.285950
-1.285950
-1.285950
-1.285950
-1.285950
-1.285950
-1.100514
-1.285950
-1.285950
-1.285950
-1.285950
-1.285950
-1.285950
-1.285950
-1.100514
-1.285950
-1.285950
-1.285950
-1.285950
-1.285950
-1.285950
-1.285950
-1.285950
-1.285950
-1.285950
-1.285950
-1.285950
-0.827035
-1.285950
-1.285950
-1.285950
-1.285950
-1.285950
-1.285950
-1.285950
-1.285950
-1.285950
-1.285950
-1.285950
-1.285950
-1.285950
-1.285950
-1.285950
-1.285950
-1.285950
-1.285950
-1.285950
-1.285950
-1.285950
-1.285950
-1.285950
-1.285950
-1.285950
-1.285950
-1.285950
-1.285950
-1.285950
-1.285950
-1.285950
-1.285950
-1.285950
-1.285950
-1.285950
-1.285950
-1.285950
-1.011089
-1.285950
-1.285950
-1.285950
-1.285950
-1.285950
-1.285950
-1.285950
-1.285950
-1.285950
-1.285950
-1.285950
-1.285950
-1.285950
-1.285950
-1.285950
-1.285950
-1.285950
-1.285950
-1.285950
-1.285950
-1.285950
-1.285950
-1.285950
-1.285950
-1.285950
-1.285950
-1.285950
-1.285950
-1.285950
-1.285950
-1.285950
-1.285950
-1.285950
-1.285950
-1.011089
-1.285950
-1.285950
-1.285950
-1.285950
-1.285950
-1.285950
-1.285950
-1.285950
-1.285950
-1.285950
-1.285950
-1.285950
-1.285950
-1.285950
-1.285950
-1.285950
-1.285950
-1.285950
-1.285950
-1.285950
-1.285950
-1.285950
-1.285950
-1.285950
-1.285950
-1.285950
-1.285950
-1.285950
-1.285950
-0.884498
-1.285950
-1.285950
-1.285950
-1.285950
-1.285950
-1.285950
-1.285950
-1.285950
-1.285950
-1.285950
-1.285950
-1.285950
-1.285950
-1.285950
-1.285950
-1.285950
-1.285950
-1.285950
-1.285950
-1.285950
-1.285950
-1.285950
-1.285950
-1.285950
-1.285950
-1.285950
-1.285950
-1.285950
-1.285950
-1.285950
-1.285950
-1.285950
-1.285950
-1.285950
-1.285950
-1.285950
-1.285950
-1.285950
-1.285950
-1.285950
-1.285950
-1.285950
-1.285950
-1.285950
-1.285950
-1.285950
-1.285950
-1.285950
-1.285950
-1.285950
-1.285950
-1.285950
-1.285950
-1.285950
-1.285950
-1.285950
-1.285950
-1.285950
-1.285950
-1.285950
-1.285950
-1.285950
-1.285950
-1.100514
-1.285950
-1.285950
-1.285950
-1.285950
-1.285950
-1.285950
-1.285950
-1.285950
-1.285950
-1.285950
-1.285950
-1.285950
-1.285950
-1.285950
-1.285950
-1.285950
-1.011089
0.175675
-1.285950
-1.285950
-1.075559
-1.285950
-1.285950
-1.285950
-1.285950
-1.285950
-1.285950
-1.285950
-1.285950
-1.285950
-1.285950
-1.285950
-1.285950
-1.285950
-1.285950
-1.285950
-1.285950
-1.285950
-1.285950
-1.285950
-1.285950
-1.285950
-1.285950
-1.285950
-1.285950
-1.285950
-1.285950
-1.285950
-1.285950
-1.285950
-1.285950
-1.285950
-1.285950
-1.285950
-1.285950
-1.285950
-1.285950
-1.285950
-1.285950
-1.285950
-1.285950
-1.285950
-1.285950
-1.285950
-1.285950
-1.285950
-1.075559
-1.285950
-1.285950
-1.285950
-1.285950
-1.285950
-1.285950
-1.285950
-1.285950
-1.285950
0.168991
-1.285950
-1.285950
-1.285950
-1.285950
-1.285950
-1.285950
0.859543
-1.285950
-1.285950
-1.285950
-1.285950
-1.285950
-1.285950
-1.285950
-1.285950
-1.285950
-1.285950
-1.285950
-1.285950
-1.285950
-1.285950
-0.800697
-1.285950
-1.285950
-1.285950
-1.285950
-1.285950
-1.285950
-1.285950
-1.285950
-1.285950
-1.285950
-1.285950
-1.285950
-1.285950
-1.285950
-1.285950
0.333715
-1.285950
-1.285950
-1.285950
-1.285950
-1.285950
-1.285950
-1.285950
-1.285950
-1.285950
-1.285950
-1.285950
-1.285950
-1.285950
-1.285950
-1.285950
-1.285950
-1.285950
-1.285950
-1.285950
-1.285950
-1.285950
-1.285950
-1.285950
-1.285950
-1.285950
-1.285950
-1.285950
-1.285950
-1.285950
-1.285950
-1.285950
-1.285950
-1.285950
-1.285950
0.417515
-1.285950
-1.285950
-1.285950
-1.285950
-1.285950
-1.285950
-1.285950
-1.285950
-1.285950
-1.285950
-1.285950
-1.285950
-1.285950
0.584681
-1.285950
-1.285950
-1.285950
-1.285950
-1.285950
-1.285950
-1.285950
-1.285950
-1.285950
0.851989
-1.285950
-1.285950
-1.285950
-1.285950
-1.285950
-1.285950
-1.285950
-1.285950
-1.285950
-1.285950
-1.285950
-1.285950
-1.285950
-1.285950
-1.285950
-1.285950
-1.285950
-1.285950
-1.285950
-1.285950
-1.285950
-1.285950
-1.285950
-1.285950
-1.285950
-1.285950
-1.285950
-1.285950
-1.285950
-1.285950
-1.285950
-1.285950
-1.285950
-1.285950
-1.285950
-1.285950
-1.285950
-1.285950
-1.285950
-1.285950
-1.285950
-1.285950
-1.285950
-1.285950
-1.285950
-1.285950
-1.285950
-1.285950
-1.285950
-1.285950
-1.285950
0.884498
-1.285950
-1.285950
-1.285950
-1.285950
-1.285950
-1.285950
1.011089
-1.285950
-1.285950
-1.285950
-1.285950
-1.285950
-1.285950
-1.285950
-1.285950
-1.285950
-1.285950
-1.285950
-1.285950
-1.285950
-1.285950
-1.285950
-1.285950
-1.285950
-1.285950
-1.285950
-1.285950
-1.285950
-1.285950
-1.285950
-1.285950
-1.285950
-1.285950
-1.285950
-1.285950
-1.285950
0.915077
-1.285950
-1.285950
-1.285950
-1.285950
-1.285950
-1.285950
0.168991
-1.285950
-1.285950
-1.285950
-1.285950
-1.285950
-1.285950
-1.285950
-1.285950
-1.285950
-1.285950
-1.285950
-1.285950
-1.285950
-1.285950
-1.285950
-1.285950
-1.285950
-1.285950
-1.285950
-1.285950
-1.285950
-1.285950
-1.285950
-1.285950
-1.285950
-1.285950
-0.825652
-1.285950
-1.285950
-1.285950
-1.285950
-1.285950
-1.285950
-1.285950
-1.285950
-1.285950
-1.011089
-1.285950
-1.285950
-1.285950
-1.285950
-1.285950
-1.285950
-1.285950
-1.285950
-1.285950
-1.285950
-0.640215
-1.285950
-1.285950
-1.285950
-1.285950
-1.285950
-1.285950
-1.285950
-1.285950
-1.285950
-1.285950
-1.285950
-1.285950
-1.285950
-1.285950
-1.285950
-1.285950
-1.285950
-1.285950
-1.285950
-1.285950
-1.285950
-1.285950
-1.285950
-1.285950
-1.285950
-1.285950
-0.711593
-1.285950
-1.285950
-1.285950
-1.285950
-1.285950
-1.285950
-1.285950
-1.285950
-1.285950
-1.285950
-1.285950
-1.285950
-1.285950
-1.285950
-1.285950
-1.285950
-1.004404
-1.285950
-1.285950
-1.285950
-1.285950
-1.285950
-1.285950
-1.285950
-1.285950
1.285950
-1.285950
-1.285950
-1.285950
-1.285950
-1.285950
-0.501202
-0.035279
-1.285950
-1.285950
-1.285950
-1.285950
-1.285950
-1.285950
-1.285950
-1.285950
-1.285950
-1.285950
-1.285950
-1.285950
-1.285950
-1.285950
-1.285950
-1.285950
-1.285950
-1.285950
-1.285950
-1.285950
0.794013
-1.285950
-1.285950
-1.285950
-1.285950
-1.285950
-1.285950
-1.285950
-1.285950
-1.285950
-1.285950
-1.285950
-1.285950
-1.285950
-1.285950
-1.285950
-1.285950
-1.285950
-1.285950
-0.316263
-1.285950
-1.285950
-1.285950
-1.285950
-1.285950
-1.285950
-1.285950
-1.285950
-1.285950
-1.285950
-0.570443
-1.285950
-1.285950
0.168991
-1.285950
-1.285950
-1.285950
-1.285950
-1.285950
-1.285950
-1.285950
-1.285950
-1.285950
-1.285950
-1.285950
-1.285950
-1.285950
-1.285950
-1.285950
-1.285950
-1.285950
-0.884498
-1.285950
-1.285950
-1.285950
-1.285950
-1.285950
-1.285950
-1.285950
-1.285950
-1.285950
-1.285950
-1.285950
-1.285950
-1.285950
-1.285950
-1.285950
-1.285950
-1.285950
-1.285950
-1.285950
-1.285950
-1.285950
-1.285950
-1.285950
-1.100514
-1.285950
-1.285950
-1.285950
-1.285950
-1.285950
-1.285950
-1.285950
-1.285950
-1.285950
-1.285950
-1.285950
-1.285950
-1.285950
-1.285950
-1.285950
-1.285950
-1.285950
-1.285950
-1.285950
-1.285950
-1.285950
-1.285950
-1.285950
1.285950
-1.285950
-1.285950
-1.285950
-1.285950
-1.285950
-1.285950
-1.285950
-1.285950
-1.285950
-1.285950
-1.285950
-1.285950
-1.285950
-1.285950
-1.285950
-1.285950
-1.285950
-1.285950
-1.285950
-1.285950
-1.285950
-1.069935
-1.285950
-1.285950
-1.285950
-1.285950
-1.285950
-1.285950
-1.285950
-1.285950
-1.285950
-1.285950
-1.285950
-1.285950
-1.285950
-1.285950
-1.285950
-1.285950
-1.285950
-1.285950
-1.285950
-1.285950
-1.285950
-1.285950
-1.285950
-1.285950
-1.285950
-1.285950
-1.285950
-1.285950
-1.285950
-1.285950
-1.285950
-1.285950
-1.285950
-1.285950
-1.285950
-0.130826
-1.285950
-1.285950
-1.285950
-1.285950
-1.285950
-1.285950
-1.285950
-1.285950
-1.285950
-1.285950
-1.285950
-1.285950
-1.285950
-1.285950
-1.285950
-1.285950
-1.285950
-1.285950
-1.285950
-1.285950
-1.285950
-1.285950
-1.285950
-1.285950
-1.285950
-1.285950
-1.285950
-1.285950
-1.285950
-1.285950
-1.285950
-1.285950
-1.285950
-1.285950
-1.285950
-1.285950
1.075559
-1.285950
-1.285950
-1.285950
-1.100514
-1.285950
-1.285950
-1.285950
-1.285950
-1.285950
-1.285950
-1.285950
-1.285950
-1.285950
-1.285950
-1.285950
-1.285950
-1.285950
-1.285950
-1.285950
-1.285950
-1.285950
-1.285950
-1.285950
-1.285950
-1.075559
-1.285950
-1.285950
-1.285950
-1.285950
-1.285950
-1.285950
-1.285950
-1.285950
-1.285950
-1.285950
-1.285950
-1.285950
-1.285950
-1.285950
-1.011089
1.100514
-1.285950
-1.285950
-1.285950
-1.285950
-1.285950
-1.285950
-1.285950
-1.285950
-1.285950
-1.285950
-1.285950
-1.100514
-1.285950
-1.285950
-1.100514
-1.285950
-1.285950
-1.285950
-1.285950
-1.285950
-1.285950
-1.285950
-1.285950
-1.285950
-1.285950
-1.285950
-1.285950
-1.285950
-1.285950
-1.285950
-1.285950
-1.285950
-1.285950
-1.285950
-1.285950
-1.285950
-1.285950
-1.285950
-1.285950
-1.075559
-1.285950
-1.285950
-1.285950
-1.285950
-1.285950
-1.285950
-1.285950
-1.285950
-1.285950
-1.285950
-1.285950
-1.285950
-1.285950
-1.285950
-1.285950
-1.285950
-1.285950
-1.285950
-1.285950
-1.285950
-1.285950
-1.285950
-1.285950
-1.285950
-1.285950
-1.285950
-1.285950
0.915077
-1.285950
-1.285950
-1.285950
-1.285950
-1.285950
-1.285950
-1.285950
-1.285950
-1.285950
-1.285950
-1.285950
-1.285950
-1.285950
-1.285950
-1.285950
-1.285950
-1.285950
-1.285950
-1.285950
-1.285950
-1.285950
-1.285950
-1.285950
-1.285950
-1.100514
-1.285950
-1.285950
-1.285950
-1.285950
-1.004404
-1.285950
-1.285950
-1.285950
-1.285950
-1.285950
-1.285950
-1.285950
-1.285950
-1.285950
-1.285950
-1.285950
-1.285950
-1.285950
-1.285950
-1.285950
-1.285950
-1.285950
-1.285950
-1.285950
-1.285950
-1.285950
-1.285950
-1.285950
-1.285950
-1.285950
-1.285950
-1.285950
-1.285950
-1.285950
-1.285950
-1.285950
-1.285950
-1.285950
-1.285950
-1.285950
-1.285950
-1.285950
-1.285950
-0.609636
-1.285950
-1.285950
-1.285950
-1.285950
-1.285950
-1.285950
-1.285950
-1.285950
-1.285950
-1.285950
-1.285950
-1.285950
-1.285950
-1.285950
-1.285950
-1.285950
-1.285950
-1.285950
-1.285950
-1.285950
-1.285950
-1.285950
-1.285950
-1.285950
-1.285950
-1.285950
-1.285950
-1.285950
-1.285950
-1.285950
-1.285950
-1.285950
-1.285950
-1.285950
-1.285950
-1.285950
-1.285950
-1.285950
-1.285950
-1.285950
-1.285950
-1.285950
-1.285950
-1.285950
-1.285950
-1.285950
-1.285950
-1.285950
-1.285950
-1.285950
-1.285950
-1.285950
-1.285950
-1.285950
-1.285950
-1.285950
-1.285950
-1.285950
-1.285950
-1.285950
-1.285950
-1.285950
-1.285950
-1.285950
-1.285950
-1.285950
-1.285950
-1.011089
-1.285950
-1.285950
-1.285950
-1.285950
-1.285950
-1.285950
-1.285950
-1.285950
-1.285950
-1.285950
-1.285950
-1.285950
-1.285950
-1.285950
0.354427
-1.285950
-1.285950
-1.285950
-1.285950
-1.285950
-1.285950
-1.285950
-1.285950
-1.285950
-1.285950
-1.285950
-1.285950
-1.285950
-1.285950
-1.285950
-1.285950
-1.285950
-1.285950
-1.285950
-1.285950
-1.285950
-1.285950
-1.285950
-1.011089
-1.285950
-1.285950
-1.285950
-1.285950
-1.285950
-1.285950
-1.285950
-1.285950
-1.285950
-1.285950
-1.285950
-1.285950
-1.285950
-1.285950
-1.285950
-1.285950
-1.285950
-1.285950
-1.285950
-1.285950
-1.285950
-1.285950
-1.285950
-1.285950
-1.285950
-1.285950
-1.285950
-1.285950
-1.285950
-1.285950
-1.285950
-1.285950
-1.285950
-1.285950
-1.285950
-1.285950
-1.285950
-1.285950
-1.285950
-1.285950
-1.285950
-1.285950
-1.285950
-1.285950
-1.285950
-1.100514
-1.285950
-1.285950
-1.285950
-1.285950
-1.285950
-1.285950
-1.285950
-1.285950
-1.285950
-1.285950
-1.285950
-1.285950
-1.285950
-1.285950
-0.130826
-1.285950
-1.285950
-1.285950
-1.285950
-1.285950
-1.285950
-1.285950
-1.285950
-1.285950
-1.285950
-1.285950
-1.285950
-1.285950
-1.285950
-1.285950
-1.285950
-1.285950
-1.285950
-1.285950
-1.285950
-1.285950
-1.285950
-1.285950
-1.285950
-1.285950
-1.285950
-1.285950
-1.285950
-1.285950
