47056, 90405, 66488, 48664, 46871, 102478, 36732, 17955, 32100, 66493, 46912, 36877, 72685, 47195, 31983, 36770, 90321, 62068, 90275, 46996, 37243, 27319, 72875, 16989, 6418, 90587, 72890, 46719, 38301, 27122, 47176, 17126
Feature count is 32
Criterion1 result is ObjectIndex = 1836, Distance = -0.9201897014792581625943485342, Value = 0.6471542214012319917554235044
Boundary = -0.9192709021958940339800931937
-3.604088
-3.225289
-4.006832
-4.006832
-4.006832
-4.006832
-4.006832
-4.006832
-4.006832
-4.006832
-4.006832
-3.737558
-4.006832
-3.457638
-4.006832
-4.006832
-4.006832
-4.006832
-4.006832
-3.772683
-4.006832
-4.006832
-4.006832
-4.006832
-4.006832
-4.006832
-4.006832
-4.006832
-4.006832
-4.006832
-4.006832
-4.006832
-4.006832
-3.472754
-4.006832
-2.209653
-4.006832
-4.006832
-0.884455
-4.006832
-4.006832
-3.560756
-4.006832
-4.006832
-4.006832
-4.006832
-4.006832
-4.006832
-4.006832
-4.006832
-4.006832
-4.006832
-4.006832
-2.666801
-4.006832
-4.006832
-2.788638
-4.006832
0.145078
-4.006832
-4.006832
-4.006832
-4.006832
-4.006832
-4.006832
-4.006832
-4.006832
-4.006832
-4.006832
-4.006832
-4.006832
-4.006832
-4.006832
-4.006832
-3.527198
-2.080151
-4.006832
-4.006832
-4.006832
-2.592681
-4.006832
-4.006832
-4.006832
-3.741287
-4.006832
1.279576
-3.767936
-4.006832
-3.707428
-4.006832
-4.006832
-4.006832
-4.006832
-4.006832
-4.006832
-4.006832
-4.006832
-4.006832
-4.006832
-4.006832
-4.006832
-4.006832
-3.535175
-3.420758
-4.006832
-4.006832
-2.755357
-1.949642
-4.006832
-4.006832
-4.006832
-4.006832
-4.006832
-4.006832
-2.852903
-3.545832
-4.006832
-4.006832
-3.560756
-4.006832
-4.006832
-4.006832
-3.127802
-4.006832
-4.006832
-4.006832
-3.772158
-4.006832
-4.006832
-3.737558
-4.006832
-3.747433
-4.006832
-4.006832
-4.006832
-4.006832
-2.566493
-4.006832
-4.006832
-1.570827
-4.006832
-2.486071
-4.006832
-4.006832
-4.006832
-4.006832
-4.006832
-4.006832
-4.006832
-4.006832
-4.006832
-4.006832
-4.006832
-4.006832
-4.006832
-4.006832
-4.006832
-4.006832
-3.599577
-4.006832
-4.006832
-4.006832
-3.155072
-4.006832
-4.006832
-4.006832
-4.006832
-1.842194
-4.006832
-4.006832
-4.006832
-4.006832
-4.006832
-4.006832
-4.006832
-4.006832
-4.006832
-4.006832
-3.457638
-4.006832
-4.006832
-4.006832
-4.006832
-4.006832
-4.006832
-4.006832
-3.772158
-4.006832
-4.006832
-4.006832
-4.006832
-4.006832
-4.006832
-4.006832
-2.862777
-3.707428
-4.006832
-4.006832
-3.397256
-4.006832
-4.006832
-4.006832
-3.294430
-4.006832
-4.006832
-4.006832
-4.006832
-4.006832
-4.006832
-4.006832
-4.006832
-4.006832
-4.006832
-3.535175
-4.006832
-4.006832
-4.006832
-4.006832
-4.006832
-4.006832
-4.006832
-4.006832
-2.171329
-4.006832
-4.006832
-3.438154
-4.006832
-4.006832
-4.006832
-2.650864
-4.006832
-4.006832
-4.006832
-2.803522
-4.006832
-4.006832
-4.006832
-4.006832
-2.934677
-2.676100
-4.006832
-4.006832
-4.006832
-4.006832
-4.006832
-4.006832
-4.006832
-4.006832
-4.006832
-4.006832
-3.741287
-1.167432
-4.006832
-4.006832
-4.006832
-4.006832
-4.006832
-2.263195
-4.006832
-4.006832
-4.006832
-4.006832
-4.006832
-4.006832
-4.006832
-4.006832
-4.006832
-0.918352
-4.006832
-4.006832
-4.006832
-4.006832
-4.006832
-4.006832
-4.006832
-4.006832
-4.006832
-4.006832
-4.006832
-4.006832
-4.006832
-4.006832
-4.006832
-4.006832
-3.472013
-4.006832
-4.006832
-3.420758
-3.800720
-4.006832
-4.006832
-4.006832
-4.006832
-4.006832
0.974168
-4.006832
-4.006832
-4.006832
-4.006832
-4.006832
-4.006832
-4.006832
-4.006832
-4.006832
-4.006832
-4.006832
-4.006832
-4.006832
-4.006832
-3.531446
-4.006832
-4.006832
-4.006832
-4.006832
-4.006832
-4.006832
0.335934
-3.071461
-4.006832
-4.006832
-4.006832
-4.006832
-4.006832
-4.006832
-3.472013
-4.006832
-4.006832
-4.006832
-4.006832
-4.006832
-4.006832
-4.006832
-4.006832
-4.006832
-4.006832
-2.925785
-4.006832
-4.006832
-4.006832
-4.006832
-0.907317
-4.006832
-4.006832
-4.006832
-4.006832
-4.006832
-4.006832
-4.006832
-4.006832
-4.006832
-4.006832
-4.006832
-4.006832
-4.006832
-4.006832
-4.006832
-4.006832
-4.006832
-4.006832
-4.006832
-4.006832
-4.006832
-4.006832
-4.006832
-4.006832
-4.006832
-3.535175
-4.006832
-4.006832
-4.006832
-4.006832
-4.006832
-4.006832
-4.006832
-4.006832
-4.006832
-4.006832
-3.121354
1.097048
-4.006832
-4.006832
-4.006832
-3.454476
-4.006832
-4.006832
-4.006832
-4.006832
-4.006832
-4.006832
-2.832508
-4.006832
-4.006832
-4.006832
-4.006832
-4.006832
-4.006832
-4.006832
-4.006832
-4.006832
-3.487953
-4.006832
-4.006832
-4.006832
-3.713876
-4.006832
-4.006832
-4.006832
-4.006832
-4.006832
-0.904261
-4.006832
-4.006832
-4.006832
-4.006832
-3.741287
-4.006832
-3.151920
-4.006832
-4.006832
-4.006832
-3.747433
-4.006832
-4.006832
-4.006832
-4.006832
-4.006832
-4.006832
-3.800720
-4.006832
-4.006832
-4.006832
-4.006832
-4.006832
-4.006832
-4.006832
-4.006832
-4.006832
-4.006832
0.841189
-3.384566
-3.707428
-4.006832
-4.006832
-4.006832
-4.006832
-3.044567
-4.006832
0.535714
-4.006832
-4.006832
-4.006832
-4.006832
-4.006832
-4.006832
-4.006832
-4.006832
-3.794572
-4.006832
-4.006832
-4.006832
-4.006832
-4.006832
-3.810254
-4.006832
-1.659530
-4.006832
-4.006832
-4.006832
-4.006832
-4.006832
-3.535175
-4.006832
-4.006832
-4.006832
-4.006832
-4.006832
-4.006832
-4.006832
-3.420758
-2.178934
-2.406004
-4.006832
-4.006832
-4.006832
-4.006832
-4.006832
-4.006832
-4.006832
-4.006832
-4.006832
-4.006832
-4.006832
-4.006832
-4.006832
-4.006832
-1.927929
-3.737558
-1.202297
-4.006832
-4.006832
-4.006832
-4.006832
-4.006832
-4.006832
-4.006832
-4.006832
-4.006832
-4.006832
-4.006832
-2.985931
-3.037004
-4.006832
-4.006832
-3.707428
-4.006832
-1.159010
-4.006832
-4.006832
-4.006832
-4.006832
-4.006832
-4.006832
-4.006832
-4.006832
-4.006832
-4.006832
-4.006832
-4.006832
-4.006832
-4.006832
-4.006832
-4.006832
-4.006832
-4.006832
-4.006832
-4.006832
-4.006832
-4.006832
-4.006832
-4.006832
-4.006832
-4.006832
-4.006832
-3.772158
-4.006832
-4.006832
-3.160314
-4.006832
-1.842194
-4.006832
-4.006832
-3.707428
-3.479858
-2.852903
-4.006832
-4.006832
-4.006832
-4.006832
-4.006832
-1.555352
-4.006832
-4.006832
-3.114201
-3.535175
-4.006832
-4.006832
-3.064758
1.159945
-4.006832
-4.006832
-4.006832
-4.006832
-4.006832
-4.006832
-4.006832
-4.006832
-4.006832
-4.006832
-4.006832
-4.006832
0.595285
-4.006832
-4.006832
-4.006832
-4.006832
-3.737558
-4.006832
-0.656229
-4.006832
-2.097708
-4.006832
-4.006832
-4.006832
-4.006832
-3.535175
-4.006832
-2.534696
-4.006832
-2.195158
-4.006832
-4.006832
-4.006832
-4.006832
-4.006832
-3.265900
-4.006832
-4.006832
-4.006832
-3.535175
-4.006832
-4.006832
-4.006832
-4.006832
-4.006832
-4.006832
-4.006832
-4.006832
-4.006832
-4.006832
-4.006832
-4.006832
-4.006832
-4.006832
-4.006832
-4.006832
-4.006832
-3.191090
-2.561684
-4.006832
-4.006832
-4.006832
-4.006832
-4.006832
-4.006832
-4.006832
-4.006832
-4.006832
-4.006832
-3.741287
-4.006832
-4.006832
-4.006832
-4.006832
-3.737558
-1.383659
-4.006832
-4.006832
-4.006832
-4.006832
-4.006832
-4.006832
-2.945780
-3.535175
-4.006832
-4.006832
-4.006832
-4.006832
-4.006832
-4.006832
-4.006832
-4.006832
-4.006832
-4.006832
-4.006832
-4.006832
-4.006832
-4.006832
-4.006832
-4.006832
-4.006832
-4.006832
-4.006832
-4.006832
-3.747433
-4.006832
-4.006832
-0.507392
-4.006832
-3.448029
-4.006832
-4.006832
-4.006832
-4.006832
-4.006832
-4.006832
-4.006832
-4.006832
-4.006832
-4.006832
-4.006832
-4.006832
-4.006832
-4.006832
-4.006832
-2.623246
-4.006832
-4.006832
-4.006832
-4.006832
-4.006832
-3.737558
-4.006832
-4.006832
-4.006832
-4.006832
-4.006832
-2.986739
-4.006832
-4.006832
-4.006832
-4.006832
-4.006832
-4.006832
-4.006832
-4.006832
-4.006832
-4.006832
-4.006832
-4.006832
-4.006832
-4.006832
-4.006832
-4.006832
-4.006832
-4.006832
-4.006832
-4.006832
-2.454950
-4.006832
-3.348498
-4.006832
-4.006832
-4.006832
-4.006832
-4.006832
-4.006832
-4.006832
-4.006832
-4.006832
-4.006832
-4.006832
-4.006832
-4.006832
-1.817060
-4.006832
-4.006832
-4.006832
-4.006832
-4.006832
-4.006832
-4.006832
-4.006832
-4.006832
-4.006832
-4.006832
-4.006832
-4.006832
-4.006832
-4.006832
-4.006832
-2.780627
-4.006832
-4.006832
-4.006832
-4.006832
-4.006832
-4.006832
-4.006832
-4.006832
-4.006832
-4.006832
-4.006832
-4.006832
-0.572204
-4.006832
-2.964781
-4.006832
-4.006832
-4.006832
-4.006832
-3.218742
-4.006832
-4.006832
-4.006832
-4.006832
-4.006832
-4.006832
-4.006832
-4.006832
-0.842959
-4.006832
-2.448957
-4.006832
-4.006832
-4.006832
-3.593834
-4.006832
-3.361211
-4.006832
-4.006832
-4.006832
-4.006832
-3.707428
-4.006832
-1.966403
-4.006832
-4.006832
-4.006832
-4.006832
-4.006832
-4.006832
0.460731
-4.006832
-4.006832
-4.006832
-4.006832
-4.006832
-4.006832
-4.006832
-4.006832
-4.006832
-3.768466
-4.006832
-4.006832
-4.006832
-4.006832
-4.006832
-4.006832
-4.006832
-4.006832
-4.006832
-4.006832
-4.006832
-4.006832
-4.006832
-4.006832
-4.006832
-4.006832
-4.006832
-2.209426
-4.006832
-1.234069
-3.004413
-4.006832
-2.931771
-4.006832
-0.462050
-4.006832
-4.006832
-4.006832
-4.006832
-3.741287
-4.006832
-4.006832
-4.006832
-4.006832
-4.006832
-3.747433
-4.006832
-4.006832
-4.006832
-3.161359
-4.006832
-4.006832
-2.314627
-4.006832
-4.006832
-4.006832
-4.006832
-4.006832
-4.006832
-4.006832
-4.006832
-4.006832
-4.006832
-4.006832
-0.424633
-3.560756
-4.006832
-4.006832
-2.359288
-4.006832
-4.006832
-4.006832
-4.006832
-4.006832
-4.006832
-4.006832
-4.006832
-4.006832
-4.006832
-4.006832
-4.006832
-4.006832
-4.006832
-4.006832
-4.006832
-4.006832
-4.006832
-4.006832
-4.006832
-4.006832
-2.968103
-4.006832
-4.006832
-4.006832
-4.006832
-3.468532
-4.006832
-4.006832
-4.006832
-4.006832
-3.369939
-4.006832
-4.006832
-4.006832
-4.006832
-4.006832
-4.006832
-4.006832
-4.006832
-4.006832
-3.737558
-4.006832
-4.006832
-4.006832
-4.006832
-4.006832
-4.006832
-4.006832
-4.006832
-4.006832
-4.006832
-4.006832
-4.006832
-4.006832
-4.006832
-4.006832
-2.748361
-4.006832
-2.513687
-4.006832
-3.713876
-3.535175
-4.006832
-4.006832
-4.006832
-4.006832
-4.006832
-4.006832
-4.006832
-3.767936
-1.524536
-4.006832
-4.006832
-4.006832
-4.006832
-3.072796
-1.310070
-4.006832
-4.006832
-3.122556
-4.006832
-3.820155
-4.006832
-4.006832
-4.006832
-4.006832
-4.006832
-4.006832
-4.006832
-4.006832
-3.741287
-4.006832
-3.604088
-4.006832
-4.006832
-4.006832
-4.006832
-4.006832
-4.006832
-4.006832
-4.006832
-3.448029
-4.006832
-4.006832
-3.604088
-4.006832
-4.006832
-4.006832
-4.006832
-4.006832
-4.006832
-4.006832
-3.531446
-4.006832
-4.006832
-4.006832
-4.006832
-2.549191
-4.006832
-4.006832
-4.006832
-4.006832
-4.006832
-4.006832
-3.161359
-3.623577
-4.006832
-4.006832
-4.006832
-4.006832
-4.006832
-4.006832
-4.006832
-4.006832
-4.006832
0.816157
-4.006832
-1.594044
-4.006832
-3.737558
-4.006832
-4.006832
-0.174727
-4.006832
-4.006832
-4.006832
-3.294430
-4.006832
-2.778104
-4.006832
-4.006832
-4.006832
-4.006832
-4.006832
-4.006832
-4.006832
-4.006832
-2.955381
-4.006832
-4.006832
-4.006832
-4.006832
-4.006832
-3.148826
-4.006832
-4.006832
-4.006832
-2.536082
-4.006832
-4.006832
-4.006832
-4.006832
-3.737558
-0.715801
-4.006832
-4.006832
-4.006832
-4.006832
-4.006832
-4.006832
-4.006832
-4.006832
-4.006832
-4.006832
-4.006832
-4.006832
-4.006832
-3.191144
-4.006832
-4.006832
-4.006832
-4.006832
-4.006832
-4.006832
-4.006832
-4.006832
-3.737558
-4.006832
-4.006832
-4.006832
-4.006832
-4.006832
-4.006832
-3.571541
-4.006832
-4.006832
-4.006832
-4.006832
-1.195092
-4.006832
-4.006832
-4.006832
-4.006832
-4.006832
-1.848265
-4.006832
-4.006832
-4.006832
-2.352125
-4.006832
-4.006832
-4.006832
-0.750232
-4.006832
-4.006832
-3.059015
-4.006832
-4.006832
-4.006832
-4.006832
-4.006832
-3.128323
-0.540362
-4.006832
-4.006832
-4.006832
-4.006832
-4.006832
-4.006832
-3.741287
-4.006832
-4.006832
-4.006832
-3.747433
-3.265900
-4.006832
-4.006832
-4.006832
-4.006832
-4.006832
-4.006832
-4.006832
-4.006832
-4.006832
-4.006832
-4.006832
-4.006832
-4.006832
-4.006832
-4.006832
-4.006832
-4.006832
-4.006832
-4.006832
-4.006832
-4.006832
-4.006832
-4.006832
-4.006832
-4.006832
-4.006832
-3.407157
-4.006832
-3.810254
-4.006832
-4.006832
-4.006832
-4.006832
-4.006832
-4.006832
-4.006832
-4.006832
-4.006832
-4.006832
0.960383
-2.327519
-3.737558
-4.006832
-4.006832
-4.006832
-4.006832
1.432630
-3.332195
-4.006832
-4.006832
-4.006832
-4.006832
-4.006832
-4.006832
-4.006832
-4.006832
-2.505374
-4.006832
-4.006832
-3.800720
-4.006832
-4.006832
-4.006832
-4.006832
-4.006832
-4.006832
-4.006832
-4.006832
-4.006832
-4.006832
-4.006832
-3.535175
-4.006832
-4.006832
-2.339269
-4.006832
2.761243
-3.741287
-4.006832
-4.006832
-4.006832
-4.006832
-4.006832
-1.818759
-4.006832
-4.006832
-4.006832
-4.006832
-4.006832
-4.006832
-4.006832
-4.006832
-4.006832
-4.006832
-4.006832
-4.006832
-1.559796
-4.006832
-4.006832
-3.737558
-4.006832
-4.006832
-3.334032
-1.502738
-4.006832
-4.006832
-4.006832
-4.006832
-4.006832
-4.006832
0.635433
-4.006832
-4.006832
-4.006832
-4.006832
-4.006832
-4.006832
-4.006832
-4.006832
-4.006832
-2.437198
-4.006832
-4.006832
-4.006832
-4.006832
-4.006832
-4.006832
-3.800720
-4.006832
-4.006832
-3.747433
0.103357
-4.006832
-4.006832
-4.006832
-4.006832
-4.006832
-3.535175
-3.822209
-4.006832
-4.006832
-4.006832
-4.006832
-4.006832
-4.006832
-4.006832
-2.594369
-4.006832
-4.006832
-4.006832
-4.006832
-4.006832
-4.006832
-4.006832
-4.006832
-4.006832
-4.006832
-4.006832
-4.006832
-4.006832
-4.006832
-4.006832
-4.006832
-4.006832
-4.006832
-4.006832
-4.006832
-4.006832
-4.006832
-3.810254
-4.006832
-4.006832
-4.006832
-4.006832
-4.006832
-2.773391
-4.006832
-4.006832
-4.006832
-2.960217
-4.006832
-4.006832
-3.593834
-4.006832
2.447581
-4.006832
-4.006832
-4.006832
-4.006832
-3.810254
-2.709558
0.567099
-4.006832
-4.006832
-4.006832
-4.006832
-4.006832
-4.006832
-4.006832
-4.006832
-3.003852
-4.006832
-4.006832
-1.775558
-4.006832
-4.006832
-4.006832
-4.006832
-4.006832
-4.006832
-4.006832
-4.006832
-2.402300
-4.006832
-4.006832
-4.006832
-3.741287
-4.006832
-4.006832
-2.479087
-4.006832
-4.006832
-4.006832
-4.006832
-4.006832
-4.006832
-4.006832
-4.006832
-4.006832
-4.006832
-3.533768
0.099492
-2.675278
-3.737558
-2.825878
-4.006832
-4.006832
-4.006832
-4.006832
-4.006832
-4.006832
-4.006832
-2.376696
-4.006832
-4.006832
0.015661
-1.752084
-4.006832
-4.006832
-4.006832
-4.006832
-2.365106
-4.006832
-4.006832
-4.006832
-4.006832
-3.438154
-4.006832
-4.006832
-4.006832
-3.265900
-4.006832
-4.006832
-1.174700
-4.006832
-4.006832
-3.420758
-4.006832
-4.006832
-4.006832
-4.006832
-4.006832
-4.006832
-4.006832
-4.006832
-3.527198
-4.006832
-4.006832
-4.006832
-4.006832
-4.006832
0.968269
-4.006832
-4.006832
-4.006832
-4.006832
-4.006832
-1.780747
-3.593834
-4.006832
-4.006832
-4.006832
-4.006832
-2.648150
-3.820155
-4.006832
-4.006832
-4.006832
-3.210579
-4.006832
-4.006832
-4.006832
-4.006832
-4.006832
-3.296808
-4.006832
-4.006832
-4.006832
-4.006832
-4.006832
-4.006832
0.629201
-4.006832
-3.265900
-3.156175
-4.006832
-4.006832
-4.006832
-4.006832
-3.407157
-3.800720
-4.006832
-4.006832
-3.820155
-4.006832
-4.006832
-4.006832
-4.006832
-4.006832
-4.006832
-4.006832
-4.006832
-4.006832
-3.000500
-4.006832
-4.006832
-4.006832
-3.798768
-2.828919
-4.006832
-4.006832
-4.006832
-4.006832
-4.006832
-3.265900
-2.708356
-4.006832
-4.006832
-4.006832
-3.227794
-3.747433
-4.006832
-4.006832
-4.006832
-3.800720
-4.006832
-4.006832
-4.006832
-4.006832
-4.006832
-3.707428
-4.006832
-4.006832
-4.006832
-4.006832
-4.006832
-4.006832
-4.006832
-4.006832
2.349017
-4.006832
-4.006832
-4.006832
-4.006832
-4.006832
-4.006832
-4.006832
-4.006832
-4.006832
-4.006832
-4.006832
-4.006832
-4.006832
-4.006832
-4.006832
-3.737558
-4.006832
-4.006832
-4.006832
-4.006832
-4.006832
-4.006832
-4.006832
-3.707428
-4.006832
-0.003837
-4.006832
-4.006832
-4.006832
-4.006832
-4.006832
-4.006832
-4.006832
-4.006832
-4.006832
-4.006832
1.561509
-4.006832
-3.448029
-4.006832
-2.449336
-4.006832
-4.006832
-4.006832
-4.006832
-4.006832
-4.006832
-4.006832
-4.006832
-4.006832
-4.006832
-2.005587
-3.593834
-4.006832
-4.006832
-4.006832
-4.006832
-4.006832
-4.006832
-4.006832
-4.006832
-3.550855
-4.006832
-4.006832
-4.006832
-4.006832
-4.006832
-4.006832
-4.006832
-4.006832
-4.006832
-4.006832
-4.006832
-4.006832
-4.006832
-4.006832
-2.318773
-0.351141
-4.006832
-4.006832
-4.006832
-4.006832
-4.006832
-4.006832
-4.006832
-4.006832
-4.006832
-4.006832
-4.006832
-1.350792
-4.006832
-4.006832
-0.632664
-4.006832
-4.006832
-4.006832
-4.006832
-4.006832
-4.006832
-4.006832
-4.006832
-4.006832
-4.006832
-4.006832
-4.006832
-4.006832
-4.006832
-4.006832
-4.006832
-4.006832
-4.006832
-4.006832
-4.006832
-4.006832
-3.048704
-4.006832
-4.006832
-2.891786
-4.006832
-4.006832
-4.006832
-3.535175
-4.006832
-4.006832
-4.006832
-4.006832
-4.006832
-4.006832
-4.006832
-4.006832
-4.006832
-4.006832
-4.006832
-2.485147
-4.006832
-4.006832
-4.006832
-4.006832
-4.006832
-4.006832
-4.006832
-4.006832
-3.800720
-4.006832
-4.006832
2.274473
-4.006832
-2.813056
-4.006832
-4.006832
-2.877888
-4.006832
-4.006832
-3.275775
-4.006832
-4.006832
-4.006832
-3.535175
-4.006832
-4.006832
-4.006832
-4.006832
-3.121354
-4.006832
-4.006832
-4.006832
-4.006832
-3.420758
-4.006832
-3.741287
-0.172990
-4.006832
-4.006832
-4.006832
-4.006832
-2.171329
-4.006832
-4.006832
-4.006832
-4.006832
-4.006832
-3.737558
-4.006832
-4.006832
-4.006832
-4.006832
-4.006832
-4.006832
-3.713876
-4.006832
-4.006832
-4.006832
-4.006832
-3.501316
-4.006832
-3.768466
-4.006832
-4.006832
-3.707428
-4.006832
-4.006832
-4.006832
-4.006832
-4.006832
-4.006832
-4.006832
-4.006832
-4.006832
-3.444601
-1.945009
-4.006832
-4.006832
-4.006832
-4.006832
0.078623
-4.006832
-4.006832
-1.860515
-4.006832
-4.006832
-4.006832
-4.006832
-4.006832
-4.006832
-4.006832
-4.006832
-4.006832
-4.006832
-4.006832
-4.006832
-4.006832
-4.006832
-4.006832
-4.006832
-4.006832
-1.987613
-4.006832
-4.006832
-4.006832
-4.006832
-4.006832
-2.852080
-4.006832
-4.006832
-4.006832
-4.006832
-4.006832
-3.737558
-4.006832
-4.006832
-4.006832
-4.006832
-4.006832
-4.006832
-4.006832
-4.006832
-4.006832
-4.006832
-4.006832
-4.006832
-4.006832
-4.006832
-4.006832
-4.006832
-4.006832
-4.006832
-4.006832
-4.006832
-4.006832
-4.006832
-4.006832
-4.006832
-1.739422
-4.006832
-4.006832
-0.074879
-4.006832
-4.006832
-4.006832
-4.006832
-4.006832
-4.006832
0.146760
-1.820934
-4.006832
-4.006832
-4.006832
-4.006832
-2.203251
-4.006832
-4.006832
-4.006832
-3.306162
-4.006832
-4.006832
-4.006832
-4.006832
2.446232
-4.006832
-4.006832
-4.006832
-4.006832
-4.006832
0.152299
-4.006832
-4.006832
-4.006832
-4.006832
-4.006832
-4.006832
-4.006832
-4.006832
-4.006832
-4.006832
-4.006832
-4.006832
-4.006832
-4.006832
-4.006832
-4.006832
-4.006832
-3.713876
-4.006832
-4.006832
-4.006832
-4.006832
-4.006832
-4.006832
-4.006832
-4.006832
-4.006832
-4.006832
-4.006832
-4.006832
-4.006832
-4.006832
-4.006832
-4.006832
-4.006832
-0.920190
-4.006832
-3.820155
-4.006832
-4.006832
-4.006832
-4.006832
-4.006832
-4.006832
-4.006832
-4.006832
-4.006832
-4.006832
-3.562354
-4.006832
-4.006832
-4.006832
-4.006832
-4.006832
-4.006832
-4.006832
-4.006832
-4.006832
-4.006832
-4.006832
-4.006832
-4.006832
-4.006832
-0.642911
-4.006832
-3.319608
-4.006832
-4.006832
-4.006832
-4.006832
-4.006832
-4.006832
-4.006832
-3.713876
-4.006832
-4.006832
-4.006832
-4.006832
-0.763015
-4.006832
-2.406004
-4.006832
-4.006832
-4.006832
-4.006832
-4.006832
-4.006832
-4.006832
-4.006832
-3.794572
-4.006832
-4.006832
-4.006832
-4.006832
-4.006832
-4.006832
-4.006832
-4.006832
-4.006832
-4.006832
-3.265900
-4.006832
-4.006832
-4.006832
-4.006832
-3.527198
-4.006832
-4.006832
