10909, 9346, 13318, 16939, 16826, 35295, 10789, 35452, 10932, 20736, 3660, 13213, 1016, 9963
Feature count is 14
Criterion1 result is ObjectIndex = 1302, Distance = -0.5599792766620184346400154517, Value = 0.5336315910996994484635364175
Boundary = -0.5531412966178772646231473656
-1.884958
-1.493892
-1.884958
-1.884958
-1.884958
-1.884958
-1.884958
-1.884958
-1.884958
-1.884958
-1.884958
-1.884958
-1.884958
-1.072202
-1.884958
-1.884958
-1.884958
-1.884958
-1.884958
-1.884958
-1.884958
-1.884958
-1.884958
-1.884958
-1.884958
-1.884958
-1.884958
-1.884958
-1.884958
-1.884958
-1.884958
-1.884958
-1.884958
-1.884958
-1.884958
-1.884958
-1.884958
-1.884958
-1.884958
-1.884958
-1.884958
-1.884958
-1.884958
-1.884958
-1.884958
-1.884958
-1.884958
-1.884958
-1.884958
-1.884958
-1.884958
-1.884958
-1.884958
-1.884958
-1.884958
-1.884958
-0.676160
-1.884958
-1.283855
-1.884958
-1.884958
-1.884958
-1.884958
-1.884958
-1.884958
-1.884958
-1.884958
-1.884958
-1.884958
-1.884958
-1.884958
-1.884958
-1.884958
-1.884958
-1.884958
-1.624378
-1.884958
-1.884958
-1.884958
-1.884958
-1.884958
-1.884958
-1.884958
-1.884958
-1.884958
1.884958
-1.884958
-1.884958
-1.884958
-1.884958
-1.884958
-1.884958
-1.884958
-1.884958
-1.884958
-1.884958
-1.884958
-1.884958
-1.884958
-1.884958
-1.884958
-1.884958
-0.367584
-1.884958
-1.884958
-1.884958
-1.884958
-1.593312
-1.884958
-1.884958
-1.699521
-1.884958
-1.884958
-1.884958
-1.884958
-1.884958
-1.884958
-1.884958
-1.884958
-1.884958
-1.884958
-1.884958
-1.884958
-1.884958
-1.884958
-1.884958
-1.884958
-1.884958
-1.884958
-1.884958
-1.884958
-1.884958
-1.884958
-1.884958
-1.884958
-1.884958
-0.960549
-1.884958
-1.884958
-1.884958
-1.884958
-1.490402
-1.884958
-1.884958
-1.884958
-1.388125
-1.884958
-1.884958
-1.884958
-1.884958
-1.884958
-1.884958
-1.884958
-1.884958
-1.884958
-1.884958
-1.884958
-1.884958
-1.648705
-1.884958
-1.884958
-1.593312
-1.884958
-1.884958
-1.884958
-1.884958
-1.884958
-1.884958
-1.884958
-1.884958
-1.884958
-1.884958
-1.884958
-1.884958
-1.884958
-1.884958
-1.884958
-1.884958
-1.884958
-1.884958
-1.884958
-1.884958
-1.884958
-1.884958
-1.884958
-1.884958
-1.884958
-1.884958
-1.884958
-1.884958
-1.884958
-1.884958
-1.884958
-1.884958
-1.073411
-1.884958
-1.884958
-1.884958
-1.884958
-1.884958
-1.884958
-1.884958
-1.884958
-1.884958
-1.884958
-1.884958
-1.884958
-1.884958
-1.884958
-1.884958
-1.884958
-1.884958
-1.884958
-1.884958
-1.884958
-1.884958
-1.884958
-1.884958
-1.884958
-1.884958
-1.884958
-1.884958
-1.884958
-1.884958
-1.593312
-1.884958
-1.884958
-1.884958
-1.884958
-1.217821
-1.884958
-1.884958
-1.884958
-1.678285
-1.884958
-1.884958
-1.884958
-1.884958
-1.884958
-1.593312
-1.884958
-1.884958
-1.884958
-1.884958
-1.884958
-1.884958
-1.884958
-1.884958
-1.884958
-1.884958
-1.884958
0.409137
-1.884958
-1.884958
-1.884958
-1.884958
-1.884958
-1.884958
-1.884958
-1.884958
-1.884958
-1.884958
-1.884958
-1.884958
-1.884958
-1.884958
-1.884958
-1.884958
-1.884958
-1.884958
-1.884958
-1.884958
-1.884958
-1.884958
-1.884958
-1.884958
-1.698299
-1.884958
-1.884958
-1.884958
-1.884958
-1.884958
-1.884958
-1.884958
-1.884958
-1.884958
-1.884958
-1.884958
-1.624378
-1.884958
-1.884958
-1.884958
-1.884958
-1.884958
1.884958
-1.884958
-1.884958
-1.884958
-1.884958
-1.884958
-1.884958
-1.884958
-1.884958
-1.884958
-1.884958
-1.884958
-1.884958
-1.884958
-1.884958
-1.884958
-1.884958
-1.884958
-1.884958
-1.884958
-1.884958
-1.884958
0.424020
-0.887485
-1.884958
-1.884958
-1.884958
-1.884958
-1.884958
-1.884958
-1.884958
-1.884958
-1.884958
-1.884958
-1.884958
-1.884958
-1.884958
-1.884958
-1.884958
-1.884958
-1.884958
-1.884958
-1.884958
-1.884958
-1.884958
-1.884958
-0.903576
-1.884958
-1.884958
-1.884958
-1.884958
-1.884958
-1.884958
-1.884958
-1.884958
-1.884958
-1.884958
-1.884958
-1.884958
-1.884958
-1.884958
-1.884958
-1.884958
-1.884958
-1.884958
-1.884958
-1.884958
-1.884958
-1.884958
-1.884958
-1.884958
-1.678285
-1.624378
-1.884958
-1.884958
-1.884958
-1.884958
-1.884958
-1.884958
-1.884958
-1.884958
-1.884958
-1.884958
-1.884958
1.699521
-1.884958
-1.884958
-1.884958
-1.884958
-1.884958
-1.884958
-1.884958
-1.884958
-1.884958
-1.884958
-1.884958
-1.884958
-1.884958
-1.884958
-1.884958
-1.884958
-1.884958
-1.884958
-1.884958
-1.884958
-1.884958
-1.884958
-1.884958
-1.884958
-1.884958
-1.884958
-1.884958
-1.884958
-1.884958
-1.884958
-1.884958
-1.884958
-1.884958
-1.884958
-1.884958
-1.884958
-1.884958
-1.027597
-1.884958
-1.884958
-1.884958
-1.884958
-1.884958
-1.884958
-1.884958
-1.884958
-1.884958
-1.884958
-1.884958
-1.884958
-1.884958
-1.884958
-1.884958
-1.884958
-1.884958
-1.884958
-1.884958
-1.884958
-1.884958
0.608012
-0.710894
-1.884958
-1.884958
-1.884958
-1.884958
-1.884958
-1.648705
-1.884958
1.639126
-1.884958
-1.884958
-1.884958
-1.884958
-1.884958
-1.884958
-1.884958
-1.884958
-1.884958
-1.884958
-1.884958
-1.884958
-1.884958
-1.884958
-1.884958
-1.884958
-1.608888
-1.884958
-1.884958
-1.884958
-1.884958
-1.884958
-1.884958
-1.884958
-1.884958
-1.884958
-1.884958
-1.884958
-1.884958
-1.884958
-1.884958
-1.462046
-1.317242
-1.884958
-1.884958
-1.884958
-1.884958
-1.884958
-1.884958
-1.884958
-1.884958
-1.884958
-1.884958
-1.884958
-1.884958
-1.884958
-1.884958
-1.884958
-1.593312
-1.884958
-1.884958
-1.884958
-1.884958
-1.884958
-1.884958
-1.884958
-1.884958
-1.884958
-1.884958
-1.884958
-1.884958
-0.750569
-1.884958
-1.884958
-1.884958
-1.884958
-1.884958
-1.884958
-1.884958
-1.884958
-1.884958
-1.884958
-1.884958
-1.884958
-1.884958
-1.884958
-1.884958
-1.884958
-1.884958
-1.884958
-1.884958
-1.884958
-1.884958
-1.884958
-1.884958
-1.884958
-1.884958
-1.884958
-1.884958
-1.884958
-1.884958
-1.884958
-1.884958
-1.884958
-1.884958
-1.884958
-1.884958
-1.884958
-1.884958
-1.884958
-1.884958
-1.884958
-1.884958
-1.884958
-1.884958
-1.884958
-1.884958
-1.884958
-1.884958
-1.884958
-1.884958
-1.884958
-1.884958
-1.884958
-1.493892
-1.884958
-1.884958
-1.884958
-1.126059
1.678285
-1.884958
-1.884958
-1.884958
-1.884958
-1.884958
-1.884958
-1.884958
-1.884958
-1.884958
-1.884958
-1.884958
-1.884958
0.844265
-1.884958
-1.884958
-1.884958
-1.884958
-1.884958
-1.884958
-1.884958
-1.884958
0.108833
-1.884958
-1.884958
-1.884958
-1.884958
-1.884958
-1.884958
-1.884958
-1.884958
-1.884958
-1.884958
-1.884958
-1.884958
-1.884958
-1.884958
-1.884958
-1.884958
-1.884958
-1.884958
-1.884958
-1.884958
-1.884958
-1.884958
-1.884958
-1.884958
-1.884958
1.466960
-1.884958
-1.884958
-1.884958
-1.884958
-1.884958
-1.884958
-1.884958
-1.884958
-1.884958
-1.884958
-1.884958
-1.884958
-1.884958
-1.884958
-1.884958
-1.884958
-1.884958
-1.884958
-1.884958
-1.884958
-1.884958
-1.884958
-1.884958
-1.884958
-1.884958
-1.884958
-1.884958
-1.884958
-0.530764
-1.884958
-1.884958
-1.884958
-1.884958
-1.884958
-1.884958
-1.884958
-1.884958
-1.884958
-1.884958
-1.884958
-1.884958
-1.884958
-1.884958
-1.884958
-1.884958
-1.884958
-1.884958
-1.884958
-1.884958
-1.884958
-1.884958
-1.884958
-1.884958
-1.884958
-1.884958
-1.884958
-1.884958
-1.884958
-1.884958
-1.884958
-0.193417
-1.884958
-1.884958
-1.593312
-1.884958
-1.884958
-1.884958
-1.884958
-1.884958
-1.884958
-1.884958
-1.884958
-1.884958
-1.884958
-1.884958
-1.884958
-1.884958
-1.884958
-1.884958
-1.884958
-1.884958
-1.884958
-1.884958
-1.884958
-1.593312
-1.884958
-1.884958
-1.884958
-1.884958
-1.884958
-0.914735
-1.884958
-1.884958
-1.884958
-1.884958
-1.884958
-1.884958
-1.884958
-1.884958
-1.884958
-1.884958
-1.884958
-1.884958
-1.884958
-1.884958
-1.884958
-1.884958
-1.884958
-1.884958
-1.884958
-1.884958
-1.384318
-1.884958
-1.884958
-1.884958
-1.884958
-1.884958
-1.884958
-1.884958
-1.884958
-1.884958
-1.884958
-1.884958
-1.884958
-1.884958
-1.884958
-1.884958
-0.714156
-1.884958
-1.884958
-1.884958
-1.884958
-1.884958
-1.884958
-1.884958
-1.884958
-1.648705
-1.884958
-1.884958
-1.884958
-1.884958
-1.884958
-1.884958
-1.884958
-0.641653
-1.884958
-1.884958
-1.884958
-1.884958
-1.884958
-1.884958
-1.884958
-1.884958
-1.884958
-1.884958
-1.884958
-1.884958
-1.593312
-1.884958
-1.884958
-1.884958
-1.884958
-1.884958
-1.884958
-1.493892
-1.884958
-1.884958
-1.884958
-1.884958
-1.884958
-1.884958
-1.884958
-1.884958
1.136983
-1.884958
-1.884958
-1.884958
-1.884958
-1.884958
-1.884958
-1.884958
-1.204060
-1.884958
-1.884958
-1.884958
-1.884958
-1.884958
-1.884958
-1.884958
-1.884958
-1.884958
-1.884958
-1.884958
-1.884958
-1.884958
0.254844
-1.884958
-1.884958
-1.884958
-1.884958
-1.884958
-1.884958
-1.884958
-1.884958
-1.884958
-1.386639
-1.884958
-1.884958
-1.884958
-1.884958
-1.884958
-1.884958
-1.884958
-1.884958
-1.884958
-1.884958
-1.884958
-1.884958
-1.884958
-1.884958
-1.884958
-1.884958
-1.884958
-1.884958
-1.884958
-1.386639
-1.884958
-1.884958
-1.593312
-1.884958
-0.727389
-1.884958
-1.884958
-1.884958
-1.884958
-1.884958
-1.884958
-1.884958
-1.884958
-1.884958
-1.884958
-1.678285
-1.884958
-1.884958
-1.884958
-1.884958
-1.884958
-1.884958
-0.739517
-1.884958
-1.884958
-1.884958
-1.884958
-1.884958
-1.884958
-1.884958
-1.884958
-1.884958
-1.884958
-1.884958
-0.153705
-1.884958
-1.884958
-1.884958
-1.058663
-1.884958
-1.884958
-1.884958
-1.884958
-1.884958
-1.884958
-1.884958
-1.884958
-1.884958
-1.884958
-1.884958
-1.884958
-1.884958
-1.884958
-1.884958
-1.884958
-1.884958
-1.884958
-1.884958
-1.884958
-1.884958
-1.593312
-1.884958
-1.884958
-1.884958
-1.884958
-1.884958
-1.884958
-1.884958
-1.884958
-1.884958
-1.493892
-1.884958
-1.884958
-1.884958
-1.884958
-1.884958
-1.884958
-1.884958
-1.884958
-1.884958
-1.415384
-1.884958
-1.884958
-1.884958
-1.884958
-1.884958
-1.884958
-1.884958
-1.884958
-1.884958
-1.884958
-1.884958
-1.884958
-1.884958
-1.884958
-1.884958
-1.884958
-1.884958
-0.204482
-1.884958
-1.884958
-1.415384
-1.884958
-1.884958
-1.884958
-1.884958
-1.884958
-1.884958
-1.884958
-1.884958
-1.675964
-1.884958
-1.884958
-1.884958
-1.884958
-1.699521
-1.386639
-1.884958
-1.884958
-1.884958
-1.884958
-1.884958
-1.884958
-1.884958
-1.884958
-1.884958
-1.884958
-1.884958
-1.884958
-1.884958
-1.884958
-1.884958
-1.884958
-1.884958
-1.884958
-1.884958
-1.884958
-1.884958
-1.884958
-1.884958
-1.884958
-1.884958
-1.884958
-1.884958
-1.884958
-1.884958
-1.884958
-1.884958
-1.884958
-1.884958
-1.884958
-1.884958
-1.884958
-1.884958
-1.884958
-1.884958
-1.884958
-1.593312
-1.884958
-1.593312
-1.884958
-1.884958
-1.884958
-1.884958
-1.884958
-1.884958
-1.884958
-1.884958
-1.884958
-1.884958
-1.884958
-1.884958
-1.884958
-1.884958
-1.884958
-1.140807
-1.884958
-1.608888
-1.884958
-1.639126
-1.884958
-1.884958
-0.238873
-1.884958
-1.884958
-1.884958
-1.884958
-1.884958
-1.884958
-1.884958
-1.624378
-1.884958
-1.884958
-1.884958
-1.884958
-1.884958
-1.884958
-1.884958
-1.884958
-1.884958
-1.884958
-1.884958
-1.884958
-1.884958
-1.884958
-1.884958
-1.884958
-1.493892
-1.884958
-1.884958
-1.884958
-1.884958
-1.884958
0.825712
-1.884958
-1.884958
-1.884958
-1.884958
-1.884958
-1.884958
-1.884958
-1.884958
-1.884958
-1.884958
-1.884958
-1.884958
-1.884958
-1.884958
-1.884958
-1.884958
-1.884958
-1.884958
-1.884958
-1.884958
-1.884958
-1.884958
-1.884958
-1.884958
-1.884958
-1.884958
-1.884958
-1.884958
-1.884958
-1.884958
-1.884958
-1.884958
-1.884958
-1.884958
-1.235568
-1.884958
-1.884958
-1.884958
-1.884958
-1.884958
-0.781765
-1.884958
-1.884958
-1.884958
-1.884958
-1.884958
-1.884958
-1.884958
0.741030
-1.884958
-1.884958
-1.884958
-1.884958
-1.884958
-1.884958
-1.884958
-1.884958
-1.593312
0.763365
-1.884958
-1.884958
-1.884958
-1.884958
-1.884958
-1.884958
-1.884958
-1.884958
-1.884958
-1.884958
-1.884958
-1.884958
-1.884958
-1.884958
-1.884958
-1.884958
-1.884958
-1.884958
-1.884958
-1.884958
-1.884958
-1.884958
-1.884958
-1.884958
-1.884958
-1.884958
-1.884958
-1.884958
-1.884958
-1.884958
-1.884958
-1.884958
-1.884958
-1.884958
-1.884958
-1.884958
-1.884958
-1.884958
-1.884958
-1.884958
-1.884958
-1.884958
-1.884958
-1.884958
-1.884958
-1.884958
-1.884958
-1.884958
-1.884958
-1.884958
-1.884958
-1.884958
-1.884958
-1.884958
-1.884958
-1.884958
-1.884958
-1.884958
0.705741
-1.884958
-1.884958
-1.884958
-1.884958
-1.884958
-1.884958
-1.884958
-1.884958
-1.884958
-1.884958
-1.884958
-1.884958
-1.884958
-1.884958
-1.884958
-1.884958
-1.884958
-1.884958
-1.884958
-1.884958
-1.884958
-1.884958
-1.884958
-1.884958
-1.884958
-1.884958
-1.884958
-1.381987
-1.884958
0.776636
-1.884958
-1.884958
-1.884958
-1.884958
-1.884958
-1.884958
-1.608888
-1.884958
-1.884958
-1.884958
-1.884958
-1.884958
-1.884958
-1.884958
-1.884958
-1.884958
-1.884958
-1.884958
-1.884958
-1.175314
-1.884958
-1.884958
-1.884958
-1.884958
-1.884958
-1.624378
-1.884958
-1.884958
-1.884958
-1.884958
-1.884958
-1.884958
-1.884958
0.315380
-1.884958
-1.884958
-1.884958
-1.884958
-1.884958
-1.884958
-1.884958
-1.884958
-1.884958
-1.217821
-1.884958
-1.884958
-1.884958
-1.884958
-1.884958
-1.884958
-1.884958
-1.884958
-1.884958
-1.884958
0.597447
-1.884958
-1.884958
-1.884958
-1.884958
-1.884958
-1.884958
-0.926175
-1.884958
-1.884958
-1.884958
-1.884958
-1.884958
-1.884958
-1.884958
-1.233312
-1.884958
-1.884958
-1.884958
-1.884958
-1.884958
-1.884958
-1.884958
-1.884958
-1.884958
-1.884958
-1.884958
-1.884958
-1.884958
-1.884958
-1.884958
-1.884958
-1.884958
-1.884958
-1.884958
-1.884958
-1.884958
-1.884958
-1.884958
-1.884958
-1.884958
-1.884958
-1.884958
-1.884958
-0.559979
-1.884958
-1.884958
-1.884958
-1.884958
-1.884958
-1.884958
-1.884958
-1.884958
1.884958
-1.884958
-1.884958
-1.884958
-1.884958
-1.884958
-1.884958
0.861836
-1.884958
-1.884958
-1.884958
-1.884958
-1.884958
-1.884958
-1.884958
-1.884958
-1.648705
-1.884958
-1.884958
-1.884958
-1.884958
-1.884958
-1.884958
-1.884958
-1.884958
-1.884958
-1.884958
-1.884958
-0.779923
-1.884958
-1.884958
-1.884958
-1.884958
-1.884958
-1.884958
-1.884958
-1.884958
-1.884958
-1.884958
-1.884958
-1.884958
-1.884958
-1.884958
-1.884958
-1.884958
-1.884958
-1.884958
-0.546303
-1.884958
-1.884958
-1.422229
-1.884958
-1.884958
-1.884958
-1.884958
-1.884958
-1.884958
-1.884958
0.004512
-1.884958
-1.884958
-1.397563
-1.884958
-1.884958
-1.884958
-1.884958
-1.884958
-1.884958
-1.884958
-1.884958
-1.884958
-1.884958
-1.884958
-1.884958
-1.884958
-1.884958
-1.884958
-1.884958
-1.884958
0.597447
-1.884958
-1.884958
-1.884958
-1.884958
-1.884958
-1.884958
-1.884958
-1.884958
-1.884958
-1.884958
-1.884958
-1.884958
-1.884958
-1.884958
-1.884958
-1.884958
-1.884958
0.161996
-1.884958
-1.884958
-1.884958
-1.884958
-1.884958
-1.415384
-1.884958
-1.884958
-1.884958
-1.884958
-1.884958
-1.593312
-1.884958
-1.884958
-1.884958
-1.884958
-1.884958
-1.884958
-1.884958
-1.884958
-1.884958
-1.884958
-1.319243
-1.884958
-1.884958
-1.884958
-1.884958
-1.884958
-1.884958
1.130583
-1.884958
-1.884958
-1.884958
-1.884958
-1.884958
-1.884958
-1.884958
-1.884958
-1.884958
-1.884958
-1.884958
-1.884958
-1.884958
-1.884958
-1.884958
-1.884958
-1.884958
-1.884958
-1.884958
-1.884958
-1.884958
-1.593312
-1.884958
-1.884958
-1.884958
-1.884958
-1.884958
-1.884958
-1.884958
-1.884958
-1.884958
-1.884958
-1.884958
-1.884958
-1.884958
-1.884958
-1.884958
-1.884958
-1.675964
-1.884958
-1.884958
-1.884958
-1.884958
-1.884958
-1.884958
-1.884958
-1.884958
-1.884958
-1.884958
-1.884958
-1.884958
-1.884958
-1.884958
-1.884958
-1.884958
-1.884958
-1.884958
-1.884958
-1.884958
-1.884958
-1.884958
-1.884958
-1.884958
-1.884958
-1.884958
-1.884958
-1.884958
-1.884958
-1.884958
-1.884958
-1.884958
-1.884958
-1.884958
-1.884958
-1.884958
-1.884958
-1.884958
-1.884958
-1.884958
-1.884958
-1.884958
-1.884958
-1.884958
-0.070048
-1.884958
-1.884958
-1.884958
-1.884958
-1.884958
-1.884958
-1.884958
-1.884958
-1.884958
-1.884958
1.884958
-1.884958
-1.884958
-1.884958
-1.884958
-1.884958
-1.884958
-1.884958
-1.884958
-1.884958
-1.884958
-1.884958
-1.884958
-1.884958
-1.884958
-1.884958
-1.884958
-1.884958
-1.884958
-1.884958
-1.884958
-1.884958
-1.884958
-1.884958
-1.884958
-1.884958
-1.884958
-1.884958
-1.884958
-1.884958
-1.884958
-1.884958
-1.884958
-1.884958
-1.884958
-1.884958
-1.884958
-1.884958
-1.884958
-1.884958
-0.845527
0.898549
-1.884958
-1.884958
-1.884958
-1.884958
-1.884958
-1.884958
-1.884958
-1.884958
-1.884958
-1.884958
-1.884958
-1.388125
-1.884958
-1.884958
0.412011
-0.299021
-1.884958
-1.884958
-1.884958
-1.884958
-1.884958
-1.884958
-1.884958
-1.884958
-1.884958
-1.884958
-1.884958
-1.884958
-1.884958
-1.884958
-1.884958
-1.884958
-1.884958
-1.884958
-1.884958
-1.884958
-0.972458
-1.884958
-1.884958
-1.884958
-1.884958
-1.884958
-1.884958
-1.884958
-1.884958
-1.884958
-1.884958
-1.884958
-1.884958
-1.884958
-1.884958
-1.884958
-1.884958
-1.884958
-1.884958
-1.884958
-1.884958
-1.884958
-1.884958
-1.884958
-1.884958
-1.884958
-1.884958
-1.884958
-1.884958
-1.884958
-1.884958
0.610459
-1.884958
-1.884958
-1.884958
-1.884958
-1.593312
-1.884958
-1.884958
-1.884958
-1.884958
-1.884958
-1.884958
-1.593312
-1.884958
-1.884958
-1.884958
-1.884958
-1.624378
-1.884958
-1.884958
-1.884958
-1.884958
-1.884958
-1.884958
-1.884958
0.146505
-1.884958
-1.884958
-1.884958
-1.884958
-1.697075
-1.884958
-1.884958
-1.884958
-1.884958
-1.884958
-1.884958
-1.884958
-1.884958
-1.884958
-1.884958
-1.884958
-1.884958
-1.884958
-1.884958
-1.884958
-1.884958
-1.884958
-1.624378
-1.884958
-1.884958
-1.884958
-1.884958
-1.884958
-1.884958
-1.884958
-1.884958
-1.884958
-1.884958
-1.884958
-1.884958
-1.884958
-1.884958
-1.884958
-1.884958
-1.884958
-1.884958
-1.884958
-1.884958
0.942699
-1.884958
-1.884958
-1.884958
-1.884958
-1.884958
-1.884958
-1.884958
-1.884958
-1.884958
-1.884958
-1.884958
-1.884958
-1.884958
-1.884958
-1.884958
-1.884958
-1.884958
-1.884958
-1.884958
-1.884958
-1.884958
-1.884958
-1.884958
-1.884958
-1.884958
-1.884958
-1.884958
-1.884958
-1.884958
-1.884958
-1.884958
-1.884958
-1.884958
-1.884958
-1.884958
-1.884958
-1.884958
-1.884958
-1.884958
-1.884958
-1.884958
-1.884958
-1.884958
-1.884958
-1.884958
-1.884958
-1.884958
-1.884958
-1.884958
-1.884958
-1.884958
-1.884958
-1.884958
-1.884958
-1.884958
-1.884958
-1.884958
-1.884958
-1.884958
-1.884958
-1.884958
-1.884958
-1.884958
-1.884958
-1.884958
-1.884958
-1.884958
-1.110569
-1.202246
-1.884958
-1.884958
-1.884958
-1.884958
-0.822410
-1.884958
-1.884958
-1.884958
-1.624378
-1.884958
-1.884958
-1.884958
-0.546303
0.161996
-1.884958
-1.884958
-1.884958
-1.884958
-1.884958
-0.458603
-1.884958
-1.884958
-1.884958
-1.884958
-1.884958
-1.884958
-1.884958
-1.884958
-1.884958
-1.884958
-1.884958
-1.884958
-1.884958
-1.884958
-1.884958
-1.884958
-1.884958
-1.608888
-1.884958
-1.884958
-1.884958
-1.884958
-1.884958
-1.884958
-1.884958
-1.884958
-1.884958
-1.884958
-1.884958
-1.884958
-1.884958
-1.884958
-1.884958
-1.884958
-1.884958
-1.624378
-1.884958
-1.884958
-1.884958
-1.884958
-1.884958
-1.884958
-1.884958
-1.884958
-1.884958
-1.884958
-1.884958
-1.884958
-1.111227
-1.884958
-1.884958
-1.884958
-1.884958
-1.884958
-1.884958
-1.884958
-1.884958
-1.884958
-1.884958
-1.884958
-1.884958
-1.884958
-1.884958
0.138675
-1.884958
-1.884958
-1.884958
-1.884958
-1.884958
-1.884958
-1.884958
-1.884958
-1.884958
-1.884958
-1.884958
-1.884958
-1.884958
-1.884958
-1.884958
-1.884958
-1.884958
-1.884958
-1.884958
-1.884958
-1.884958
-1.884958
-1.884958
-1.884958
-1.884958
-1.648705
-1.884958
-1.884958
-1.884958
-1.884958
-1.884958
-1.884958
-1.884958
-1.884958
-1.884958
-1.884958
-1.884958
-1.884958
-1.884958
-1.884958
-1.884958
-1.593312
-1.884958
-1.884958
