37133, 37085, 26953, 20973, 9260, 51265, 3054, 24176, 47142, 26361, 37208, 10825, 58617, 13483, 83098, 9240, 69194, 95956, 38420, 17157, 16557, 11591, 13034, 35545, 113059, 38750, 26269, 17118, 38795, 35566, 37135, 9842, 101238, 36860, 13252, 17455, 38668, 17884, 17196, 3118, 36838, 38437, 96139, 9684, 15250, 10839, 93688, 13404, 27135, 10843, 16824, 23595
Feature count is 52
Criterion1 result is ObjectIndex = 811, Distance = -1.9862386837791638913121604265, Value = 0.6506336561484690994136554401
Boundary = -1.9322768643019175218632084213
-6.974016
-6.294807
-6.974016
-6.974016
-6.974016
-6.974016
-6.974016
-6.974016
-6.974016
-6.974016
-6.974016
-6.974016
-6.974016
-5.814579
-6.974016
-6.974016
-6.974016
-6.974016
-6.974016
-6.786541
-6.974016
-6.974016
-6.974016
-6.974016
-6.974016
-6.974016
-6.974016
-6.974016
-6.974016
-6.974016
-6.974016
-6.974016
-6.974016
-6.974016
-6.974016
-5.538421
-6.974016
-6.974016
-6.974016
-6.974016
-6.974016
-6.137112
-6.974016
-6.974016
-6.974016
-6.974016
-6.974016
-6.974016
-6.974016
-6.974016
-6.974016
-6.974016
-6.974016
-6.974016
-6.703363
-6.974016
-4.751200
-6.974016
-3.584892
-6.551865
-6.974016
-6.974016
-6.974016
-6.974016
-6.974016
-6.974016
-6.974016
-6.974016
-6.974016
-6.974016
-6.974016
-6.974016
-6.974016
-6.974016
-6.974016
-6.395737
-6.974016
-6.974016
-6.974016
-6.974016
-6.974016
-6.974016
-6.974016
-6.974016
-6.974016
5.314189
-6.732463
-6.974016
-6.974016
-6.974016
-6.974016
-6.974016
-6.974016
-6.974016
-6.974016
-6.974016
-6.974016
-6.974016
-6.974016
-6.974016
-6.974016
-6.974016
-4.810734
-6.974016
-6.974016
-6.974016
-6.974016
-6.282407
-6.974016
-6.974016
-6.766416
-6.974016
-6.974016
-6.974016
-6.974016
-6.974016
-6.974016
-6.974016
-6.974016
-6.974016
-6.974016
-6.974016
-6.974016
-6.974016
-6.974016
-6.974016
-6.974016
-6.974016
-6.974016
-6.974016
-6.974016
-6.974016
-6.974016
-6.974016
-6.974016
-6.974016
-1.992192
-6.974016
-6.974016
-6.974016
-6.974016
-5.450986
-6.974016
-6.974016
-6.974016
-6.765487
-6.974016
-6.974016
-6.502442
-6.974016
-6.974016
-6.974016
-6.974016
-6.974016
-6.974016
-6.974016
-6.974016
-6.974016
-6.697340
-6.974016
-6.974016
-6.974016
-6.765487
-6.974016
-6.974016
-6.974016
-6.974016
-6.974016
-6.974016
-6.974016
-6.974016
-6.974016
-6.974016
-6.974016
-6.974016
-6.974016
-6.974016
-6.974016
-6.301371
-6.974016
-6.974016
-6.974016
-6.974016
-6.974016
-6.974016
-6.974016
-6.974016
-6.974016
-6.974016
-6.974016
-6.974016
-6.974016
-6.974016
-6.974016
-6.738290
-6.974016
-6.974016
-6.974016
-6.738290
-6.974016
-6.974016
-6.974016
-6.974016
-6.974016
-6.974016
-6.974016
-6.974016
-6.974016
-6.974016
-6.974016
-6.974016
-6.974016
-6.974016
-6.974016
-6.974016
-6.974016
-6.974016
-6.974016
-6.974016
-6.974016
-6.974016
-6.974016
-6.766416
-6.974016
-6.607062
-6.974016
-6.974016
-6.974016
-6.974016
-6.103132
-6.974016
-6.974016
-6.974016
-6.738290
-6.974016
-6.974016
-6.974016
-6.974016
-6.546992
-5.507449
-6.974016
-6.703363
-6.974016
-6.974016
-6.974016
-6.974016
-6.974016
-6.974016
-6.974016
-6.974016
-6.974016
-3.949890
-6.974016
-6.974016
-6.974016
-6.974016
-6.974016
-5.400762
-6.974016
-6.974016
-6.974016
-6.974016
-6.974016
-6.974016
-6.974016
-6.974016
-6.974016
-6.974016
-6.974016
-6.974016
-6.974016
-6.974016
-6.974016
-6.974016
-6.974016
-6.974016
-6.762224
-6.974016
-6.974016
-6.974016
-6.974016
-6.974016
-6.974016
-6.974016
-6.974016
-6.974016
-6.974016
-6.974016
-6.565732
-6.974016
-6.974016
-6.974016
-6.974016
-6.974016
2.724206
-6.974016
-6.974016
-6.974016
-6.974016
-6.974016
-6.974016
-6.974016
-6.974016
-6.974016
-6.974016
-6.974016
-6.974016
-6.974016
-6.974016
-6.974016
-6.761288
-6.974016
-6.974016
-6.974016
-6.974016
-6.974016
-2.662130
-0.873473
-6.703363
-6.974016
-6.974016
-6.974016
-6.974016
-6.974016
-6.974016
-6.974016
-6.974016
-6.974016
-6.974016
-6.974016
-6.974016
-6.974016
-6.974016
-6.974016
-6.974016
-6.261522
-6.974016
-6.974016
-6.974016
-6.974016
-3.595241
-6.974016
-6.974016
-6.974016
-6.974016
-6.974016
-6.974016
-6.974016
-6.974016
-6.974016
-6.974016
-6.974016
-6.974016
-6.974016
-6.974016
-6.974016
-6.695519
-6.974016
-6.974016
-6.974016
-6.974016
-6.974016
-6.974016
-6.974016
-6.974016
-6.974016
-6.763158
-6.974016
-6.974016
-6.974016
-6.974016
-6.974016
-6.974016
-6.974016
-6.974016
-6.974016
-6.974016
-6.974016
-1.331462
-6.974016
-6.974016
-6.974016
-6.703363
-6.974016
-6.974016
-6.974016
-6.974016
-6.974016
-6.974016
-6.974016
-6.974016
-6.974016
-6.974016
-6.974016
-6.974016
-6.974016
-6.974016
-6.974016
-6.974016
-6.729257
-6.974016
-6.974016
-6.974016
-6.974016
-6.974016
-6.974016
-6.974016
-6.974016
-6.974016
-0.552536
-6.974016
-6.974016
-6.974016
-6.974016
-6.974016
-6.974016
-6.041048
-6.974016
-6.974016
-6.974016
-6.608686
-6.974016
-6.974016
-6.974016
-6.974016
-6.974016
-6.974016
-6.974016
-6.974016
-6.974016
-6.974016
-6.974016
-6.974016
-6.974016
-6.974016
-6.974016
-6.974016
-6.974016
-0.164233
-5.137151
-6.974016
-6.974016
-6.974016
-6.974016
-6.974016
-4.462352
-6.974016
3.663890
-6.974016
-6.974016
-6.974016
-6.974016
-6.974016
-6.974016
-6.974016
-6.974016
-6.732463
-6.974016
-6.974016
-1.847976
-6.974016
-6.974016
-6.766416
-6.974016
-4.781153
-6.974016
-6.974016
-6.974016
-6.974016
-6.974016
-6.974016
-6.974016
-6.974016
-6.974016
-6.974016
-6.974016
-6.974016
-6.974016
-6.974016
-5.610903
-6.051154
-6.974016
-6.974016
-6.974016
-6.974016
-6.974016
-6.974016
-6.974016
-6.974016
-6.974016
-6.974016
-6.974016
-6.974016
-6.974016
-6.974016
-6.526498
-6.280288
-5.089179
-6.974016
-6.974016
-6.974016
-6.974016
-6.974016
-6.974016
-6.974016
-6.974016
-6.974016
-6.974016
-6.974016
-5.494334
-6.252490
-6.974016
-6.974016
-6.974016
-6.974016
-6.331903
-6.974016
-6.974016
-6.974016
-6.974016
-6.974016
-6.974016
-6.974016
-6.974016
-6.974016
-6.974016
-6.974016
-6.974016
-6.974016
-6.974016
-6.974016
-6.974016
-6.974016
-6.974016
-6.974016
-6.974016
-6.974016
-6.974016
-6.974016
-6.974016
-6.974016
-6.974016
-6.974016
-6.974016
-6.974016
-6.974016
-6.786541
-6.974016
-6.974016
-6.974016
-6.974016
-6.408002
-5.407139
-6.974016
-6.974016
-6.974016
-6.974016
-6.974016
-6.974016
-5.682066
-6.974016
-6.974016
-6.702164
-6.974016
-6.974016
-6.974016
-4.954270
4.923173
-6.974016
-6.974016
-6.974016
-6.974016
-6.974016
-6.974016
-6.974016
-1.757766
-6.974016
-6.974016
-6.974016
-6.974016
-0.534638
-6.974016
-6.974016
-6.974016
-6.974016
-6.699154
-6.974016
-6.974016
-6.974016
-0.944790
-6.974016
-6.974016
-6.974016
-6.974016
-6.974016
-6.974016
-5.943657
-6.974016
-6.608686
-6.974016
-6.974016
-6.974016
-6.974016
-6.974016
-6.974016
-6.974016
-6.974016
-6.974016
-6.766416
-6.974016
-6.974016
-6.974016
-6.974016
-6.974016
-6.974016
0.723076
-6.974016
-6.974016
-6.974016
-6.974016
-6.974016
-6.974016
-6.974016
-6.974016
-6.974016
-6.974016
-6.592221
-4.878481
-6.974016
-6.974016
-6.974016
-6.974016
-6.974016
-6.974016
-6.974016
-6.974016
-6.697340
-6.974016
-6.974016
-6.974016
-6.974016
-6.974016
-6.974016
-6.974016
-3.741250
-6.974016
-6.974016
-6.974016
-6.974016
-6.974016
-6.974016
-4.356011
-6.974016
-6.974016
-6.974016
-6.974016
-6.974016
-6.974016
-6.974016
-6.974016
-6.974016
-6.974016
-6.974016
-6.974016
-6.974016
-6.974016
-6.974016
-6.974016
-6.974016
-6.974016
-6.974016
-6.974016
-6.974016
-6.974016
-6.974016
-6.974016
-0.206699
-6.974016
-6.974016
-6.974016
-6.974016
-6.974016
-6.974016
-6.974016
-6.974016
-6.974016
-6.974016
-6.974016
-6.974016
-6.974016
-6.974016
-6.974016
-6.974016
-6.974016
-6.974016
-6.974016
-6.974016
-6.974016
-6.974016
-6.974016
-5.944059
-6.974016
-6.974016
-6.974016
-6.974016
-6.974016
-4.922540
-6.974016
-6.974016
-6.974016
-6.974016
-6.974016
-6.974016
-6.974016
-6.974016
-6.974016
-6.974016
-6.974016
-6.974016
-6.974016
-6.974016
-6.974016
-6.974016
-6.974016
-6.974016
-6.974016
-6.974016
-4.170700
-6.974016
-6.974016
-6.974016
-6.974016
-6.974016
-6.974016
-6.974016
-6.974016
-6.974016
-6.974016
-6.974016
-6.974016
-6.974016
-6.974016
-6.974016
-4.338412
-6.974016
-6.974016
-6.974016
-6.974016
-6.974016
-6.974016
-6.974016
-6.974016
-6.773332
-6.974016
-6.974016
-6.974016
-6.759881
-6.974016
-6.974016
-6.974016
-4.264841
-6.974016
-6.974016
-6.974016
-6.974016
-6.974016
-6.974016
-6.974016
-6.974016
-6.974016
-6.974016
-6.974016
-6.550942
-5.841799
-6.974016
-6.974016
-6.974016
-6.974016
-6.974016
-6.974016
-5.879298
-6.974016
-6.974016
-6.974016
-6.974016
-6.974016
-6.974016
-6.974016
-6.974016
-0.769691
-6.974016
-6.974016
-6.974016
-6.974016
-6.974016
-6.974016
-6.974016
-6.766416
-6.974016
-6.974016
-6.974016
-6.974016
-6.397828
-6.974016
-6.138265
-6.974016
-6.974016
-6.974016
-6.974016
-6.974016
-6.974016
-1.986239
-6.974016
-6.974016
-6.974016
-6.974016
-6.974016
-6.974016
-6.974016
-6.974016
-6.974016
-6.773332
-6.974016
-6.974016
-6.974016
-6.974016
-6.974016
-6.974016
-6.974016
-6.974016
-6.974016
-6.974016
-6.974016
-6.974016
-6.974016
-6.974016
-6.974016
-6.974016
-6.974016
-6.974016
-6.974016
-4.123287
-6.974016
-6.974016
-6.702164
-6.974016
-2.747833
-6.974016
-6.974016
-6.974016
-6.974016
-6.974016
-6.974016
-6.974016
-6.974016
-6.974016
-6.974016
-6.707536
-6.974016
-6.974016
-6.974016
-6.784906
-6.974016
-6.974016
-4.862862
-6.974016
-6.974016
-6.974016
-6.974016
-6.974016
-6.974016
-6.974016
-6.974016
-6.974016
-6.974016
-6.974016
0.444448
-6.974016
-6.974016
-6.974016
-5.619273
-6.974016
-6.974016
-6.974016
-6.974016
-6.974016
-6.702164
-6.974016
-6.974016
-6.974016
-6.974016
-6.974016
-6.974016
-6.974016
-6.974016
-6.974016
-6.974016
-6.974016
-6.974016
-6.974016
-6.974016
-6.974016
-6.586265
-6.974016
-6.974016
-6.974016
-6.974016
-6.727647
-6.974016
-6.974016
-6.974016
-6.974016
-6.546584
-6.974016
-6.974016
-6.974016
-6.974016
-6.782858
-6.974016
-6.974016
-6.974016
-6.974016
-6.607062
-6.974016
-6.974016
-6.974016
-6.974016
-6.974016
-6.974016
-6.974016
-6.974016
-6.974016
-6.974016
-6.974016
-6.974016
-6.974016
-6.974016
-6.974016
-6.974016
-6.974016
-5.032719
-6.974016
-6.974016
-6.122786
-6.974016
-6.974016
-6.974016
-6.974016
-6.974016
-6.974016
-6.974016
-6.592221
-6.193824
-6.974016
-6.974016
-6.974016
-6.974016
-6.521799
-2.054600
-6.974016
-6.974016
-6.088169
-6.974016
-6.786541
-6.974016
-6.974016
-6.974016
-6.974016
-6.974016
-6.974016
-6.974016
-6.974016
-6.730328
-6.974016
-6.974016
-6.974016
-6.974016
-6.974016
-6.974016
-6.974016
-6.974016
-6.974016
-6.974016
-6.974016
-6.974016
-6.974016
-6.974016
-6.974016
-6.974016
-6.974016
-6.974016
-6.974016
-6.974016
-6.974016
-6.974016
-6.974016
-6.974016
-6.974016
-6.974016
-6.435683
-6.974016
-6.974016
-6.974016
-6.974016
-6.974016
-6.974016
-6.974016
-6.047396
-6.974016
-6.974016
-6.974016
-6.974016
-6.974016
-6.974016
-6.974016
-6.974016
-6.974016
-0.538677
-6.974016
-6.287002
-6.974016
-6.250716
-6.974016
-6.974016
-0.112159
-6.974016
-6.974016
-6.974016
-6.974016
-6.974016
-6.726570
-6.974016
-5.984227
-6.974016
-6.974016
-6.974016
-6.974016
-6.974016
-6.974016
-6.530690
-6.974016
-6.974016
-6.974016
-6.974016
-6.974016
-6.732463
-6.974016
-6.974016
-6.974016
-6.050067
-6.974016
-6.974016
-6.974016
-6.974016
-6.974016
-1.151090
-6.974016
-6.974016
-6.974016
-6.974016
-6.974016
-6.974016
-6.974016
-6.974016
-6.974016
-6.974016
-6.974016
-6.974016
-6.974016
-6.974016
-6.974016
-6.974016
-6.974016
-6.974016
-6.974016
-6.974016
-6.974016
-6.974016
-6.974016
-6.974016
-6.974016
-6.974016
-6.974016
-6.974016
-6.974016
-6.974016
-6.974016
-6.974016
-6.974016
-6.974016
-3.458274
-6.974016
-6.974016
-6.974016
-6.974016
-6.974016
-5.208458
-6.974016
-6.974016
-6.974016
-5.175296
-6.974016
-6.974016
-6.974016
1.266195
-6.974016
-6.974016
-6.974016
-6.974016
-6.974016
-6.974016
-6.974016
-6.974016
-6.703363
-0.965494
-6.974016
-6.974016
-6.974016
-6.974016
-6.974016
-6.974016
-6.974016
-6.974016
-6.974016
-6.974016
-6.726570
-6.608686
-6.974016
-6.974016
-6.974016
-6.974016
-6.974016
-6.974016
-6.974016
-6.974016
-6.974016
-6.974016
-6.974016
-6.974016
-6.974016
-6.974016
-6.974016
-6.974016
-6.974016
-6.974016
-6.974016
-6.974016
-6.974016
-6.974016
-6.974016
-6.974016
-6.974016
-6.974016
-6.408002
-6.974016
-6.974016
-6.974016
-6.974016
-6.974016
-6.974016
-6.974016
-6.974016
-6.974016
-6.974016
-6.974016
-6.974016
1.779097
-6.322390
-6.974016
-6.974016
-6.974016
-6.974016
-6.974016
1.698439
-6.974016
-6.974016
-6.974016
-6.974016
-6.974016
-6.974016
-6.974016
-6.974016
-6.974016
-6.974016
-6.974016
-6.974016
-6.974016
-6.974016
-6.974016
-6.974016
-6.974016
-6.974016
-6.703363
-6.974016
-6.974016
-6.974016
-6.773332
-6.974016
-6.974016
-6.974016
-6.974016
-6.294959
-6.974016
3.653881
-6.974016
-6.974016
-6.974016
-6.974016
-6.974016
-6.974016
-4.657820
-6.974016
-6.974016
-6.974016
-6.974016
-6.974016
-6.974016
-6.974016
-6.974016
-6.974016
-6.974016
-6.974016
-6.703363
-5.826246
-6.974016
-6.974016
-6.974016
-6.974016
-6.974016
-6.399462
-6.520061
-6.974016
-6.974016
-6.974016
-6.974016
-6.974016
-6.974016
0.698214
-6.974016
-6.974016
-6.974016
-6.974016
-6.974016
-6.974016
-6.974016
-6.974016
-6.974016
-5.440162
-6.974016
-6.974016
-6.974016
-6.974016
-6.974016
-6.974016
-6.974016
-6.974016
-6.974016
-6.974016
0.694682
-6.974016
-6.974016
-6.974016
-6.974016
-6.974016
-6.608686
-5.741123
-6.974016
-6.974016
-6.974016
-6.974016
-6.974016
-6.974016
-6.974016
-4.655580
-6.974016
-6.974016
-6.974016
-6.974016
-6.974016
-6.974016
-6.974016
-6.974016
-6.974016
-6.974016
-6.660289
-6.974016
-6.974016
-6.974016
-6.974016
-6.974016
-6.974016
-6.974016
-6.974016
-6.974016
-6.974016
-6.974016
-6.974016
-6.974016
-6.974016
-6.974016
-6.974016
-6.974016
-4.599409
-6.974016
-6.974016
-6.974016
-5.941724
-6.974016
-6.974016
-6.974016
-6.974016
4.488083
-6.974016
-6.974016
-6.974016
-6.974016
-6.974016
-6.294841
-1.079857
-6.974016
-6.974016
-6.974016
-6.974016
-6.974016
-6.974016
-6.974016
-6.974016
-6.309870
-6.974016
-6.974016
-6.974016
-6.974016
-6.974016
-6.974016
-6.974016
-6.974016
-6.974016
-6.974016
-6.974016
-1.541434
-6.974016
-6.974016
-6.974016
-6.974016
-6.974016
-6.974016
-6.974016
-6.974016
-6.974016
-6.974016
-6.974016
-6.974016
-6.974016
-6.974016
-6.974016
-6.974016
-6.974016
-6.767343
-1.878315
-6.092651
-6.974016
-6.012856
-6.974016
-6.974016
-6.974016
-6.974016
-6.974016
-6.974016
-6.974016
-4.115560
-6.974016
-6.974016
-4.867257
-6.788986
-6.974016
-6.974016
-6.974016
-6.974016
-6.974016
-6.974016
-6.974016
-6.974016
-6.974016
-6.974016
-6.974016
-6.974016
-6.974016
-6.974016
-6.974016
-6.974016
-2.437026
-6.974016
-6.974016
-6.974016
-6.974016
-6.974016
-6.974016
-6.974016
-6.974016
-6.974016
-6.974016
-6.974016
-6.974016
-6.974016
-6.974016
-6.974016
-6.974016
-6.974016
3.073337
-6.974016
-6.974016
-6.974016
-6.974016
-6.974016
-5.950079
-6.974016
-6.974016
-6.974016
-6.974016
-6.974016
-3.738891
-6.974016
-6.703363
-6.974016
-6.974016
-6.974016
-6.974016
-6.974016
-6.974016
-6.974016
-6.974016
-6.041048
-6.974016
-6.974016
-6.974016
-6.974016
-6.974016
-6.974016
1.729669
-6.974016
-6.974016
-6.738290
-6.974016
-6.974016
-6.974016
-6.974016
-6.974016
-6.974016
-6.974016
-6.974016
-6.974016
-6.974016
-6.974016
-6.974016
-6.974016
-6.974016
-6.974016
-6.974016
-6.974016
-6.974016
-6.408002
-6.974016
-6.974016
-6.974016
-6.527386
-5.814708
-6.974016
-6.974016
-6.974016
-6.974016
-6.974016
-6.974016
-6.766416
-6.974016
-6.974016
-6.974016
-6.773332
-6.607062
-6.974016
-6.974016
-6.974016
-6.974016
-6.974016
-6.974016
-6.974016
-6.974016
-6.974016
-6.974016
-6.974016
-6.974016
-6.974016
-6.974016
-6.974016
-6.974016
-6.974016
-6.974016
2.310336
-6.974016
-6.974016
-6.974016
-6.974016
-6.974016
-6.974016
-6.974016
-6.974016
-6.974016
-6.974016
-6.974016
-6.974016
-6.974016
-6.974016
-6.974016
-6.974016
-6.974016
-6.974016
-6.974016
-6.974016
-6.974016
-6.974016
-6.974016
-6.974016
-6.974016
-1.784851
-6.974016
-6.974016
-6.974016
-6.974016
-6.974016
-6.974016
-6.974016
-6.974016
-6.974016
-6.974016
5.676340
-6.974016
-6.974016
-6.974016
-5.196233
-6.974016
-6.974016
-6.974016
-6.974016
-6.974016
-6.974016
-6.974016
-6.974016
-6.974016
-6.974016
-6.974016
-6.974016
-6.974016
-6.974016
-6.974016
-6.974016
-6.974016
-6.974016
-6.974016
-6.974016
-6.518970
-6.974016
-6.974016
-6.974016
-6.974016
-6.974016
-6.974016
-6.974016
-6.974016
-6.974016
-6.974016
-6.974016
-6.974016
-6.974016
-6.974016
-4.675352
0.399933
-6.974016
-6.974016
-6.974016
-6.974016
-6.974016
-6.974016
-6.974016
-6.974016
-6.974016
-6.974016
-6.974016
-2.719193
-6.974016
-6.974016
-1.168864
-6.974016
-6.974016
-6.974016
-6.974016
-6.974016
-6.974016
-6.974016
-6.974016
-6.974016
-6.974016
-6.974016
-6.974016
-6.974016
-6.974016
-6.974016
-6.974016
-6.974016
-6.974016
-6.762691
-6.974016
-6.974016
-4.718897
-6.974016
-6.974016
-6.502442
-6.974016
-6.974016
-6.974016
-6.974016
-6.974016
-6.974016
-6.974016
-6.974016
-6.974016
-6.974016
-6.974016
-6.974016
-6.974016
-6.974016
-6.974016
-6.974016
-6.974016
-6.974016
-6.974016
-6.974016
-6.974016
-6.974016
-6.974016
-6.974016
-6.974016
-6.974016
-6.974016
2.453767
-6.974016
-6.974016
-6.974016
-6.974016
-5.507247
-6.974016
-6.974016
-6.250756
-6.974016
-6.974016
-6.974016
-6.350258
-6.974016
-6.974016
-6.974016
-6.974016
-6.431510
-6.974016
-6.974016
-6.974016
-6.974016
-6.974016
-6.974016
-6.550942
-1.140356
-6.974016
-6.974016
-6.974016
-6.974016
-6.518970
-6.974016
-6.974016
-6.974016
-6.974016
-6.974016
-6.974016
-6.974016
-6.974016
-6.974016
-6.974016
-6.974016
-6.974016
-6.974016
-6.974016
-6.974016
-6.974016
-6.974016
-6.608686
-6.974016
-5.940300
-6.974016
-6.974016
-6.974016
-6.974016
-6.974016
-6.974016
-6.974016
-6.974016
-6.974016
-6.974016
-6.974016
-6.974016
-6.974016
-6.974016
-6.974016
-6.974016
-6.974016
-6.974016
0.045657
-6.974016
-6.974016
-5.822807
-6.974016
-6.974016
-6.974016
-6.974016
-6.974016
-6.974016
-6.974016
-6.974016
-6.974016
-6.974016
-6.974016
-6.974016
-6.974016
-6.974016
-6.974016
-6.974016
-6.974016
-6.599066
-6.974016
-6.974016
-6.974016
-6.974016
-6.974016
-6.974016
-6.974016
-6.974016
-6.974016
-6.974016
-6.974016
-6.974016
-6.974016
-6.974016
-6.974016
-6.974016
-6.974016
-6.974016
-6.974016
-6.974016
-6.974016
-6.974016
-6.974016
-6.974016
-6.974016
-6.974016
-6.974016
-6.974016
-6.974016
-6.974016
-6.974016
-6.974016
-6.974016
-6.974016
-6.974016
-6.974016
-6.974016
-6.974016
-6.974016
-1.691955
-6.974016
-6.974016
-6.974016
-6.974016
-6.974016
-6.974016
-1.154427
-4.984647
-6.974016
-6.974016
-6.974016
-6.974016
-5.577022
-6.974016
-6.974016
-6.974016
-6.395737
-6.974016
-6.974016
-6.974016
-6.974016
3.342271
-6.974016
-6.974016
-6.974016
-6.974016
-6.974016
-1.618425
-6.974016
-6.974016
-6.974016
-6.974016
-6.974016
-6.974016
-6.974016
-6.974016
-6.974016
-6.974016
-6.974016
-6.974016
-6.974016
-6.974016
-6.974016
-6.974016
-6.974016
-6.734059
-6.974016
-6.974016
-6.974016
-6.974016
-6.974016
-6.974016
-6.974016
-6.974016
-6.974016
-6.974016
-6.974016
-6.974016
-6.974016
-6.974016
-6.974016
-6.974016
-6.974016
-4.955279
-6.974016
-6.732463
-6.974016
-6.974016
-6.974016
-6.974016
-6.974016
-6.974016
-6.974016
-6.974016
-6.974016
-6.974016
-4.863451
-6.974016
-6.974016
-6.974016
-6.974016
-6.974016
-6.974016
-6.974016
-6.974016
-6.974016
-6.974016
-6.974016
-6.974016
-6.974016
-6.974016
-0.330120
-6.974016
-6.784906
-6.974016
-6.974016
-6.974016
-6.974016
-6.974016
-6.974016
-6.974016
-6.974016
-6.974016
-6.974016
-6.974016
-6.974016
-1.829014
-6.974016
-6.766416
-6.974016
-6.974016
-6.974016
-6.974016
-6.974016
-6.974016
-6.974016
-6.974016
-5.942947
-6.974016
-6.974016
-6.974016
-6.974016
-6.974016
-6.974016
-6.974016
-6.974016
-6.974016
-6.974016
-6.974016
-6.974016
-6.974016
-6.974016
-6.974016
-6.974016
-6.974016
-6.974016
