9250, 13312, 17114, 9663, 9266, 15173, 911
Feature count is 7
Criterion1 result is ObjectIndex = 940, Distance = -0.4859184675810792395206690020, Value = 0.5231725867180669128770374504
Boundary = -0.4679043430382122734038220093
-1.014380
-0.568744
-1.014380
-1.014380
-1.014380
-1.014380
-1.014380
-1.014380
-1.014380
-1.014380
-1.014380
-1.014380
-1.014380
-0.808170
-1.014380
-1.014380
-1.014380
-1.014380
-1.014380
-1.014380
-1.014380
-1.014380
-1.014380
-1.014380
-1.014380
-1.014380
-1.014380
-1.014380
-1.014380
-1.014380
-1.014380
-1.014380
-1.014380
-1.014380
-1.014380
-0.285511
-1.014380
-1.014380
-1.014380
-1.014380
-1.014380
-1.014380
-1.014380
-1.014380
-1.014380
-1.014380
-1.014380
-1.014380
-1.014380
-1.014380
-1.014380
-1.014380
-1.014380
-1.014380
-1.014380
-1.014380
-0.285511
-1.014380
-0.210464
-1.014380
-1.014380
-1.014380
-1.014380
-1.014380
-1.014380
-1.014380
-1.014380
-1.014380
-1.014380
-1.014380
-1.014380
-1.014380
-1.014380
-1.014380
-1.014380
-0.725345
-1.014380
-1.014380
-1.014380
-1.014380
-1.014380
-1.014380
-1.014380
-1.014380
-1.014380
0.808170
-1.014380
-1.014380
-1.014380
-1.014380
-1.014380
-1.014380
-1.014380
-1.014380
-1.014380
-1.014380
-1.014380
-1.014380
-1.014380
-1.014380
-1.014380
-1.014380
-0.725345
-1.014380
-1.014380
-1.014380
-1.014380
-0.780756
-1.014380
-1.014380
-1.014380
-1.014380
-1.014380
-1.014380
-1.014380
-1.014380
-1.014380
-1.014380
-1.014380
-1.014380
-1.014380
-1.014380
-1.014380
-1.014380
-1.014380
-1.014380
-1.014380
-1.014380
-1.014380
-1.014380
-1.014380
-1.014380
-1.014380
-1.014380
-1.014380
-1.014380
0.046084
-1.014380
-1.014380
-1.014380
-1.014380
0.252294
-1.014380
-1.014380
-1.014380
-1.014380
-1.014380
-1.014380
-1.014380
-1.014380
-1.014380
-1.014380
-1.014380
-1.014380
-1.014380
-1.014380
-1.014380
-1.014380
-1.014380
-1.014380
-1.014380
-0.780756
-1.014380
-1.014380
-1.014380
-1.014380
-1.014380
-1.014380
-1.014380
-1.014380
-1.014380
-1.014380
-1.014380
-1.014380
-1.014380
-1.014380
-1.014380
-1.014380
-1.014380
-1.014380
-1.014380
-1.014380
-1.014380
-1.014380
-1.014380
-1.014380
-1.014380
-1.014380
-1.014380
-1.014380
-1.014380
-1.014380
-1.014380
-1.014380
-1.014380
-1.014380
-1.014380
-1.014380
-0.725345
-1.014380
-1.014380
-1.014380
-1.014380
-1.014380
-1.014380
-1.014380
-1.014380
-1.014380
-1.014380
-1.014380
-1.014380
-1.014380
-1.014380
-1.014380
-1.014380
-1.014380
-1.014380
-1.014380
-1.014380
-1.014380
-1.014380
-1.014380
-0.449890
-1.014380
-1.014380
-1.014380
-1.014380
-1.014380
-1.014380
-0.808170
-1.014380
-1.014380
-1.014380
-1.014380
-1.014380
-1.014380
-1.014380
-1.014380
-0.774954
-0.200285
-1.014380
-1.014380
-1.014380
-1.014380
-1.014380
-1.014380
-1.014380
-1.014380
-1.014380
-1.014380
-1.014380
-0.279709
-1.014380
-1.014380
-1.014380
-1.014380
-1.014380
-0.449890
-1.014380
-1.014380
-1.014380
-1.014380
-1.014380
-1.014380
-1.014380
-1.014380
-1.014380
-1.014380
-1.014380
-1.014380
-1.014380
-1.014380
-1.014380
-1.014380
-1.014380
-1.014380
-1.014380
-1.014380
-1.014380
-1.014380
-1.014380
-1.014380
-1.014380
-1.014380
-1.014380
-1.014380
-1.014380
-1.014380
-0.725345
-1.014380
-1.014380
-1.014380
-1.014380
-1.014380
1.014380
-1.014380
-1.014380
-1.014380
-1.014380
-1.014380
-1.014380
-1.014380
-1.014380
-1.014380
-1.014380
-1.014380
-1.014380
-1.014380
-1.014380
-1.014380
-1.014380
-1.014380
-1.014380
-1.014380
-1.014380
-1.014380
-0.519135
-1.014380
-1.014380
-1.014380
-1.014380
-1.014380
-1.014380
-1.014380
-1.014380
-1.014380
-1.014380
-1.014380
-1.014380
-1.014380
-1.014380
-1.014380
-1.014380
-1.014380
-1.014380
-0.774954
-1.014380
-1.014380
-1.014380
-1.014380
0.485918
-1.014380
-1.014380
-1.014380
-1.014380
-1.014380
-1.014380
-1.014380
-1.014380
-1.014380
-1.014380
-1.014380
-1.014380
-1.014380
-1.014380
-1.014380
-1.014380
-1.014380
-1.014380
-1.014380
-1.014380
-1.014380
-1.014380
-1.014380
-1.014380
-1.014380
-1.014380
-1.014380
-1.014380
-1.014380
-1.014380
-1.014380
-1.014380
-1.014380
-1.014380
-1.014380
-1.014380
-1.014380
1.014380
-1.014380
-1.014380
-1.014380
-1.014380
-1.014380
-1.014380
-1.014380
-1.014380
-1.014380
-1.014380
-1.014380
-1.014380
-1.014380
-1.014380
-1.014380
-1.014380
-1.014380
-1.014380
-1.014380
-1.014380
-1.014380
-1.014380
-1.014380
-1.014380
-1.014380
-1.014380
-1.014380
-1.014380
-1.014380
-1.014380
0.005925
-1.014380
-1.014380
-1.014380
-1.014380
-1.014380
-1.014380
-0.279709
-1.014380
-1.014380
-1.014380
-1.014380
-1.014380
-1.014380
-1.014380
-1.014380
-1.014380
-1.014380
-1.014380
-1.014380
-1.014380
-1.014380
-1.014380
-1.014380
-1.014380
-1.014380
-1.014380
-1.014380
-1.014380
-0.004254
-1.014380
-1.014380
-1.014380
-1.014380
-1.014380
-1.014380
-0.725345
-1.014380
0.328176
-1.014380
-1.014380
-1.014380
-1.014380
-1.014380
-1.014380
-1.014380
-1.014380
-1.014380
-1.014380
-1.014380
0.328176
-1.014380
-1.014380
-1.014380
-1.014380
-0.774954
-1.014380
-1.014380
-1.014380
-1.014380
-1.014380
-1.014380
-1.014380
-1.014380
-1.014380
-1.014380
-1.014380
-1.014380
-1.014380
-1.014380
-1.014380
-0.774954
-1.014380
-1.014380
-1.014380
-1.014380
-1.014380
-1.014380
-1.014380
-1.014380
-1.014380
-1.014380
-1.014380
-1.014380
-1.014380
-1.014380
-1.014380
-1.014380
-0.808170
-1.014380
-1.014380
-1.014380
-1.014380
-1.014380
-1.014380
-1.014380
-1.014380
-1.014380
-1.014380
-1.014380
-0.279709
-0.768010
-1.014380
-1.014380
-1.014380
-1.014380
-0.528584
-1.014380
-1.014380
-1.014380
-1.014380
-1.014380
-1.014380
-1.014380
-1.014380
-1.014380
-1.014380
-1.014380
-1.014380
-1.014380
-1.014380
-1.014380
-1.014380
-1.014380
-1.014380
-1.014380
-1.014380
-1.014380
-1.014380
-1.014380
-1.014380
-1.014380
-1.014380
-1.014380
-1.014380
-1.014380
-1.014380
-1.014380
-1.014380
-1.014380
-1.014380
-1.014380
-0.808170
-1.014380
-1.014380
-1.014380
-1.014380
-1.014380
-1.014380
-1.014380
-0.216266
-1.014380
-1.014380
-1.014380
-1.014380
-1.014380
-1.014380
-0.491720
0.574546
-1.014380
-1.014380
-1.014380
-1.014380
-1.014380
-1.014380
-1.014380
-1.014380
-1.014380
-1.014380
-1.014380
-1.014380
-0.285511
-1.014380
-1.014380
-1.014380
-1.014380
-1.014380
-1.014380
-1.014380
-1.014380
0.568744
-1.014380
-1.014380
-1.014380
-1.014380
-1.014380
-1.014380
-1.014380
-1.014380
-0.780756
-1.014380
-1.014380
-1.014380
-1.014380
-1.014380
-1.014380
-1.014380
-1.014380
-1.014380
-1.014380
-1.014380
-1.014380
-1.014380
-1.014380
-1.014380
-1.014380
-0.449890
-1.014380
-1.014380
-1.014380
-1.014380
-1.014380
-1.014380
-1.014380
-1.014380
-1.014380
-1.014380
-1.014380
-1.014380
-1.014380
-1.014380
-1.014380
-1.014380
-1.014380
-1.014380
-1.014380
-1.014380
-1.014380
-1.014380
-1.014380
-1.014380
-1.014380
-1.014380
-1.014380
-1.014380
0.278979
-1.014380
-1.014380
-1.014380
-1.014380
-1.014380
-1.014380
-1.014380
-1.014380
-1.014380
-1.014380
-1.014380
-1.014380
-1.014380
-1.014380
-1.014380
-1.014380
-1.014380
-1.014380
-1.014380
-1.014380
-1.014380
-1.014380
-1.014380
-1.014380
-1.014380
-1.014380
-1.014380
-1.014380
-1.014380
-1.014380
-1.014380
-0.252294
-1.014380
-1.014380
-1.014380
-1.014380
-1.014380
-1.014380
-1.014380
-1.014380
-1.014380
-1.014380
-1.014380
-1.014380
-1.014380
-1.014380
-1.014380
-1.014380
-1.014380
-1.014380
-1.014380
-1.014380
-1.014380
-1.014380
-1.014380
-1.014380
-1.014380
-1.014380
-1.014380
-1.014380
-1.014380
-0.491720
-1.014380
-1.014380
-1.014380
-1.014380
-1.014380
-1.014380
-1.014380
-1.014380
-1.014380
-1.014380
-1.014380
-1.014380
-1.014380
-1.014380
-1.014380
-1.014380
-1.014380
-1.014380
-1.014380
-1.014380
0.046084
-1.014380
-1.014380
-1.014380
-1.014380
-1.014380
-1.014380
-1.014380
-1.014380
-1.014380
-1.014380
-1.014380
-1.014380
-1.014380
-1.014380
-1.014380
-0.203521
-1.014380
-1.014380
-1.014380
-1.014380
-1.014380
-1.014380
-1.014380
-1.014380
-1.014380
-1.014380
-1.014380
-1.014380
-1.014380
-1.014380
-1.014380
-1.014380
-0.725345
-1.014380
-1.014380
-1.014380
-1.014380
-1.014380
-1.014380
-1.014380
-1.014380
-1.014380
-1.014380
-1.014380
-1.014380
-0.203521
-1.014380
-1.014380
-1.014380
-1.014380
-1.014380
-1.014380
-1.014380
-1.014380
-1.014380
-1.014380
-1.014380
-1.014380
-1.014380
-1.014380
-1.014380
0.768010
-1.014380
-1.014380
-1.014380
-1.014380
-1.014380
-1.014380
-1.014380
-0.485918
-1.014380
-1.014380
-1.014380
-1.014380
-1.014380
-1.014380
-1.014380
-1.014380
-1.014380
-1.014380
-1.014380
-1.014380
-1.014380
-0.491720
-1.014380
-1.014380
-1.014380
-1.014380
-1.014380
-1.014380
-1.014380
-1.014380
-1.014380
-0.780756
-1.014380
-1.014380
-1.014380
-1.014380
-1.014380
-1.014380
-1.014380
-1.014380
-1.014380
-1.014380
-1.014380
-1.014380
-1.014380
-1.014380
-1.014380
-1.014380
-1.014380
-1.014380
-1.014380
-0.780756
-1.014380
-1.014380
-1.014380
-1.014380
-0.574546
-1.014380
-1.014380
-1.014380
-1.014380
-1.014380
-1.014380
-1.014380
-1.014380
-1.014380
-1.014380
-0.808170
-1.014380
-1.014380
-1.014380
-1.014380
-1.014380
-1.014380
-0.808170
-1.014380
-1.014380
-1.014380
-1.014380
-1.014380
-1.014380
-1.014380
-1.014380
-1.014380
-1.014380
-1.014380
-0.725345
-1.014380
-1.014380
-1.014380
-0.725345
-1.014380
-1.014380
-1.014380
-1.014380
-1.014380
-1.014380
-1.014380
-1.014380
-1.014380
-1.014380
-1.014380
-1.014380
-1.014380
-1.014380
-1.014380
-1.014380
-1.014380
-1.014380
-1.014380
-1.014380
-1.014380
-1.014380
-1.014380
-1.014380
-1.014380
-1.014380
-1.014380
-1.014380
-1.014380
-1.014380
-1.014380
-1.014380
-1.014380
-1.014380
-1.014380
-1.014380
-1.014380
-1.014380
-1.014380
-1.014380
-1.014380
-0.725345
-1.014380
-1.014380
-1.014380
-1.014380
-1.014380
-1.014380
-1.014380
-1.014380
-1.014380
-1.014380
-1.014380
-1.014380
-1.014380
-1.014380
-1.014380
-1.014380
-1.014380
-0.485918
-1.014380
-1.014380
-0.725345
-1.014380
-1.014380
-1.014380
-1.014380
-1.014380
-1.014380
-1.014380
-1.014380
-1.014380
-1.014380
-1.014380
-1.014380
-1.014380
-0.808170
0.269530
-1.014380
-1.014380
-0.210464
-1.014380
-1.014380
-1.014380
-1.014380
-1.014380
-1.014380
-1.014380
-1.014380
-1.014380
-1.014380
-1.014380
-1.014380
-1.014380
-1.014380
-1.014380
-1.014380
-1.014380
-1.014380
-1.014380
-1.014380
-1.014380
-1.014380
-1.014380
-1.014380
-1.014380
-1.014380
-1.014380
-1.014380
-1.014380
-1.014380
-1.014380
-1.014380
-1.014380
-1.014380
-1.014380
-1.014380
-1.014380
-0.774954
-1.014380
-1.014380
-1.014380
-1.014380
-1.014380
-1.014380
-1.014380
-0.768010
-1.014380
-1.014380
-1.014380
-1.014380
-1.014380
-1.014380
-1.014380
-1.014380
-1.014380
0.525348
-1.014380
-1.014380
-1.014380
-0.725345
-1.014380
-1.014380
0.072769
-1.014380
-1.014380
-1.014380
-1.014380
-1.014380
-1.014380
-1.014380
-1.014380
-1.014380
-1.014380
-1.014380
-1.014380
-1.014380
-1.014380
-0.203521
-1.014380
-1.014380
-1.014380
-1.014380
-1.014380
-1.014380
-1.014380
-1.014380
-1.014380
-1.014380
-1.014380
-1.014380
-1.014380
-1.014380
-1.014380
0.780756
-1.014380
-1.014380
-1.014380
-1.014380
-1.014380
-1.014380
-1.014380
-1.014380
-1.014380
-1.014380
-1.014380
-1.014380
-1.014380
-1.014380
-1.014380
-1.014380
-1.014380
-1.014380
-1.014380
-1.014380
-1.014380
-1.014380
-1.014380
-1.014380
-1.014380
-1.014380
-1.014380
-1.014380
-1.014380
-1.014380
-1.014380
-1.014380
-1.014380
-1.014380
-0.004254
-1.014380
-1.014380
-1.014380
-1.014380
-1.014380
-0.808170
-1.014380
-1.014380
-1.014380
-0.568744
-1.014380
-1.014380
-1.014380
1.014380
-1.014380
-1.014380
-1.014380
-1.014380
-1.014380
-1.014380
-1.014380
-1.014380
-0.780756
0.528584
-1.014380
-1.014380
-1.014380
-1.014380
-1.014380
-1.014380
-1.014380
-1.014380
-1.014380
-1.014380
-1.014380
-0.780756
-1.014380
-1.014380
-1.014380
-1.014380
-1.014380
-1.014380
-1.014380
-1.014380
-1.014380
-1.014380
-1.014380
-1.014380
-1.014380
-1.014380
-1.014380
-1.014380
-1.014380
-1.014380
-1.014380
-1.014380
-1.014380
-1.014380
-1.014380
-1.014380
-1.014380
-1.014380
-0.780756
-1.014380
-1.014380
-1.014380
-1.014380
-1.014380
-1.014380
-1.014380
-1.014380
-1.014380
-1.014380
-1.014380
-1.014380
-0.449890
-1.014380
-1.014380
-1.014380
-1.014380
-1.014380
-1.014380
-1.014380
-1.014380
-1.014380
-1.014380
-1.014380
-1.014380
-1.014380
-1.014380
-1.014380
-1.014380
-1.014380
-1.014380
-1.014380
-1.014380
-1.014380
-1.014380
-1.014380
-1.014380
-1.014380
-1.014380
-1.014380
-1.014380
-1.014380
-0.725345
-1.014380
-1.014380
-1.014380
-1.014380
-1.014380
-1.014380
0.319138
-1.014380
-1.014380
-1.014380
-1.014380
-1.014380
-1.014380
0.491720
-1.014380
-1.014380
-1.014380
-1.014380
-1.014380
-1.014380
-1.014380
-1.014380
-1.014380
-1.014380
-1.014380
-1.014380
-0.491720
-1.014380
-1.014380
-1.014380
-1.014380
-1.014380
-0.725345
-1.014380
-1.014380
-1.014380
-1.014380
-1.014380
-1.014380
-1.014380
-0.252294
-1.014380
-1.014380
-1.014380
-1.014380
-1.014380
-1.014380
-1.014380
-1.014380
-1.014380
-0.568744
-1.014380
-1.014380
-1.014380
-1.014380
-1.014380
-1.014380
-1.014380
-1.014380
-1.014380
-1.014380
-0.046084
-1.014380
-1.014380
-1.014380
-1.014380
-1.014380
-0.725345
-0.774954
-1.014380
-1.014380
-1.014380
-1.014380
-1.014380
-1.014380
-1.014380
-0.285511
-1.014380
-1.014380
-1.014380
-1.014380
-1.014380
-1.014380
-1.014380
-1.014380
-1.014380
-1.014380
-1.014380
-1.014380
-1.014380
-1.014380
-1.014380
-1.014380
-1.014380
-1.014380
-1.014380
-1.014380
-1.014380
-1.014380
-1.014380
-1.014380
-1.014380
-1.014380
-1.014380
-1.014380
-0.725345
-1.014380
-1.014380
-1.014380
-1.014380
-1.014380
-1.014380
-1.014380
-1.014380
1.014380
-1.014380
-1.014380
-1.014380
-1.014380
-1.014380
-0.449890
0.574546
-1.014380
-1.014380
-1.014380
-1.014380
-1.014380
-1.014380
-1.014380
-1.014380
-1.014380
-1.014380
-1.014380
-1.014380
-1.014380
-1.014380
-1.014380
-1.014380
-1.014380
-1.014380
-1.014380
-1.014380
0.335120
-1.014380
-1.014380
-1.014380
-1.014380
-1.014380
-1.014380
-1.014380
-1.014380
-1.014380
-1.014380
-1.014380
-1.014380
-1.014380
-1.014380
-1.014380
-1.014380
-1.014380
-1.014380
-1.014380
-0.780756
-1.014380
-0.808170
-1.014380
-1.014380
-1.014380
-1.014380
-1.014380
-1.014380
-1.014380
-0.725345
-1.014380
-1.014380
-0.449890
-1.014380
-1.014380
-1.014380
-1.014380
-1.014380
-1.014380
-1.014380
-1.014380
-1.014380
-1.014380
-1.014380
-1.014380
-1.014380
-1.014380
-1.014380
-1.014380
-1.014380
-0.725345
-1.014380
-1.014380
-1.014380
-1.014380
-1.014380
-1.014380
-1.014380
-1.014380
-1.014380
-1.014380
-1.014380
-1.014380
-1.014380
-1.014380
-1.014380
-1.014380
-1.014380
0.236313
-1.014380
-1.014380
-1.014380
-1.014380
-1.014380
-0.725345
-1.014380
-1.014380
-1.014380
-1.014380
-1.014380
-1.014380
-1.014380
-1.014380
-1.014380
-1.014380
-1.014380
-1.014380
-1.014380
-1.014380
-1.014380
-1.014380
-0.725345
-1.014380
-1.014380
-1.014380
-1.014380
-1.014380
-1.014380
1.014380
-1.014380
-1.014380
-1.014380
-1.014380
-1.014380
-1.014380
-1.014380
-1.014380
-1.014380
-1.014380
-1.014380
-1.014380
-1.014380
-1.014380
-1.014380
-1.014380
-1.014380
-1.014380
-1.014380
-1.014380
-1.014380
-0.519135
-1.014380
-1.014380
-1.014380
-0.568744
-0.725345
-1.014380
-1.014380
-1.014380
-1.014380
-1.014380
-1.014380
-1.014380
-1.014380
-1.014380
-1.014380
-0.780756
-0.725345
-1.014380
-1.014380
-1.014380
-1.014380
-1.014380
-1.014380
-1.014380
-1.014380
-1.014380
-1.014380
-1.014380
-1.014380
-1.014380
-1.014380
-1.014380
-1.014380
-1.014380
-1.014380
0.525348
-1.014380
-1.014380
-1.014380
-1.014380
-1.014380
-1.014380
-1.014380
-1.014380
-1.014380
-1.014380
-1.014380
-1.014380
-1.014380
-1.014380
-1.014380
-1.014380
-1.014380
-1.014380
-1.014380
-1.014380
-1.014380
-1.014380
-1.014380
-1.014380
-1.014380
-1.014380
-1.014380
-1.014380
-1.014380
-1.014380
-1.014380
-1.014380
-1.014380
-1.014380
-1.014380
-1.014380
0.780756
-1.014380
-1.014380
-1.014380
-0.780756
-1.014380
-1.014380
-1.014380
-1.014380
-1.014380
-1.014380
-1.014380
-1.014380
-1.014380
-1.014380
-1.014380
-1.014380
-1.014380
-1.014380
-1.014380
-1.014380
-1.014380
-1.014380
-1.014380
-1.014380
-1.014380
-1.014380
-1.014380
-1.014380
-1.014380
-1.014380
-1.014380
-1.014380
-1.014380
-1.014380
-1.014380
-1.014380
-1.014380
-1.014380
-1.014380
-0.774954
1.014380
-1.014380
-1.014380
-1.014380
-1.014380
-1.014380
-1.014380
-1.014380
-1.014380
-1.014380
-1.014380
-1.014380
-0.725345
-1.014380
-1.014380
-0.491720
-0.010056
-1.014380
-1.014380
-1.014380
-1.014380
-1.014380
-1.014380
-1.014380
-1.014380
-1.014380
-1.014380
-1.014380
-1.014380
-1.014380
-1.014380
-1.014380
-1.014380
-1.014380
-1.014380
-1.014380
-1.014380
-0.491720
-1.014380
-1.014380
-0.449890
-1.014380
-1.014380
-1.014380
-1.014380
-1.014380
-1.014380
-1.014380
-1.014380
-1.014380
-1.014380
-1.014380
-1.014380
-1.014380
-1.014380
-1.014380
-1.014380
-1.014380
-1.014380
-1.014380
-1.014380
-1.014380
-1.014380
-1.014380
-1.014380
-1.014380
-1.014380
-1.014380
1.014380
-1.014380
-1.014380
-1.014380
-1.014380
-0.780756
-1.014380
-1.014380
-1.014380
-1.014380
-1.014380
-1.014380
-0.491720
-1.014380
-1.014380
-1.014380
-1.014380
-0.491720
-1.014380
-1.014380
-1.014380
-1.014380
-1.014380
-1.014380
-1.014380
-0.285511
-1.014380
-1.014380
-1.014380
-1.014380
-0.449890
-1.014380
-1.014380
-1.014380
-1.014380
-1.014380
-1.014380
-1.014380
-1.014380
-1.014380
-1.014380
-1.014380
-1.014380
-1.014380
-1.014380
-1.014380
-1.014380
-1.014380
-0.780756
-1.014380
-1.014380
-1.014380
-1.014380
-1.014380
-1.014380
-1.014380
-1.014380
-1.014380
-1.014380
-1.014380
-1.014380
-1.014380
-1.014380
-1.014380
-1.014380
-1.014380
-1.014380
-1.014380
-1.014380
-0.725345
-1.014380
-1.014380
-0.725345
-1.014380
-1.014380
-1.014380
-1.014380
-1.014380
-1.014380
-1.014380
-1.014380
-1.014380
-1.014380
-1.014380
-1.014380
-1.014380
-1.014380
-1.014380
-1.014380
-1.014380
-1.014380
-1.014380
-1.014380
-1.014380
-1.014380
-1.014380
-1.014380
-1.014380
-1.014380
-1.014380
-1.014380
-1.014380
-1.014380
-1.014380
-1.014380
-1.014380
-1.014380
-1.014380
-1.014380
-1.014380
-1.014380
-1.014380
-1.014380
-1.014380
-1.014380
-1.014380
-1.014380
-1.014380
-1.014380
-1.014380
-1.014380
-1.014380
-1.014380
-1.014380
-1.014380
-1.014380
-1.014380
-1.014380
-1.014380
-1.014380
-1.014380
-1.014380
-1.014380
-1.014380
-1.014380
-1.014380
-1.014380
-1.014380
-0.780756
-1.014380
-1.014380
-1.014380
-1.014380
-0.725345
-1.014380
-1.014380
-1.014380
-0.725345
-1.014380
-1.014380
-1.014380
-1.014380
0.236313
-1.014380
-1.014380
-1.014380
-1.014380
-1.014380
0.312195
-1.014380
-1.014380
-1.014380
-1.014380
-1.014380
-1.014380
-1.014380
-1.014380
-1.014380
-1.014380
-1.014380
-1.014380
-1.014380
-1.014380
-1.014380
-1.014380
-1.014380
-0.774954
-1.014380
-1.014380
-1.014380
-1.014380
-1.014380
-1.014380
-1.014380
-1.014380
-1.014380
-1.014380
-1.014380
-1.014380
-1.014380
-1.014380
-1.014380
-1.014380
-1.014380
-1.014380
-1.014380
-1.014380
-1.014380
-1.014380
-1.014380
-1.014380
-1.014380
-1.014380
-1.014380
-1.014380
-1.014380
-1.014380
-0.491720
-1.014380
-1.014380
-1.014380
-1.014380
-1.014380
-1.014380
-1.014380
-1.014380
-1.014380
-1.014380
-1.014380
-1.014380
-1.014380
-1.014380
-0.774954
-1.014380
-1.014380
-1.014380
-1.014380
-1.014380
-1.014380
-1.014380
-1.014380
-1.014380
-1.014380
-1.014380
-1.014380
-1.014380
-1.014380
-1.014380
-1.014380
-1.014380
-1.014380
-1.014380
-1.014380
-1.014380
-1.014380
-1.014380
-1.014380
-1.014380
-1.014380
-1.014380
-1.014380
-1.014380
-1.014380
-1.014380
-1.014380
-1.014380
-1.014380
-1.014380
-1.014380
-1.014380
-1.014380
-1.014380
-1.014380
-1.014380
-1.014380
-1.014380
-1.014380
