79662, 57741, 71951, 79650, 103341, 95895, 9669, 3304, 62207, 80648, 85362, 68491, 8451, 68604, 96027, 96238, 72030, 9480, 77574, 72872, 38653, 86221, 79468, 51538, 79961, 115680, 103126, 72877, 10548, 28816, 35274, 79739, 39539, 93538, 79656, 28696, 79701, 51180, 123854, 79696, 35635, 9674, 79608, 35329, 26467
Feature count is 45
Criterion1 result is ObjectIndex = 1548, Distance = -3.6467837768005324235389632678, Value = 0.7470252947051416978407714850
Boundary = -3.6325823149918149095562195753
-5.172853
-5.390993
-5.705567
-5.705567
-5.705567
-5.705567
-5.705567
-5.705567
-5.705567
-5.705567
-5.705567
-5.705567
-5.705567
-5.186170
-5.705567
-5.705567
-5.705567
-5.705567
-5.705567
-4.007551
-5.705567
-5.705567
-5.705567
-5.705567
-5.705567
-5.705567
-5.705567
-5.705567
-5.705567
-5.705567
-5.705567
-5.705567
-5.705567
-4.361510
-5.705567
-4.633593
-5.705567
-5.705567
-3.608522
-5.705567
-5.705567
-5.120340
-5.705567
-5.705567
-5.705567
-5.705567
-5.705567
-5.705567
-5.705567
-5.705567
-5.705567
-5.705567
-5.705567
-4.978075
-5.705567
-4.888503
-3.195677
-5.705567
-1.661986
-5.390993
-5.705567
-5.705567
-5.705567
-5.705567
-5.705567
-5.705567
-5.705567
-5.705567
-5.705567
-5.705567
-5.705567
-5.705567
-5.705567
-5.705567
-5.705567
-5.705567
-5.705567
-5.705567
-5.705567
-5.494709
-5.705567
-5.705567
-5.705567
-5.705567
-5.705567
4.021048
-5.705567
-5.705567
-5.705567
-5.705567
-5.705567
-5.705567
-5.705567
-5.705567
-5.390993
-5.705567
-5.705567
-5.705567
-5.705567
-5.705567
-5.705567
-5.705567
-4.482315
-5.390993
-5.705567
-5.705567
-5.037203
-1.557663
-5.705567
-5.705567
-5.346901
-5.705567
-5.705567
-5.705567
-5.390993
-5.172853
-5.705567
-5.705567
-5.147326
-5.705567
-5.705567
-5.705567
-5.056431
-5.705567
-5.705567
-3.618381
-4.926979
-5.705567
-5.705567
-5.705567
-5.705567
-5.172853
-5.705567
-5.705567
-5.705567
-5.705567
-1.659309
-5.705567
-5.705567
-4.989621
-5.705567
-4.436106
-5.147326
-5.705567
-5.705567
-5.164830
-5.705567
-5.705567
-5.234605
-5.705567
-5.705567
-5.705567
-5.705567
-5.705567
-5.705567
-5.705567
-5.705567
-5.705567
-5.014356
-5.705567
-5.705567
-5.234605
-5.232853
-5.705567
-5.705567
-5.705567
-5.705567
-3.848844
-5.705567
-5.705567
-5.705567
-5.705567
-5.705567
-5.705567
-5.705567
-5.705567
-5.705567
-5.705567
-4.573929
-5.705567
-5.705567
-5.705567
-5.705567
-5.705567
-5.705567
-5.705567
-5.390993
-5.705567
-5.705567
-5.705567
-5.705567
-5.705567
-5.705567
-5.705567
-5.172853
-5.705567
-5.705567
-5.705567
-5.705567
-5.705567
-5.705567
-5.705567
-5.705567
-5.705567
-5.705567
-5.705567
-5.705567
-5.705567
-5.705567
-5.705567
-5.705567
-5.705567
-5.705567
-4.888781
-5.390993
-5.705567
-5.705567
-5.705567
-5.705567
-5.705567
-5.705567
-5.705567
-4.050370
-5.705567
-5.390993
-5.243377
-5.705567
-5.705567
-5.705567
-4.573929
-5.705567
-5.705567
-5.705567
-4.149234
-5.705567
-5.705567
-5.705567
-5.705567
-3.673088
-4.032444
-5.705567
-5.705567
-5.705567
-5.705567
-5.705567
-5.705567
-5.705567
-5.705567
-5.705567
-5.705567
-5.705567
-3.667960
-5.705567
-5.705567
-5.705567
-5.705567
-5.705567
-1.979802
-5.705567
-5.705567
-5.390993
-5.705567
-5.705567
-5.705567
-5.705567
-5.705567
-5.705567
-3.333518
-5.705567
-5.705567
-5.705567
-5.705567
-5.705567
-5.705567
-5.705567
-5.705567
-5.705567
-5.705567
-5.705567
-5.705567
-5.705567
-5.705567
-5.705567
-5.705567
-5.705567
-5.705567
-5.705567
-5.705567
-5.419129
-5.705567
-5.705567
-5.705567
-5.705567
-5.705567
-0.206577
-5.705567
-5.705567
-5.705567
-5.705567
-5.705567
-5.705567
-5.705567
-5.705567
-5.705567
-5.705567
-5.705567
-5.705567
-5.705567
-5.705567
-5.705567
-5.705567
-5.705567
-5.705567
-5.705567
-5.705567
-5.705567
-2.576257
-2.844122
-5.705567
-5.705567
-5.705567
-5.705567
-5.120340
-5.705567
-5.390993
-5.705567
-5.705567
-5.705567
-5.705567
-5.705567
-5.705567
-5.705567
-5.705567
-5.705567
-5.705567
-4.573929
-5.705567
-5.705567
-5.705567
-5.705567
-3.345520
-5.705567
-5.705567
-5.705567
-5.705567
-5.705567
-5.705567
-5.705567
-5.705567
-5.705567
-5.705567
-5.705567
-5.705567
-5.705567
-5.705567
-5.705567
-5.705567
-5.705567
-5.705567
-5.705567
-5.705567
-5.705567
-5.705567
-5.705567
-5.705567
-5.705567
-5.705567
-5.705567
-5.705567
-5.390993
-5.705567
-5.705567
-5.705567
-5.705567
-5.705567
-5.705567
-5.705567
-5.705567
-2.583465
-5.705567
-5.705567
-5.705567
-5.359160
-5.705567
-5.705567
-5.705567
-5.705567
-5.705567
-5.705567
-3.826477
-5.705567
-5.705567
-5.705567
-5.705567
-5.705567
-5.705567
-5.705567
-5.705567
-5.705567
-5.126291
-5.705567
-5.705567
-5.705567
-5.434914
-5.705567
-5.705567
-5.705567
-5.705567
-5.705567
-5.705567
-5.705567
-5.705567
-5.705567
-5.705567
-5.390993
-5.705567
-5.232878
-5.705567
-5.705567
-5.705567
-4.579651
-5.705567
-5.705567
-5.705567
-5.705567
-5.705567
-5.705567
-5.705567
-5.705567
-5.705567
-5.705567
-5.705567
-5.705567
-5.705567
-5.705567
-5.705567
-5.705567
-5.705567
-0.156305
-4.652927
-5.705567
-5.705567
-5.705567
-5.705567
-5.705567
-4.787291
-5.705567
1.271839
-5.705567
-5.705567
-5.705567
-5.705567
-5.705567
-5.705567
-5.705567
-5.705567
-4.832752
-5.705567
-5.705567
-5.705567
-5.705567
-5.705567
-4.832752
-5.705567
-4.208032
-5.705567
-5.705567
-5.705567
-5.705567
-5.705567
-5.705567
-5.705567
-5.705567
-5.705567
-5.365186
-5.705567
-5.705567
-5.705567
-5.705567
-4.626450
-4.401243
-5.705567
-5.705567
-5.705567
-5.705567
-5.705567
-4.888503
-5.705567
-5.705567
-5.705567
-5.705567
-5.705567
-5.705567
-5.705567
-5.705567
-5.088093
-5.216499
-4.463805
-5.705567
-5.705567
-5.705567
-5.705567
-5.705567
-5.705567
-5.705567
-5.705567
-5.705567
-5.705567
-5.705567
-4.436106
-3.787555
-5.705567
-5.705567
-5.390993
-5.705567
-4.103391
-5.705567
-5.705567
-5.705567
-5.705567
-5.705567
-5.705567
-4.678665
-5.705567
-5.705567
-5.705567
-5.705567
-5.705567
-5.705567
-5.705567
-5.705567
-5.705567
-5.705567
-5.705567
-5.705567
-5.705567
-5.705567
-5.705567
-5.705567
-5.705567
-5.705567
-5.705567
-5.705567
-4.415452
-5.705567
-5.705567
-4.573929
-5.705567
-4.509448
-5.705567
-5.705567
-4.123673
-2.549351
-4.989621
-5.705567
-5.705567
-5.705567
-5.705567
-5.705567
-3.067923
-5.705567
-5.705567
-5.390993
-5.705567
-5.705567
-5.705567
-2.405352
1.690119
-5.705567
-5.705567
-5.705567
-5.705567
-5.705567
-5.705567
-5.705567
-0.191397
-5.705567
-5.705567
-5.705567
-5.705567
-0.425192
-5.705567
-5.705567
-5.705567
-5.705567
-4.996768
-5.705567
-5.705567
-5.705567
-1.820802
-5.705567
-5.705567
-5.705567
-5.705567
-5.705567
-5.705567
-4.671072
-5.705567
-4.032444
-5.705567
-5.705567
-5.705567
-5.705567
-5.705567
-5.172853
-5.705567
-5.705567
-5.705567
-5.390993
-5.705567
-5.705567
-5.705567
-5.705567
-5.390993
-5.705567
1.226912
-5.705567
-5.705567
-5.705567
-5.705567
-5.705567
-5.705567
-5.705567
-5.705567
-5.705567
-5.705567
-4.324405
-4.729927
-5.705567
-5.705567
-5.705567
-5.705567
-5.705567
-5.705567
-5.705567
-5.705567
-5.705567
-5.705567
-5.705567
-5.705567
-5.705567
-5.705567
-5.705567
-5.705567
-3.393324
-5.705567
-5.705567
-5.705567
-5.705567
-5.705567
-5.705567
-1.616675
-5.705567
-5.705567
-5.705567
-5.705567
-5.705567
-5.705567
-5.705567
-5.705567
-5.705567
-5.705567
-5.705567
-5.705567
-5.705567
-5.705567
-5.705567
-5.705567
-5.705567
-5.705567
-5.705567
-5.705567
-5.705567
-5.390993
-5.705567
-5.705567
-1.145502
-5.705567
-5.705567
-5.390993
-5.705567
-5.705567
-5.705567
-5.705567
-5.705567
-5.705567
-5.705567
-5.705567
-5.705567
-5.705567
-5.705567
-5.705567
-5.705567
-5.705567
-5.172853
-5.705567
-5.705567
-5.705567
-5.705567
-5.705567
-5.104555
-5.705567
-5.705567
-5.705567
-5.705567
-5.705567
-4.633593
-5.705567
-5.705567
-5.705567
-5.705567
-5.705567
-5.705567
-5.705567
-5.705567
-5.705567
-5.705567
-5.705567
-5.705567
-5.705567
-5.705567
-5.705567
-5.705567
-5.705567
-5.705567
-5.705567
-5.705567
-2.543138
-5.705567
-5.705567
-5.705567
-5.705567
-5.705567
-5.705567
-5.705567
-5.705567
-5.705567
-5.705567
-5.705567
-5.705567
-5.705567
-5.705567
-5.705567
-3.588212
-5.705567
-5.705567
-5.705567
-5.705567
-5.705567
-5.705567
-5.705567
-5.705567
-5.192276
-5.705567
-5.705567
-5.705567
-5.282448
-5.705567
-5.705567
-5.705567
-3.352118
-5.705567
-5.705567
-5.705567
-5.705567
-5.705567
-5.705567
-5.705567
-4.573929
-5.705567
-5.705567
-5.705567
-5.705567
-3.419918
-5.705567
-4.362604
-5.705567
-5.705567
-5.705567
-5.705567
-4.369106
-5.705567
-5.705567
-5.705567
-5.705567
-5.705567
-5.705567
-5.705567
-5.705567
-0.207060
-5.705567
-4.434819
-5.705567
-5.705567
-5.705567
-5.705567
-5.705567
-5.503507
-5.705567
-5.705567
-5.705567
-5.705567
-5.092626
-5.705567
-1.738929
-5.705567
-5.705567
-5.705567
-5.705567
-5.705567
-5.705567
-2.023516
-5.390993
-5.705567
-5.705567
-5.705567
-5.705567
-5.705567
-5.705567
-5.705567
-5.705567
-4.075072
-5.705567
-5.705567
-5.705567
-5.705567
-5.705567
-5.705567
-5.705567
-5.705567
-5.705567
-5.705567
-5.705567
-5.705567
-5.705567
-5.705567
-5.705567
-5.705567
-5.705567
-4.656325
-5.705567
0.469324
-5.503507
-5.705567
-5.306019
-5.705567
-2.693718
-5.705567
-5.705567
-5.705567
-5.705567
-5.705567
-5.705567
-5.705567
-5.705567
-5.705567
-5.705567
-4.894224
-5.172853
-5.705567
-5.705567
-4.729491
-5.705567
-5.705567
-4.857463
-5.705567
-5.705567
-5.705567
-5.705567
-5.705567
-5.705567
-5.705567
-5.705567
-5.705567
-5.705567
-5.705567
-1.729599
-4.614612
-5.705567
-5.705567
-4.399776
-5.705567
-5.705567
-5.705567
-5.705567
-5.705567
-5.705567
-5.705567
-5.705567
-5.705567
-5.705567
-5.705567
-5.705567
-5.705567
-5.705567
-5.467730
-3.595608
-5.705567
-5.705567
-5.705567
-5.705567
-5.172853
-4.374828
-5.705567
-5.705567
-5.705567
-5.705567
-5.172853
-5.705567
-5.705567
-5.705567
-5.705567
-3.184228
-5.705567
-5.705567
-5.705567
-5.705567
-5.263104
-5.705567
-5.705567
-5.705567
-5.705567
-5.467730
-5.705567
-5.705567
-5.705567
-5.705567
-5.705567
-5.705567
-5.705567
-5.705567
-5.705567
-5.705567
-5.705567
-5.705567
-5.705567
-5.705567
-5.705567
-5.390993
-5.705567
-4.588564
-5.705567
-5.705567
-5.282448
-5.705567
-5.705567
-5.705567
-5.705567
-5.705567
-5.705567
-5.705567
-5.705567
-2.871051
-5.705567
-5.705567
-5.705567
-5.705567
-4.692623
0.947936
-5.705567
-5.705567
-5.120340
-5.705567
-4.355788
-5.705567
-5.705567
-5.705567
-5.705567
-5.705567
-5.705567
-5.705567
-5.705567
-4.701891
-5.705567
-5.219817
-5.705567
-5.705567
-5.705567
-5.705567
-5.705567
-5.705567
-5.705567
-5.705567
-5.390993
-5.705567
-5.705567
-5.506255
-5.705567
-5.705567
-5.705567
-5.705567
-5.705567
-5.705567
-5.705567
-5.705567
-5.705567
-3.572044
-5.705567
-5.705567
-3.283966
-5.705567
-5.365186
-5.705567
-5.705567
-5.705567
-5.705567
-5.705567
-5.120340
-5.705567
-5.705567
-5.705567
-5.705567
-5.705567
-5.705567
-5.705567
-5.705567
-5.705567
-1.440073
-5.705567
-5.306478
-5.705567
-5.519316
-5.705567
-5.705567
-1.223368
-5.705567
-5.705567
-5.705567
-5.705567
-5.705567
-5.120340
-5.705567
-5.359160
-5.705567
-5.390993
-5.705567
-5.705567
-5.705567
-5.705567
-4.721251
-5.705567
-5.705567
-5.705567
-5.705567
-5.705567
-4.832752
-5.705567
-5.705567
-5.705567
-2.290068
-5.705567
-5.705567
-5.390993
-5.705567
-5.440864
-1.993129
-5.705567
-5.705567
-5.705567
-5.705567
-5.705567
-5.705567
-5.705567
-5.705567
-5.705567
-5.147326
-5.705567
-5.705567
-5.705567
-4.573929
-5.705567
-5.705567
-5.705567
-5.705567
-5.705567
-5.705567
-5.705567
-5.705567
-5.705567
-5.705567
-5.705567
-5.705567
-5.705567
-5.705567
-5.705567
-4.831800
-5.705567
-5.705567
-5.705567
-5.705567
-3.199252
-5.705567
-5.705567
-5.705567
-5.705567
-5.705567
-2.210805
-5.705567
-5.705567
-5.705567
-4.082667
-5.705567
-5.705567
-5.705567
-2.818960
-5.705567
-5.705567
-5.705567
-5.705567
-5.705567
-5.705567
-5.705567
-5.705567
-5.104555
-4.420865
-5.705567
-5.705567
-5.705567
-5.705567
-5.705567
-5.705567
-5.705567
-5.506255
-5.705567
-5.705567
-4.930839
-4.920032
-5.705567
-5.705567
-5.172853
-5.705567
-5.705567
-5.705567
-5.705567
-5.705567
-5.705567
-5.705567
-2.861794
-5.705567
-5.705567
-5.705567
-5.705567
-5.390993
-5.705567
-5.705567
-5.705567
-5.705567
-5.705567
-5.705567
-5.390993
-5.705567
-5.172853
-5.705567
-4.948167
-5.705567
-5.120340
-5.705567
-5.705567
-5.705567
-5.705567
-5.705567
-5.705567
-5.705567
-5.705567
-5.705567
-5.705567
2.017895
-2.247675
-5.241552
-5.705567
-5.705567
-5.705567
-5.705567
2.205487
-5.705567
-5.705567
-5.705567
-5.705567
-5.705567
-5.705567
-5.705567
-5.705567
-5.705567
-5.390993
-5.705567
-5.705567
-5.705567
-5.705567
-5.705567
-5.705567
-5.705567
-5.705567
-5.705567
-5.705567
-5.705567
-5.705567
-5.234605
-5.705567
-5.390993
-5.705567
-5.705567
-4.270698
-5.705567
3.823091
-5.705567
-5.705567
-5.132170
-5.705567
-5.705567
-5.705567
-4.696668
-5.705567
-5.705567
-5.705567
-5.705567
-5.705567
-5.705567
-5.705567
-5.705567
-5.705567
-5.705567
-5.705567
-5.705567
-4.750679
-5.705567
-5.705567
-5.241552
-5.705567
-5.705567
-5.467730
-2.120760
-5.705567
-5.705567
-5.705567
-5.705567
-5.705567
-5.705567
0.918555
-5.705567
-5.705567
-5.705567
-5.705567
-5.705567
-5.705567
-5.705567
-5.705567
-5.705567
-4.573929
-5.705567
-5.705567
-5.705567
-5.705567
-5.705567
-5.705567
-5.705567
-5.705567
-5.705567
-5.705567
0.515455
-5.705567
-5.705567
-5.705567
-5.705567
-5.705567
-4.918304
-4.764174
-5.705567
-5.705567
-5.705567
-5.390993
-5.705567
-5.705567
-5.705567
-4.907067
-5.705567
-5.705567
-5.705567
-5.705567
-5.705567
-5.705567
-5.705567
-5.705567
-5.705567
-5.705567
-3.730767
-5.467730
-5.705567
-5.705567
-5.705567
-5.705567
-5.705567
-5.705567
-5.705567
-5.705567
-5.705567
-5.705567
-5.705567
-5.705567
-5.705567
-5.705567
-5.705567
-5.705567
-4.578222
-5.705567
-5.705567
-5.705567
-3.072272
-5.705567
-5.705567
-4.573929
-5.705567
1.484602
-5.705567
-5.705567
-5.705567
-5.705567
-5.705567
-5.120340
-0.369363
-5.705567
-5.705567
-5.705567
-5.705567
-5.705567
-5.390993
-5.705567
-5.705567
-5.290353
-5.705567
-5.705567
-3.846096
-5.705567
-5.705567
-5.705567
-5.705567
-5.705567
-5.705567
-5.705567
-5.705567
-2.899221
-5.705567
-5.705567
-5.705567
-5.705567
-5.705567
-5.705567
-5.390993
-5.705567
-5.705567
-5.705567
-5.705567
-5.705567
-5.705567
-5.705567
-5.705567
-5.705567
-5.705567
-5.193506
-0.259174
-4.894224
-5.390993
-4.082667
-5.705567
-5.705567
-5.705567
-5.705567
-5.705567
-5.705567
-5.705567
-4.160671
-5.705567
-5.705567
-3.816953
-3.769144
-5.705567
-5.705567
-5.705567
-5.705567
-5.390993
-5.705567
-5.705567
-5.705567
-5.440864
-5.705567
-5.705567
-5.705567
-5.705567
-5.705567
-5.705567
-5.705567
-2.667201
-5.705567
-5.705567
-4.898262
-5.705567
-5.705567
-5.705567
-5.705567
-5.705567
-5.705567
-5.705567
-5.705567
-5.050613
-5.172853
-5.705567
-5.705567
-5.705567
-5.705567
2.785397
-5.705567
-5.705567
-5.705567
-5.705567
-5.705567
-5.120509
-5.390993
-5.705567
-5.705567
-5.705567
-5.705567
-2.101635
-5.705567
-5.705567
-5.705567
-5.705567
-4.832752
-5.705567
-5.705567
-5.705567
-5.705567
-5.705567
-5.365186
-5.705567
-5.705567
-5.705567
-5.705567
-5.705567
-5.705567
-0.224717
-5.705567
-5.705567
-5.234605
-5.147326
-5.705567
-5.705567
-5.705567
-5.705567
-5.172853
-5.705567
-5.705567
-5.705567
-5.705567
-5.705567
-5.705567
-5.705567
-5.705567
-5.705567
-5.705567
-5.705567
-5.705567
-4.321631
-5.705567
-5.467730
-5.705567
-5.390993
-3.529353
-5.390993
-5.705567
-5.705567
-5.705567
-5.705567
-5.705567
-4.746413
-5.705567
-5.705567
-5.705567
-4.920032
-5.234605
-5.705567
-5.705567
-5.705567
-5.705567
-5.705567
-5.240534
-5.705567
-5.705567
-5.705567
-5.705567
-5.705567
-5.705567
-5.705567
-5.705567
-5.705567
-5.705567
-5.705567
-5.705567
3.276875
-5.705567
-5.705567
-5.705567
-5.705567
-5.705567
-5.705567
-5.705567
-5.705567
-5.705567
-5.506255
-5.705567
-5.705567
-5.705567
-5.705567
-5.705567
-5.705567
-5.705567
-5.705567
-5.705567
-5.705567
-5.705567
-5.705567
-5.705567
-5.390993
-5.705567
-2.310864
-5.705567
-5.705567
-5.705567
-5.705567
-5.705567
-5.705567
-5.705567
-5.705567
-5.705567
-5.705567
3.671961
-5.705567
-5.120340
-5.705567
-3.338952
-5.705567
-5.705567
-5.705567
-5.705567
-5.705567
-5.705567
-5.705567
-5.499357
-5.705567
-5.705567
-3.646784
-5.705567
-5.705567
-5.705567
-5.705567
-5.705567
-5.705567
-5.705567
-5.705567
-5.705567
-5.174506
-5.705567
-5.705567
-5.705567
-5.705567
-5.390993
-5.390993
-5.705567
-5.705567
-5.705567
-5.705567
-5.705567
-5.705567
-5.705567
-5.705567
-4.670542
-2.553970
-5.705567
-5.705567
-5.705567
-5.705567
-5.705567
-5.705567
-5.705567
-5.705567
-5.705567
-5.705567
-5.705567
-2.863359
-5.705567
-5.705567
-1.223966
0.571691
-5.705567
-5.705567
-5.705567
-5.705567
-5.705567
-5.705567
-5.705567
-5.705567
-5.705567
-5.705567
-5.705567
-5.705567
-5.705567
-5.705567
-5.705567
-5.705567
-5.705567
-5.705567
-5.705567
-5.705567
-4.710330
-5.705567
-5.705567
-5.390993
-5.705567
-5.705567
-5.705567
-5.705567
-5.705567
-5.705567
-5.705567
-5.705567
-5.705567
-5.390993
-5.705567
-5.705567
-5.705567
-5.705567
-5.705567
-4.945725
-5.705567
-5.705567
-5.705567
-5.705567
-5.705567
-5.705567
-5.705567
-4.935015
-5.705567
-5.705567
-5.705567
0.843185
-5.705567
-5.508079
-5.705567
-5.705567
-5.234605
-5.705567
-5.705567
-5.495176
-5.705567
-5.705567
-5.705567
-4.052584
-5.705567
-5.705567
-5.705567
-5.705567
-4.935015
-5.705567
-5.705567
-5.705567
-5.705567
-5.263104
-5.705567
-5.402667
-3.026007
-5.705567
-5.705567
-5.705567
-5.705567
-3.072638
-5.705567
-5.705567
-5.705567
-5.705567
-5.705567
-5.440864
-5.705567
-5.705567
-5.705567
-5.705567
-5.705567
-5.705567
-5.147326
-5.705567
-5.705567
-5.705567
-5.705567
-4.902495
-5.705567
-5.390993
-5.705567
-5.705567
-5.503966
-5.705567
-5.705567
-5.705567
-5.705567
-5.705567
-5.705567
-5.705567
-5.705567
-5.705567
-5.419129
-4.626543
-5.705567
-5.705567
-5.705567
-5.705567
-1.178885
-5.705567
-5.705567
-5.172853
-5.705567
-5.705567
-5.705567
-5.705567
-5.705567
-5.705567
-5.705567
-5.705567
-5.705567
-5.705567
-5.705567
-5.705567
-5.705567
-5.390993
-5.705567
-5.705567
-5.705567
-2.499723
-5.705567
-5.705567
-5.705567
-5.705567
-5.705567
-5.191681
-5.705567
-5.705567
-5.705567
-5.705567
-5.705567
-5.467730
-5.705567
-5.705567
-5.705567
-5.705567
-5.705567
-5.705567
-5.705567
-5.705567
-5.705567
-5.705567
-5.705567
-5.705567
-5.705567
-5.705567
-5.705567
-5.705567
-5.705567
-5.705567
-5.705567
-5.705567
-5.705567
-5.705567
-5.705567
-5.705567
-4.759934
-5.705567
-5.705567
-3.256903
-5.705567
-5.705567
-5.705567
-5.705567
-5.705567
-5.705567
-2.161199
-5.419129
-5.705567
-5.705567
-5.705567
-5.705567
-4.948167
-5.705567
-5.705567
-5.705567
-5.467730
-5.705567
-5.705567
-5.705567
-3.236771
2.856966
-5.705567
-5.705567
-5.705567
-5.705567
-5.705567
-3.557136
-5.705567
-5.705567
-5.705567
-5.705567
-5.705567
-5.705567
-5.705567
-5.705567
-5.705567
-5.705567
-5.705567
-5.705567
-5.705567
-5.705567
-5.705567
-5.705567
-5.705567
-5.705567
-5.705567
-5.705567
-5.705567
-5.705567
-5.705567
-5.705567
-5.705567
-5.705567
-5.705567
-5.705567
-5.705567
-5.705567
-5.705567
-5.705567
-5.705567
-5.705567
-5.705567
-3.907032
-5.705567
-4.573929
-5.705567
-5.705567
-5.705567
-5.705567
-5.705567
-5.390993
-5.705567
-5.705567
-5.705567
-5.705567
-3.907574
-5.705567
-5.705567
-5.705567
-5.705567
-5.705567
-5.705567
-5.705567
-5.705567
-5.705567
-5.705567
-5.705567
-5.705567
-5.705567
-5.390993
-1.156798
-5.705567
-4.229841
-5.705567
-5.705567
-5.705567
-5.705567
-5.705567
-5.705567
-5.705567
-5.492839
-5.705567
-5.705567
-5.705567
-5.191681
-0.221660
-5.705567
-4.704711
-5.705567
-5.705567
-5.705567
-5.705567
-5.705567
-5.705567
-5.705567
-5.705567
-5.402667
-5.705567
-5.705567
-5.705567
-5.705567
-5.705567
-5.705567
-5.705567
-5.705567
-5.705567
-5.705567
-5.705567
-5.705567
-5.705567
-5.705567
-5.705567
-5.419129
-5.705567
-5.705567
