38543, 46891, 13504, 27834, 24147, 18388, 130623, 11471, 24581, 11972, 25213, 16577, 9834, 37279, 18166, 31970, 38879, 27317, 9409, 17435, 38535, 36705, 38953, 17599, 90356, 39257, 13672, 24250, 38845, 38353, 27308, 13224, 38623, 96154, 95960
Feature count is 35
Criterion1 result is ObjectIndex = 1223, Distance = -3.5690768825155166817819657587, Value = 0.5970633544068744692945039241
Boundary = -3.5625464189795674680419342562
-4.322846
-3.318179
-4.322846
-4.322846
-4.322846
-4.322846
-4.322846
-4.322846
-4.322846
-4.322846
-4.322846
-4.322846
-4.322846
-2.115222
-4.322846
-4.322846
-4.322846
-4.322846
-4.322846
-4.078623
-4.322846
-4.322846
-4.322846
-4.322846
-4.322846
-4.322846
-4.322846
-4.322846
-4.322846
-4.020615
-4.322846
-4.322846
-4.322846
-4.322846
-4.322846
-3.356704
-4.322846
-4.322846
-4.322846
-4.322846
-4.322846
-3.953446
-4.322846
-4.322846
-4.322846
-4.322846
-4.322846
-4.322846
-4.322846
-4.322846
-4.322846
-4.322846
-4.322846
-4.322846
-3.812550
-4.322846
-1.247486
-4.322846
-2.274396
-3.556016
-4.322846
-4.322846
-4.322846
-4.322846
-4.322846
-4.322846
-4.322846
-4.322846
-4.322846
-4.322846
-4.322846
-4.322846
-4.322846
-4.322846
-3.953446
-3.957516
-4.322846
-4.322846
-4.322846
-4.322846
-4.322846
-4.322846
-4.322846
-4.322846
-4.322846
2.793785
-4.082889
-4.322846
-4.322846
-4.322846
-4.322846
-4.322846
-4.322846
-4.322846
-4.322846
-4.322846
-4.082889
-4.322846
-4.322846
-4.322846
-4.322846
-4.322846
-3.770041
-4.322846
-4.322846
-4.322846
-4.137409
-3.049771
-4.322846
-4.322846
-4.073781
-4.322846
-4.322846
-4.322846
-4.322846
-4.322846
-4.322846
-4.322846
-4.322846
-4.322846
-4.322846
-4.322846
-4.137409
-4.322846
-4.322846
-4.322846
-4.322846
-4.322846
-4.322846
-4.322846
-4.322846
-4.322846
-4.322846
-4.322846
-4.322846
-4.322846
-2.279197
-4.322846
-4.322846
-4.322846
-4.322846
-2.563501
-4.322846
-4.322846
-4.322846
-4.322846
-4.322846
-4.322846
-4.105415
-4.322846
-4.322846
-4.322846
-4.322846
-4.322846
-4.322846
-4.322846
-4.322846
-4.322846
-4.078623
-4.322846
-4.322846
-4.322846
-3.953446
-4.322846
-4.322846
-4.322846
-4.322846
-4.137409
-4.322846
-4.322846
-4.322846
-4.322846
-4.322846
-4.322846
-4.322846
-4.322846
-4.322846
-4.322846
-2.707755
-4.322846
-4.322846
-4.322846
-4.322846
-4.322846
-4.322846
-4.322846
-4.322846
-4.322846
-4.322846
-4.322846
-4.322846
-4.322846
-4.322846
-4.322846
-4.322846
-4.322846
-4.322846
-4.322846
-4.082889
-4.322846
-4.322846
-4.322846
-4.322846
-4.322846
-4.322846
-4.322846
-4.322846
-4.322846
-4.322846
-4.322846
-4.322846
-4.322846
-4.322846
-4.322846
-4.322846
-4.322846
-4.322846
-4.322846
-4.322846
-4.322846
-4.322846
-4.322846
-3.713489
-4.322846
-3.957516
-4.322846
-4.322846
-4.322846
-4.322846
-2.948119
-4.322846
-4.322846
-4.322846
-4.322846
-4.322846
-4.322846
-4.322846
-4.322846
-3.975681
-3.606281
-4.322846
-3.835585
-4.322846
-4.322846
-4.322846
-4.322846
-4.322846
-4.322846
-4.322846
-4.322846
-4.322846
-1.952734
-4.322846
-4.322846
-4.322846
-4.322846
-4.322846
-1.730566
-4.322846
-4.322846
-4.322846
-4.322846
-4.322846
-4.322846
-4.322846
-4.322846
-4.322846
-4.322846
-4.322846
-4.322846
-3.556016
-4.322846
-4.322846
-4.322846
-4.322846
-4.322846
-3.556016
-4.322846
-4.322846
-4.322846
-4.322846
-4.322846
-4.322846
-4.322846
-4.322846
-4.322846
-4.322846
-4.322846
-3.717559
-4.322846
-4.322846
-4.322846
-4.322846
-4.322846
2.526739
-4.322846
-4.322846
-4.322846
-4.322846
-4.322846
-4.322846
-4.322846
-4.322846
-4.322846
-4.322846
-4.322846
-4.322846
-4.322846
-4.322846
-4.322846
-3.749451
-4.322846
-4.322846
-4.322846
-4.322846
-4.322846
-0.087408
-1.792782
-4.020615
-4.322846
-4.322846
-4.322846
-4.322846
-4.322846
-4.322846
-4.322846
-4.322846
-4.322846
-4.322846
-4.322846
-4.322846
-4.322846
-4.322846
-4.322846
-4.322846
-3.078222
-4.322846
-4.322846
-4.322846
-4.322846
-1.722526
-4.322846
-4.322846
-4.322846
-4.322846
-4.322846
-4.322846
-4.322846
-4.322846
-4.322846
-4.322846
-4.322846
-4.322846
-4.322846
-4.322846
-4.322846
-3.556016
-4.322846
-4.322846
-4.322846
-4.322846
-4.322846
-4.322846
-4.322846
-4.322846
-4.114781
-4.322846
-4.322846
-4.322846
-4.322846
-4.322846
-4.322846
-4.322846
-4.322846
-4.322846
-4.322846
-4.322846
-4.322846
-0.507935
-4.322846
-4.322846
-4.322846
-2.779240
-4.322846
-4.322846
-4.322846
-4.322846
-4.322846
-4.322846
-3.894597
-4.322846
-4.322846
-4.322846
-4.322846
-4.322846
-4.322846
-4.322846
-4.322846
-4.322846
-4.322846
-4.322846
-4.322846
-4.322846
-4.322846
-4.322846
-4.322846
-4.322846
-4.322846
-4.322846
-0.030571
-4.322846
-4.322846
-4.322846
-4.322846
-4.114781
-4.322846
-3.719149
-4.322846
-4.322846
-4.322846
-4.084479
-4.322846
-4.322846
-4.322846
-4.322846
-4.322846
-4.322846
-4.322846
-4.322846
-4.322846
-4.322846
-4.322846
-4.322846
-4.322846
-4.322846
-4.322846
-4.322846
-4.322846
0.210342
-3.838666
-4.322846
-4.322846
-4.322846
-4.322846
-4.322846
-2.421422
-4.322846
2.182120
-4.322846
-4.322846
-4.322846
-4.322846
-4.322846
-4.322846
-4.322846
-4.322846
-3.316059
-4.322846
-4.322846
-0.878380
-4.322846
-4.322846
-3.953446
-4.322846
-2.791861
-4.322846
-4.322846
-4.322846
-4.322846
-4.322846
-4.322846
-4.322846
-4.322846
-4.322846
-4.322846
-4.322846
-4.322846
-4.322846
-4.322846
-3.929751
-3.606281
-4.322846
-4.322846
-4.322846
-4.322846
-4.322846
-4.322846
-4.322846
-4.322846
-4.322846
-4.322846
-4.322846
-4.322846
-4.322846
-4.322846
-3.897452
-2.464826
-3.338113
-4.322846
-4.322846
-4.322846
-4.322846
-4.322846
-4.322846
-4.322846
-4.322846
-4.322846
-4.322846
-4.322846
-2.110524
-3.899572
-4.322846
-4.322846
-4.322846
-4.322846
-3.953446
-4.322846
-4.322846
-4.322846
-4.322846
-4.322846
-4.322846
-4.322846
-4.322846
-4.322846
-4.322846
-4.322846
-4.322846
-4.322846
-4.322846
-4.322846
-4.322846
-4.322846
-4.322846
-4.322846
-4.322846
-4.322846
-4.322846
-4.322846
-4.322846
-4.322846
-4.322846
-4.322846
-3.957516
-4.322846
-4.322846
-3.102105
-4.322846
-4.322846
-4.322846
-4.322846
-3.812550
-4.082889
-4.322846
-4.322846
-4.322846
-4.322846
-4.322846
-4.322846
-3.953446
-4.322846
-4.322846
-4.322846
-4.322846
-4.322846
-4.322846
-2.350682
2.260461
-4.322846
-4.322846
-4.322846
-4.322846
-4.322846
-4.322846
-4.322846
-0.884945
-4.322846
-4.322846
-4.322846
-4.322846
-0.905679
-4.322846
-4.322846
-4.322846
-4.322846
-3.812550
-4.322846
-4.322846
-4.322846
-1.391694
-4.322846
-4.322846
-4.322846
-4.020615
-4.322846
-4.322846
-4.104942
-4.322846
-4.322846
-4.322846
-4.322846
-4.322846
-4.322846
-4.322846
-4.322846
-4.322846
-4.322846
-4.322846
-4.322846
-4.322846
-4.322846
-4.322846
-4.322846
-4.322846
-4.322846
-3.556016
-4.322846
-4.322846
-4.322846
-4.322846
-4.322846
-4.322846
-4.322846
-4.322846
-4.322846
-4.322846
-4.322846
-3.838666
-4.322846
-4.322846
-4.322846
-4.322846
-4.322846
-4.322846
-4.322846
-4.322846
-4.078623
-4.322846
-4.114781
-4.322846
-4.322846
-4.322846
-4.322846
-4.322846
-0.949627
-4.322846
-4.322846
-4.322846
-4.322846
-4.322846
-4.322846
-2.852529
-4.322846
-4.322846
-4.322846
-4.322846
-4.322846
-4.322846
-4.322846
-4.322846
-4.322846
-4.322846
-4.322846
-4.322846
-4.322846
-4.322846
-4.322846
-4.322846
-4.322846
-4.322846
-4.322846
-4.322846
-4.322846
-4.322846
-4.322846
-4.322846
-0.112255
-4.322846
-4.322846
-4.135779
-4.322846
-4.322846
-4.322846
-4.322846
-4.322846
-4.322846
-4.322846
-4.322846
-4.322846
-4.322846
-4.322846
-4.322846
-4.322846
-4.322846
-4.322846
-4.322846
-4.322846
-4.322846
-4.322846
-4.322846
-3.289536
-4.322846
-4.322846
-4.322846
-4.322846
-4.322846
-1.595798
-4.322846
-4.322846
-4.322846
-4.322846
-4.322846
-4.322846
-4.322846
-4.322846
-4.322846
-4.322846
-4.322846
-4.322846
-4.322846
-4.322846
-4.322846
-4.322846
-4.322846
-4.322846
-4.322846
-4.322846
-3.765154
-4.322846
-4.322846
-4.322846
-4.322846
-4.322846
-4.322846
-4.322846
-4.322846
-4.322846
-4.322846
-4.322846
-4.322846
-4.322846
-4.322846
-4.322846
-2.616838
-4.322846
-4.322846
-4.322846
-4.322846
-4.322846
-4.322846
-4.322846
-4.322846
-3.556016
-4.322846
-4.322846
-4.322846
-4.322846
-4.322846
-4.322846
-4.322846
-1.130317
-4.322846
-4.322846
-4.322846
-4.322846
-4.322846
-4.322846
-4.322846
-4.082889
-4.322846
-4.322846
-4.322846
-3.356704
-3.953446
-4.322846
-4.082889
-4.322846
-4.322846
-4.322846
-4.322846
-3.316059
-4.322846
-4.322846
-4.322846
-4.322846
-4.322846
-4.322846
-4.322846
-4.322846
-0.646571
-4.322846
-4.078623
-4.322846
-4.322846
-4.322846
-4.322846
-4.322846
-3.177816
-4.322846
-4.322846
-4.322846
-4.322846
-4.322846
-4.322846
-2.931310
-4.322846
-4.322846
-4.322846
-4.322846
-4.322846
-4.322846
-1.035673
-4.322846
-4.322846
-4.322846
-4.322846
-4.322846
-4.322846
-4.322846
-4.322846
-4.322846
-4.138223
-4.322846
-4.322846
-4.322846
-4.322846
-4.322846
-4.322846
-4.322846
-4.322846
-4.322846
-4.322846
-4.322846
-4.322846
-4.322846
-4.322846
-4.322846
-4.322846
-4.322846
-3.953446
-4.322846
-2.063256
-4.322846
-4.322846
-3.975681
-4.322846
-2.693351
-4.322846
-3.953446
-4.322846
-4.322846
-4.322846
-4.322846
-4.322846
-4.322846
-4.322846
-4.322846
-3.957516
-4.322846
-4.322846
-4.322846
-4.322846
-4.322846
-4.322846
-2.515512
-4.322846
-4.322846
-4.322846
-4.322846
-4.322846
-4.322846
-4.322846
-4.322846
-4.322846
-4.322846
-4.322846
0.766612
-4.322846
-4.322846
-4.322846
-3.190686
-4.322846
-4.322846
-4.322846
-4.322846
-4.322846
-4.082889
-4.322846
-4.322846
-4.322846
-4.322846
-4.322846
-4.322846
-4.322846
-4.322846
-4.322846
-4.322846
-4.322846
-4.322846
-4.322846
-4.322846
-4.322846
-3.556016
-4.322846
-4.322846
-4.322846
-4.322846
-4.322846
-4.322846
-4.322846
-4.322846
-4.322846
-4.137409
-4.322846
-4.322846
-4.322846
-4.322846
-4.134554
-4.322846
-4.322846
-4.322846
-4.322846
-3.957516
-4.322846
-4.322846
-4.322846
-4.322846
-4.322846
-4.322846
-4.322846
-4.322846
-4.322846
-4.322846
-4.322846
-4.322846
-4.322846
-4.322846
-4.322846
-4.322846
-4.322846
-2.484937
-4.322846
-4.322846
-3.957516
-4.322846
-4.322846
-4.322846
-4.322846
-4.322846
-4.322846
-4.322846
-4.322846
-2.570090
-4.322846
-4.322846
-4.322846
-4.322846
-4.084479
-1.842048
-4.322846
-4.322846
-2.948779
-4.322846
-4.322846
-4.322846
-4.322846
-4.322846
-4.322846
-3.812550
-4.322846
-4.322846
-4.322846
-4.042521
-4.015912
-4.135779
-4.322846
-4.322846
-4.322846
-4.322846
-4.322846
-4.322846
-4.322846
-4.322846
-4.322846
-4.322846
-4.322846
-4.322846
-4.322846
-4.322846
-4.322846
-4.322846
-4.322846
-4.322846
-4.322846
-4.322846
-4.322846
-4.322846
-4.322846
-4.322846
-4.015912
-4.322846
-4.322846
-4.322846
-4.322846
-4.322846
-4.322846
-4.322846
-3.953446
-4.322846
-4.322846
-4.322846
-4.322846
-4.322846
-4.322846
-4.322846
-4.322846
-4.322846
-1.716546
-4.322846
-3.953446
-4.322846
-3.957516
-4.322846
-4.322846
0.552396
-4.322846
-4.322846
-4.322846
-3.953446
-4.322846
-3.953446
-4.322846
-2.685839
-4.322846
-3.556016
-4.322846
-4.322846
-4.322846
-4.322846
-3.953446
-4.322846
-4.322846
-4.322846
-4.322846
-4.322846
-4.082889
-4.322846
-4.322846
-4.322846
-2.063555
-4.322846
-4.322846
-4.322846
-4.322846
-4.322846
0.724496
-4.322846
-4.322846
-4.322846
-4.322846
-4.322846
-4.322846
-4.322846
-4.322846
-4.322846
-4.322846
-4.322846
-4.322846
-4.322846
-4.322846
-4.322846
-4.322846
-4.322846
-4.322846
-4.322846
-4.322846
-4.322846
-4.322846
-4.322846
-4.322846
-4.322846
-4.322846
-4.322846
-4.322846
-4.322846
-4.134554
-4.322846
-4.322846
-4.322846
-4.322846
-1.835810
-4.322846
-4.322846
-4.322846
-4.322846
-4.322846
-2.896936
-4.322846
-4.322846
-4.322846
-2.664955
-4.322846
-4.322846
-4.322846
0.608772
-4.322846
-4.322846
-4.322846
-4.322846
-4.322846
-4.322846
-4.322846
-4.322846
-4.135779
-0.918742
-4.322846
-4.322846
-4.322846
-4.322846
-4.322846
-4.322846
-4.322846
-4.322846
-4.322846
-4.322846
-4.322846
-4.322846
-4.322846
-4.322846
-4.322846
-4.322846
-4.322846
-4.322846
-4.322846
-4.322846
-4.322846
-4.322846
-4.322846
-4.322846
-4.114781
-4.322846
-4.322846
-3.556016
-4.322846
-4.322846
-4.322846
-4.322846
-4.322846
-4.322846
-4.322846
-4.322846
-4.322846
-4.322846
-4.322846
-4.322846
-3.953446
-4.322846
-4.322846
-4.322846
-4.322846
-4.322846
-4.322846
-4.322846
-4.322846
-4.322846
-4.322846
0.441097
-2.172622
-4.322846
-4.322846
-4.322846
-4.322846
-4.322846
1.411636
-4.322846
-4.322846
-4.322846
-4.322846
-4.322846
-4.322846
-4.322846
-4.322846
-4.322846
-4.322846
-4.322846
-4.322846
-4.322846
-4.322846
-4.322846
-4.322846
-4.322846
-4.322846
-3.835585
-4.322846
-4.322846
-4.322846
-3.957516
-4.322846
-4.322846
-4.322846
-4.322846
-4.138223
-4.322846
3.353856
-4.322846
-4.322846
-4.082889
-4.322846
-4.322846
-4.322846
-2.068290
-4.322846
-4.322846
-4.322846
-4.322846
-4.322846
-4.322846
-4.322846
-4.322846
-4.322846
-4.322846
-4.322846
-4.020615
-3.569077
-4.322846
-4.322846
-4.322846
-4.322846
-4.322846
-4.322846
-4.078623
-4.322846
-4.322846
-4.322846
-4.322846
-4.322846
-4.322846
0.434095
-4.322846
-4.322846
-4.322846
-4.322846
-4.322846
-4.322846
-4.322846
-4.322846
-4.322846
-2.252253
-4.322846
-4.322846
-4.322846
-4.322846
-4.322846
-4.322846
-4.322846
-4.322846
-4.322846
-4.322846
0.618543
-4.322846
-4.322846
-4.322846
-4.322846
-4.322846
-3.356704
-2.793994
-4.322846
-4.322846
-4.322846
-3.116747
-4.322846
-4.322846
-4.322846
-2.703784
-4.322846
-4.322846
-4.322846
-4.322846
-4.322846
-4.322846
-4.322846
-4.322846
-4.322846
-4.322846
-3.289536
-3.340471
-4.322846
-4.322846
-4.322846
-4.322846
-4.322846
-4.322846
-4.322846
-4.322846
-4.322846
-4.322846
-4.322846
-4.322846
-4.322846
-4.322846
-4.322846
-4.322846
-3.717559
-4.322846
-4.322846
-4.322846
-2.860060
-4.322846
-4.322846
-4.322846
-4.322846
2.773816
-4.322846
-4.322846
-4.322846
-4.322846
-3.953446
-2.763749
0.915404
-4.322846
-4.322846
-4.322846
-4.322846
-4.322846
-4.322846
-4.322846
-4.322846
-3.947895
-4.322846
-4.322846
-4.322846
-4.322846
-4.322846
-4.322846
-4.322846
-4.322846
-4.322846
-4.322846
-4.322846
-1.954435
-4.322846
-4.322846
-4.322846
-4.322846
-4.322846
-4.322846
-4.322846
-4.322846
-4.322846
-4.322846
-4.322846
-4.322846
-4.322846
-4.322846
-4.322846
-4.322846
-4.322846
-4.085008
-0.870232
-4.082889
-4.322846
-3.078222
-4.322846
-4.322846
-4.322846
-4.322846
-4.322846
-4.322846
-4.322846
-2.943253
-4.322846
-4.322846
-2.413891
-2.537673
-4.322846
-4.322846
-4.322846
-4.322846
-4.322846
-4.322846
-4.322846
-4.322846
-4.322846
-4.322846
-4.322846
-4.322846
-4.322846
-4.322846
-4.322846
-4.322846
-1.008052
-4.322846
-4.322846
-4.322846
-4.322846
-4.322846
-4.322846
-4.322846
-4.322846
-4.322846
-4.322846
-4.322846
-4.322846
-4.322846
-4.322846
-4.322846
-4.322846
-4.322846
1.725932
-4.322846
-4.322846
-4.322846
-4.322846
-4.322846
-3.473336
-4.322846
-4.322846
-4.322846
-4.322846
-4.322846
-2.911725
-4.322846
-4.020615
-4.322846
-4.322846
-4.322846
-4.322846
-4.322846
-4.322846
-4.322846
-4.322846
-4.084479
-4.322846
-4.322846
-4.322846
-4.322846
-4.322846
-4.322846
2.170599
-4.322846
-4.322846
-4.322846
-4.322846
-4.322846
-4.322846
-4.322846
-4.322846
-3.735588
-4.322846
-4.322846
-4.322846
-4.322846
-4.322846
-4.322846
-4.322846
-4.322846
-4.322846
-3.835585
-4.322846
-4.322846
-3.051698
-4.322846
-4.322846
-4.322846
-3.102634
-2.851857
-4.322846
-4.322846
-4.322846
-4.322846
-4.322846
-4.322846
-3.953446
-4.322846
-4.322846
-4.322846
-4.322846
-3.957516
-4.322846
-4.322846
-4.322846
-4.322846
-4.322846
-4.134554
-4.322846
-4.322846
-4.322846
-3.953446
-4.322846
-4.322846
-4.322846
-4.322846
-4.322846
-4.322846
-4.322846
-4.322846
2.563972
-4.322846
-4.322846
-4.322846
-4.322846
-4.322846
-4.322846
-4.322846
-4.322846
-4.322846
-4.322846
-4.322846
-4.322846
-4.322846
-4.322846
-4.322846
-4.322846
-4.322846
-4.322846
-4.322846
-4.114781
-4.322846
-4.322846
-4.322846
-4.322846
-4.322846
0.175339
-4.322846
-4.322846
-4.322846
-4.322846
-4.322846
-4.322846
-4.322846
-4.322846
-4.322846
-4.322846
3.009199
-4.322846
-3.953446
-4.322846
-1.693497
-4.322846
-4.322846
-4.322846
-4.322846
-4.322846
-4.322846
-4.322846
-4.134554
-4.322846
-4.322846
-4.322846
-4.322846
-4.322846
-4.322846
-4.322846
-4.322846
-4.322846
-4.322846
-4.322846
-4.322846
-3.953446
-4.322846
-4.322846
-4.322846
-4.322846
-4.322846
-4.322846
-4.322846
-4.322846
-4.322846
-4.322846
-4.322846
-4.322846
-4.322846
-4.322846
-2.032850
0.953126
-4.322846
-4.322846
-4.322846
-4.322846
-4.322846
-4.322846
-4.322846
-4.322846
-4.322846
-4.322846
-4.322846
-2.134074
-4.322846
-4.322846
-0.992940
-4.322846
-4.322846
-4.322846
-4.322846
-4.322846
-4.322846
-4.322846
-4.322846
-4.322846
-4.322846
-4.322846
-4.322846
-4.322846
-4.322846
-4.322846
-4.322846
-4.322846
-4.322846
-4.322846
-4.322846
-4.322846
-2.742665
-4.322846
-4.322846
-3.953446
-4.322846
-4.322846
-4.322846
-4.322846
-4.322846
-4.322846
-4.322846
-4.322846
-4.322846
-4.322846
-4.322846
-4.322846
-4.322846
-4.322846
-4.322846
-4.322846
-4.322846
-4.322846
-4.322846
-4.322846
-4.322846
-4.322846
-4.322846
-4.322846
-4.322846
-4.322846
-4.322846
1.145514
-4.322846
-4.322846
-4.322846
-4.322846
-4.134145
-4.322846
-4.322846
-4.322846
-4.322846
-4.322846
-3.957516
-3.253785
-4.322846
-4.322846
-4.322846
-4.322846
-2.915026
-4.322846
-4.322846
-4.322846
-4.322846
-4.134554
-4.322846
-3.556016
-0.071847
-4.322846
-4.322846
-4.322846
-4.322846
-3.606281
-4.322846
-4.322846
-4.322846
-4.322846
-4.322846
-4.322846
-4.322846
-4.322846
-4.322846
-4.322846
-4.322846
-4.322846
-4.322846
-4.322846
-4.322846
-4.322846
-4.322846
-3.957516
-4.322846
-2.481059
-4.322846
-4.322846
-4.322846
-4.322846
-4.322846
-4.322846
-4.322846
-4.322846
-4.322846
-4.322846
-4.322846
-4.322846
-4.322846
-4.322846
-4.322846
-4.322846
-4.322846
-4.322846
-0.084732
-4.322846
-4.322846
-3.303418
-4.322846
-4.322846
-4.322846
-4.322846
-4.322846
-4.322846
-4.322846
-4.322846
-4.322846
-4.322846
-4.322846
-4.322846
-4.322846
-4.322846
-4.322846
-4.322846
-4.322846
-4.322846
-4.322846
-4.322846
-4.322846
-4.322846
-4.322846
-4.322846
-4.322846
-4.322846
-4.322846
-4.322846
-4.322846
-4.322846
-4.322846
-4.322846
-4.322846
-4.322846
-4.322846
-4.322846
-4.322846
-4.322846
-4.020615
-4.322846
-4.322846
-4.322846
-4.322846
-4.322846
-4.322846
-4.322846
-4.322846
-4.322846
-4.322846
-4.322846
-4.322846
-4.322846
-4.322846
-4.322846
-4.322846
-4.322846
-4.322846
-3.556016
-4.322846
-4.322846
-4.322846
-4.322846
-4.322846
-4.322846
-2.084120
-3.975681
-4.322846
-4.322846
-4.322846
-4.322846
-4.322846
-4.322846
-4.322846
-4.322846
-3.957516
-4.322846
-4.322846
-4.322846
-3.556016
2.311668
-4.322846
-4.322846
-4.322846
-4.322846
-4.322846
-4.322846
-4.322846
-4.322846
-4.322846
-4.322846
-4.322846
-4.322846
-4.322846
-4.322846
-4.322846
-4.322846
-4.322846
-4.322846
-4.020615
-4.322846
-4.322846
-4.322846
-4.322846
-4.322846
-4.322846
-4.322846
-4.322846
-4.322846
-4.322846
-4.322846
-4.322846
-4.322846
-4.322846
-4.322846
-3.835585
-4.114781
-4.322846
-4.322846
-4.322846
-4.322846
-4.322846
-2.263009
-4.322846
-4.322846
-4.322846
-4.322846
-4.322846
-4.322846
-4.322846
-4.322846
-4.322846
-4.322846
-4.322846
-4.322846
-2.309669
-4.322846
-4.322846
-4.322846
-4.322846
-4.322846
-4.322846
-4.322846
-4.322846
-4.322846
-4.322846
-4.322846
-4.322846
-4.322846
-4.322846
-1.168764
-4.322846
-4.137816
-4.322846
-4.322846
-4.322846
-4.322846
-4.322846
-4.322846
-4.322846
-4.322846
-4.322846
-4.322846
-4.322846
-4.322846
-0.609837
-4.322846
-3.953446
-4.322846
-4.322846
-4.322846
-4.322846
-4.322846
-4.322846
-4.322846
-4.322846
-2.642202
-4.322846
-4.322846
-4.322846
-4.322846
-4.322846
-4.322846
-4.322846
-4.322846
-4.322846
-4.322846
-4.322846
-4.322846
-4.322846
-4.322846
-4.322846
-4.084479
-4.322846
-4.322846
