31733, 80629, 55026, 16793, 9474, 35821, 77555, 16533, 37246, 16666, 36939, 96264, 31451, 11750, 18181, 26944
Feature count is 16
Criterion1 result is ObjectIndex = 1586, Distance = -0.9809351930627230644441251465, Value = 0.6436929318413617753637827010
Boundary = -0.9565504245412118215059759173
-2.043706
-1.831446
-2.043706
-2.043706
-2.043706
-2.043706
-2.043706
-2.043706
-2.043706
-2.043706
-2.043706
-2.043706
-2.043706
-1.831446
-2.043706
-2.043706
-2.043706
-2.043706
-2.043706
-1.802153
-2.043706
-2.043706
-2.043706
-2.043706
-2.043706
-2.043706
-2.043706
-2.043706
-2.043706
-2.043706
-2.043706
-2.043706
-2.043706
-2.043706
-2.043706
-1.141056
-2.043706
-2.043706
-2.043706
-2.043706
-2.043706
-2.043706
-2.043706
-2.043706
-2.043706
-2.043706
-2.043706
-2.043706
-2.043706
-2.043706
-2.043706
-2.043706
-2.043706
-2.043706
-2.043706
-2.043706
-1.830978
-2.043706
-1.435586
-2.043706
-2.043706
-2.043706
-2.043706
-2.043706
-2.043706
-2.043706
-2.043706
-2.043706
-2.043706
-2.043706
-2.043706
-2.043706
-2.043706
-2.043706
-2.043706
-2.043706
-2.043706
-2.043706
-2.043706
-2.043706
-2.043706
-2.043706
-2.043706
-2.043706
-2.043706
1.830978
-1.805869
-2.043706
-2.043706
-2.043706
-2.043706
-2.043706
-2.043706
-2.043706
-2.043706
-2.043706
-2.043706
-2.043706
-2.043706
-2.043706
-2.043706
-2.043706
-1.859490
-2.043706
-2.043706
-2.043706
-1.838421
-1.076742
-2.043706
-2.043706
-2.043706
-2.043706
-2.043706
-2.043706
-2.043706
-2.043706
-2.043706
-2.043706
-2.043706
-2.043706
-2.043706
-2.043706
-1.596869
-2.043706
-2.043706
-2.043706
-2.043706
-2.043706
-2.043706
-2.043706
-2.043706
-2.043706
-2.043706
-2.043706
-2.043706
-2.043706
-1.290877
-2.043706
-2.043706
-2.043706
-2.043706
-1.831446
-2.043706
-2.043706
-2.043706
-2.043706
-2.043706
-2.043706
-2.043706
-2.043706
-2.043706
-2.043706
-2.043706
-2.043706
-2.043706
-2.043706
-2.043706
-2.043706
-1.588488
-2.043706
-2.043706
-2.043706
-2.043706
-2.043706
-2.043706
-2.043706
-2.043706
-1.290877
-2.043706
-2.043706
-2.043706
-2.043706
-2.043706
-2.043706
-2.043706
-2.043706
-2.043706
-2.043706
-1.496162
-2.043706
-2.043706
-2.043706
-2.043706
-2.043706
-2.043706
-2.043706
-2.043706
-2.043706
-2.043706
-2.043706
-2.043706
-2.043706
-2.043706
-2.043706
-1.593141
-2.043706
-2.043706
-2.043706
-2.043706
-2.043706
-2.043706
-2.043706
-2.043706
-2.043706
-2.043706
-2.043706
-2.043706
-2.043706
-2.043706
-2.043706
-2.043706
-2.043706
-2.043706
-2.043706
-2.043706
-2.043706
-2.043706
-2.043706
-2.043706
-2.043706
-2.043706
-2.043706
-1.802153
-2.043706
-2.043706
-2.043706
-2.043706
-2.043706
-2.043706
-1.496162
-2.043706
-2.043706
-2.043706
-1.842563
-2.043706
-2.043706
-2.043706
-2.043706
-1.838421
-1.490828
-2.043706
-2.043706
-2.043706
-2.043706
-2.043706
-2.043706
-2.043706
-2.043706
-2.043706
-2.043706
-2.043706
-0.716906
-2.043706
-2.043706
-2.043706
-2.043706
-2.043706
-1.830041
-2.043706
-2.043706
-2.043706
-2.043706
-2.043706
-2.043706
-2.043706
-2.043706
-2.043706
-0.835189
-2.043706
-2.043706
-2.043706
-2.043706
-2.043706
-2.043706
-2.043706
-2.043706
-2.043706
-2.043706
-2.043706
-2.043706
-2.043706
-2.043706
-2.043706
-2.043706
-2.043706
-2.043706
-2.043706
-1.838421
-2.043706
-2.043706
-2.043706
-2.043706
-2.043706
-2.043706
-0.180609
-2.043706
-2.043706
-2.043706
-2.043706
-2.043706
-2.043706
-2.043706
-2.043706
-2.043706
-2.043706
-2.043706
-2.043706
-2.043706
-2.043706
-2.043706
-2.043706
-2.043706
-2.043706
-2.043706
-2.043706
-2.043706
-0.981124
-1.472503
-2.043706
-2.043706
-2.043706
-2.043706
-2.043706
-2.043706
-2.043706
-2.043706
-2.043706
-2.043706
-2.043706
-2.043706
-2.043706
-2.043706
-2.043706
-2.043706
-2.043706
-1.831446
-2.043706
-2.043706
-2.043706
-2.043706
-1.805869
-2.043706
-2.043706
-2.043706
-2.043706
-2.043706
-2.043706
-2.043706
-2.043706
-2.043706
-2.043706
-2.043706
-2.043706
-2.043706
-2.043706
-2.043706
-2.043706
-2.043706
-2.043706
-2.043706
-2.043706
-2.043706
-2.043706
-2.043706
-2.043706
-2.043706
-2.043706
-2.043706
-2.043706
-2.043706
-2.043706
-2.043706
-2.043706
-2.043706
-2.043706
-2.043706
-2.043706
-2.043706
-2.043706
-2.043706
-2.043706
-2.043706
-1.645602
-2.043706
-2.043706
-2.043706
-2.043706
-2.043706
-2.043706
-1.802153
-2.043706
-2.043706
-2.043706
-2.043706
-2.043706
-2.043706
-2.043706
-2.043706
-2.043706
-1.279674
-2.043706
-2.043706
-2.043706
-2.043706
-2.043706
-2.043706
-2.043706
-2.043706
-2.043706
-0.175332
-2.043706
-2.043706
-2.043706
-2.043706
-2.043706
-2.043706
-2.043706
-2.043706
-2.043706
-2.043706
-2.043706
-2.043706
-2.043706
-2.043706
-2.043706
-2.043706
-2.043706
-2.043706
-2.043706
-2.043706
-2.043706
-2.043706
-2.043706
-2.043706
-2.043706
-2.043706
-2.043706
-2.043706
0.418302
-1.858676
-2.043706
-2.043706
-2.043706
-2.043706
-2.043706
-1.805869
-2.043706
0.965416
-2.043706
-2.043706
-2.043706
-2.043706
-2.043706
-2.043706
-2.043706
-2.043706
-1.391998
-2.043706
-2.043706
-2.043706
-2.043706
-2.043706
-2.043706
-2.043706
-1.013957
-2.043706
-2.043706
-2.043706
-2.043706
-2.043706
-2.043706
-2.043706
-2.043706
-2.043706
-2.043706
-2.043706
-2.043706
-2.043706
-2.043706
-0.800285
-2.043706
-2.043706
-2.043706
-2.043706
-2.043706
-2.043706
-2.043706
-2.043706
-2.043706
-2.043706
-2.043706
-2.043706
-2.043706
-2.043706
-2.043706
-1.053039
-2.043706
-1.691970
-2.043706
-2.043706
-2.043706
-2.043706
-2.043706
-2.043706
-2.043706
-2.043706
-2.043706
-2.043706
-2.043706
-1.001580
-1.829571
-2.043706
-2.043706
-2.043706
-2.043706
-2.043706
-2.043706
-2.043706
-2.043706
-2.043706
-2.043706
-2.043706
-1.254609
-2.043706
-2.043706
-2.043706
-2.043706
-2.043706
-2.043706
-2.043706
-2.043706
-2.043706
-2.043706
-2.043706
-2.043706
-2.043706
-2.043706
-2.043706
-2.043706
-2.043706
-2.043706
-2.043706
-2.043706
-2.043706
-2.043706
-2.043706
-2.043706
-2.043706
-1.838421
-2.043706
-2.043706
-1.842563
-1.805869
-2.043706
-2.043706
-2.043706
-2.043706
-2.043706
-2.043706
-1.838421
-2.043706
-2.043706
-1.805869
-2.043706
-2.043706
-2.043706
-1.604726
1.443868
-2.043706
-2.043706
-2.043706
-2.043706
-2.043706
-2.043706
-2.043706
-2.043706
-2.043706
-2.043706
-2.043706
-2.043706
0.164246
-2.043706
-2.043706
-2.043706
-2.043706
-1.842563
-2.043706
-2.043706
-2.043706
-0.367266
-2.043706
-2.043706
-2.043706
-2.043706
-2.043706
-2.043706
-1.691970
-2.043706
-1.838421
-2.043706
-2.043706
-2.043706
-2.043706
-2.043706
-2.043706
-2.043706
-2.043706
-2.043706
-2.043706
-2.043706
-2.043706
-2.043706
-2.043706
-2.043706
-2.043706
-0.068630
-2.043706
-2.043706
-2.043706
-2.043706
-2.043706
-2.043706
-2.043706
-2.043706
-2.043706
-2.043706
-1.600584
-1.596869
-2.043706
-2.043706
-2.043706
-2.043706
-2.043706
-2.043706
-2.043706
-2.043706
-2.043706
-2.043706
-2.043706
-2.043706
-2.043706
-2.043706
-2.043706
-2.043706
-1.629835
-2.043706
-2.043706
-2.043706
-2.043706
-2.043706
-2.043706
-1.588019
-2.043706
-2.043706
-2.043706
-2.043706
-2.043706
-2.043706
-2.043706
-2.043706
-2.043706
-2.043706
-2.043706
-2.043706
-2.043706
-2.043706
-2.043706
-2.043706
-2.043706
-2.043706
-2.043706
-2.043706
-2.043706
-2.043706
-2.043706
-2.043706
-1.019036
-2.043706
-2.043706
-2.043706
-2.043706
-2.043706
-2.043706
-2.043706
-2.043706
-2.043706
-2.043706
-2.043706
-2.043706
-2.043706
-2.043706
-2.043706
-2.043706
-2.043706
-2.043706
-2.043706
-2.043706
-2.043706
-2.043706
-2.043706
-1.842563
-2.043706
-2.043706
-2.043706
-2.043706
-2.043706
-1.858676
-2.043706
-2.043706
-2.043706
-2.043706
-2.043706
-2.043706
-2.043706
-2.043706
-2.043706
-2.043706
-2.043706
-2.043706
-2.043706
-2.043706
-2.043706
-2.043706
-2.043706
-2.043706
-2.043706
-2.043706
-0.896447
-2.043706
-2.043706
-2.043706
-2.043706
-2.043706
-2.043706
-2.043706
-2.043706
-2.043706
-2.043706
-2.043706
-2.043706
-2.043706
-2.043706
-2.043706
-0.276699
-2.043706
-2.043706
-2.043706
-2.043706
-2.043706
-2.043706
-2.043706
-2.043706
-2.043706
-2.043706
-2.043706
-2.043706
-2.043706
-2.043706
-2.043706
-2.043706
-1.842563
-2.043706
-2.043706
-2.043706
-2.043706
-2.043706
-2.043706
-2.043706
-1.496162
-2.043706
-2.043706
-2.043706
-2.043706
-1.626161
-2.043706
-2.043706
-2.043706
-2.043706
-2.043706
-2.043706
-1.496162
-2.043706
-2.043706
-2.043706
-2.043706
-2.043706
-2.043706
-2.043706
-2.043706
-0.924958
-2.043706
-1.802153
-2.043706
-2.043706
-2.043706
-1.842563
-2.043706
-2.043706
-2.043706
-2.043706
-2.043706
-2.043706
-1.658347
-2.043706
-1.290877
-2.043706
-2.043706
-2.043706
-2.043706
-2.043706
-2.043706
-1.081138
-2.043706
-2.043706
-2.043706
-2.043706
-2.043706
-2.043706
-2.043706
-2.043706
-2.043706
-2.043706
-2.043706
-2.043706
-2.043706
-2.043706
-2.043706
-2.043706
-2.043706
-2.043706
-2.043706
-2.043706
-2.043706
-2.043706
-2.043706
-2.043706
-2.043706
-2.043706
-2.043706
-2.043706
-2.043706
-0.650159
-2.043706
-2.043706
-2.043706
-2.043706
-0.834977
-2.043706
-2.043706
-2.043706
-2.043706
-2.043706
-2.043706
-2.043706
-2.043706
-2.043706
-2.043706
-1.842563
-2.043706
-2.043706
-2.043706
-1.282027
-2.043706
-2.043706
-1.564316
-2.043706
-2.043706
-2.043706
-2.043706
-2.043706
-2.043706
-2.043706
-2.043706
-2.043706
-2.043706
-2.043706
-0.461870
-1.838421
-2.043706
-2.043706
-2.043706
-2.043706
-2.043706
-2.043706
-2.043706
-2.043706
-2.043706
-2.043706
-2.043706
-2.043706
-2.043706
-2.043706
-2.043706
-2.043706
-2.043706
-2.043706
-0.804044
-2.043706
-2.043706
-2.043706
-2.043706
-1.802153
-2.043706
-2.043706
-2.043706
-2.043706
-2.043706
-1.805869
-2.043706
-2.043706
-2.043706
-2.043706
-1.076742
-2.043706
-2.043706
-2.043706
-2.043706
-1.802153
-2.043706
-2.043706
-2.043706
-2.043706
-2.043706
-2.043706
-2.043706
-2.043706
-2.043706
-2.043706
-2.043706
-2.043706
-2.043706
-2.043706
-2.043706
-2.043706
-2.043706
-2.043706
-2.043706
-2.043706
-2.043706
-2.043706
-1.830041
-2.043706
-2.043706
-2.043706
-2.043706
-2.043706
-2.043706
-2.043706
-2.043706
-2.043706
-2.043706
-2.043706
-1.857862
-2.043706
-2.043706
-2.043706
-2.043706
-1.691970
-1.169068
-2.043706
-2.043706
-2.043706
-2.043706
-2.043706
-2.043706
-2.043706
-2.043706
-2.043706
-2.043706
-2.043706
-2.043706
-2.043706
-2.043706
-2.043706
-2.043706
-2.043706
-2.043706
-2.043706
-2.043706
-2.043706
-2.043706
-2.043706
-2.043706
-1.838421
-2.043706
-2.043706
-2.043706
-2.043706
-2.043706
-2.043706
-2.043706
-2.043706
-2.043706
-2.043706
-2.043706
-2.043706
-2.043706
-2.043706
-2.043706
-2.043706
-2.043706
-2.043706
-2.043706
-2.043706
-2.043706
-2.043706
-2.043706
-2.043706
-2.043706
-2.043706
-2.043706
-2.043706
-2.043706
-2.043706
-2.043706
-2.043706
-2.043706
-0.877006
-2.043706
-2.043706
-2.043706
-1.830041
-2.043706
-2.043706
0.106945
-2.043706
-2.043706
-2.043706
-2.043706
-2.043706
-2.043706
-2.043706
-2.043706
-2.043706
-2.043706
-2.043706
-2.043706
-2.043706
-2.043706
-2.043706
-2.043706
-2.043706
-2.043706
-2.043706
-2.043706
-1.041837
-2.043706
-2.043706
-2.043706
-0.837064
-2.043706
-2.043706
-2.043706
-2.043706
-2.043706
-1.235480
-2.043706
-2.043706
-2.043706
-2.043706
-2.043706
-2.043706
-2.043706
-2.043706
-2.043706
-2.043706
-2.043706
-2.043706
-2.043706
-1.295019
-2.043706
-2.043706
-2.043706
-2.043706
-2.043706
-2.043706
-2.043706
-2.043706
-2.043706
-2.043706
-2.043706
-2.043706
-2.043706
-2.043706
-2.043706
-2.043706
-2.043706
-2.043706
-2.043706
-2.043706
-1.283902
-2.043706
-2.043706
-2.043706
-2.043706
-2.043706
-0.731495
-2.043706
-2.043706
-2.043706
-0.653544
-2.043706
-2.043706
-2.043706
0.035145
-2.043706
-2.043706
-2.043706
-2.043706
-2.043706
-2.043706
-2.043706
-2.043706
-2.043706
-0.216198
-2.043706
-2.043706
-2.043706
-2.043706
-2.043706
-2.043706
-2.043706
-1.838421
-2.043706
-2.043706
-2.043706
-2.043706
-2.043706
-2.043706
-2.043706
-2.043706
-2.043706
-2.043706
-2.043706
-2.043706
-2.043706
-2.043706
-0.864397
-2.043706
-2.043706
-2.043706
-2.043706
-2.043706
-2.043706
-2.043706
-2.043706
-2.043706
-2.043706
-2.043706
-2.043706
-2.043706
-2.043706
-2.043706
-2.043706
-2.043706
-2.043706
-2.043706
-2.043706
-2.043706
-2.043706
-2.043706
-2.043706
-2.043706
-2.043706
-2.043706
-2.043706
0.033869
-0.674376
-2.043706
-2.043706
-2.043706
-2.043706
-2.043706
0.826127
-2.043706
-2.043706
-2.043706
-2.043706
-2.043706
-2.043706
-2.043706
-2.043706
-2.043706
-2.043706
-2.043706
-2.043706
-2.043706
-2.043706
-2.043706
-2.043706
-2.043706
-2.043706
-2.043706
-2.043706
-2.043706
-2.043706
-2.043706
-2.043706
-2.043706
-2.043706
-2.043706
-2.043706
-2.043706
1.223549
-2.043706
-2.043706
-2.043706
-2.043706
-2.043706
-2.043706
-1.831446
-2.043706
-2.043706
-2.043706
-2.043706
-2.043706
-2.043706
-2.043706
-2.043706
-2.043706
-2.043706
-2.043706
-2.043706
-1.490828
-2.043706
-2.043706
-2.043706
-2.043706
-2.043706
-2.043706
-1.077211
-2.043706
-2.043706
-2.043706
-2.043706
-2.043706
-2.043706
-0.262415
-2.043706
-2.043706
-2.043706
-2.043706
-2.043706
-2.043706
-2.043706
-2.043706
-2.043706
-1.283902
-2.043706
-2.043706
-2.043706
-2.043706
-2.043706
-2.043706
-2.043706
-2.043706
-2.043706
-2.043706
0.050586
-2.043706
-2.043706
-2.043706
-2.043706
-2.043706
-2.043706
-1.490828
-2.043706
-2.043706
-2.043706
-2.043706
-2.043706
-2.043706
-2.043706
-1.295019
-2.043706
-2.043706
-2.043706
-2.043706
-2.043706
-2.043706
-2.043706
-2.043706
-2.043706
-2.043706
-1.855005
-2.043706
-2.043706
-2.043706
-2.043706
-2.043706
-2.043706
-2.043706
-2.043706
-2.043706
-2.043706
-2.043706
-2.043706
-2.043706
-2.043706
-2.043706
-2.043706
-2.043706
-1.857862
-2.043706
-2.043706
-2.043706
-1.640871
-2.043706
-2.043706
-2.043706
-2.043706
1.182831
-2.043706
-2.043706
-2.043706
-2.043706
-2.043706
-2.043706
-2.043706
-2.043706
-2.043706
-2.043706
-2.043706
-2.043706
-2.043706
-2.043706
-2.043706
-2.043706
-2.043706
-2.043706
-1.382734
-2.043706
-2.043706
-2.043706
-2.043706
-2.043706
-2.043706
-2.043706
-2.043706
-0.165530
-2.043706
-2.043706
-2.043706
-2.043706
-2.043706
-2.043706
-2.043706
-2.043706
-2.043706
-2.043706
-2.043706
-2.043706
-2.043706
-2.043706
-2.043706
-2.043706
-2.043706
-2.043706
-0.309462
-2.043706
-2.043706
-1.838421
-2.043706
-2.043706
-2.043706
-2.043706
-2.043706
-2.043706
-2.043706
-1.859490
-2.043706
-2.043706
-1.842563
-1.307461
-2.043706
-2.043706
-2.043706
-2.043706
-2.043706
-2.043706
-2.043706
-2.043706
-2.043706
-2.043706
-2.043706
-2.043706
-2.043706
-2.043706
-2.043706
-2.043706
-1.673646
-2.043706
-2.043706
-2.043706
-2.043706
-2.043706
-2.043706
-2.043706
-2.043706
-2.043706
-2.043706
-2.043706
-2.043706
-2.043706
-2.043706
-2.043706
-2.043706
-2.043706
1.272129
-2.043706
-2.043706
-2.043706
-2.043706
-2.043706
-2.043706
-2.043706
-2.043706
-2.043706
-2.043706
-2.043706
-2.043706
-2.043706
-2.043706
-2.043706
-2.043706
-2.043706
-2.043706
-2.043706
-2.043706
-2.043706
-2.043706
-1.842563
-2.043706
-2.043706
-2.043706
-2.043706
-2.043706
-2.043706
0.005013
-2.043706
-2.043706
-2.043706
-2.043706
-2.043706
-2.043706
-2.043706
-2.043706
-2.043706
-2.043706
-2.043706
-2.043706
-2.043706
-2.043706
-2.043706
-2.043706
-2.043706
-2.043706
-2.043706
-2.043706
-2.043706
-1.830978
-2.043706
-2.043706
-2.043706
-2.043706
-2.043706
-2.043706
-2.043706
-2.043706
-2.043706
-2.043706
-2.043706
-2.043706
-2.043706
-2.043706
-2.043706
-2.043706
-2.043706
-2.043706
-2.043706
-2.043706
-2.043706
-2.043706
-2.043706
-2.043706
-2.043706
-2.043706
-2.043706
-2.043706
-2.043706
-2.043706
-2.043706
-2.043706
-2.043706
-2.043706
-2.043706
1.431324
-2.043706
-2.043706
-2.043706
-2.043706
-2.043706
-2.043706
-2.043706
-2.043706
-2.043706
-2.043706
-2.043706
-2.043706
-2.043706
-2.043706
-2.043706
-2.043706
-2.043706
-2.043706
-2.043706
-2.043706
-2.043706
-2.043706
-2.043706
-2.043706
-2.043706
0.026751
-2.043706
-2.043706
-2.043706
-2.043706
-2.043706
-2.043706
-2.043706
-2.043706
-2.043706
-2.043706
1.441135
-2.043706
-2.043706
-2.043706
-1.802153
-2.043706
-2.043706
-2.043706
-2.043706
-2.043706
-2.043706
-2.043706
-2.043706
-2.043706
-2.043706
-1.496162
-2.043706
-2.043706
-2.043706
-2.043706
-2.043706
-2.043706
-2.043706
-2.043706
-2.043706
-2.043706
-2.043706
-2.043706
-2.043706
-2.043706
-2.043706
-2.043706
-2.043706
-2.043706
-2.043706
-2.043706
-2.043706
-2.043706
-2.043706
-2.043706
0.173079
-2.043706
-2.043706
-2.043706
-2.043706
-2.043706
-2.043706
-2.043706
-2.043706
-2.043706
-2.043706
-2.043706
-2.043706
-0.980935
-2.043706
-2.043706
-0.093553
-0.427255
-2.043706
-2.043706
-2.043706
-2.043706
-2.043706
-2.043706
-2.043706
-2.043706
-2.043706
-2.043706
-2.043706
-2.043706
-2.043706
-2.043706
-2.043706
-2.043706
-2.043706
-2.043706
-2.043706
-2.043706
-2.043706
-2.043706
-2.043706
-2.043706
-2.043706
-2.043706
-2.043706
-2.043706
-2.043706
-2.043706
-2.043706
-2.043706
-2.043706
-2.043706
-2.043706
-2.043706
-2.043706
-2.043706
-2.043706
-2.043706
-2.043706
-2.043706
-2.043706
-2.043706
-2.043706
-2.043706
-2.043706
-2.043706
-2.043706
-2.043706
-2.043706
1.588488
-2.043706
-2.043706
-2.043706
-2.043706
-1.630304
-2.043706
-2.043706
-1.859490
-2.043706
-2.043706
-2.043706
-2.043706
-2.043706
-2.043706
-2.043706
-2.043706
-2.043706
-2.043706
-2.043706
-2.043706
-2.043706
-2.043706
-2.043706
-2.043706
-0.474270
-2.043706
-2.043706
-2.043706
-2.043706
-1.616310
-2.043706
-2.043706
-2.043706
-2.043706
-2.043706
-2.043706
-2.043706
-2.043706
-2.043706
-2.043706
-2.043706
-2.043706
-2.043706
-2.043706
-2.043706
-2.043706
-2.043706
-1.842563
-2.043706
-2.043706
-2.043706
-2.043706
-2.043706
-2.043706
-2.043706
-2.043706
-2.043706
-2.043706
-2.043706
-2.043706
-2.043706
-2.043706
-1.842563
-1.829571
-2.043706
-2.043706
-2.043706
-2.043706
-0.462463
-2.043706
-2.043706
-2.043706
-2.043706
-2.043706
-2.043706
-2.043706
-2.043706
-2.043706
-2.043706
-2.043706
-2.043706
-2.043706
-2.043706
-2.043706
-2.043706
-2.043706
-2.043706
-2.043706
-2.043706
-1.838421
-2.043706
-2.043706
-2.043706
-2.043706
-2.043706
-2.043706
-2.043706
-2.043706
-2.043706
-2.043706
-2.043706
-2.043706
-2.043706
-2.043706
-2.043706
-2.043706
-2.043706
-2.043706
-2.043706
-2.043706
-2.043706
-2.043706
-2.043706
-2.043706
-2.043706
-2.043706
-2.043706
-2.043706
-2.043706
-2.043706
-2.043706
-2.043706
-2.043706
-2.043706
-2.043706
-2.043706
-2.043706
-2.043706
-2.043706
-0.401208
-2.043706
-2.043706
-2.043706
-2.043706
-2.043706
-2.043706
-0.541766
-1.202722
-2.043706
-2.043706
-2.043706
-2.043706
-1.842563
-2.043706
-2.043706
-2.043706
-2.043706
-2.043706
-2.043706
-2.043706
-0.932166
1.430742
-2.043706
-2.043706
-2.043706
-2.043706
-2.043706
-0.365860
-2.043706
-2.043706
-2.043706
-2.043706
-2.043706
-2.043706
-2.043706
-2.043706
-2.043706
-2.043706
-2.043706
-2.043706
-2.043706
-2.043706
-2.043706
-2.043706
-2.043706
-2.043706
-2.043706
-2.043706
-2.043706
-2.043706
-2.043706
-2.043706
-2.043706
-2.043706
-2.043706
-2.043706
-2.043706
-2.043706
-2.043706
-2.043706
-2.043706
-2.043706
-2.043706
-1.620839
-2.043706
-1.842563
-2.043706
-2.043706
-2.043706
-2.043706
-2.043706
-2.043706
-2.043706
-2.043706
-2.043706
-2.043706
-1.420510
-2.043706
-2.043706
-2.043706
-2.043706
-2.043706
-2.043706
-2.043706
-2.043706
-2.043706
-2.043706
-2.043706
-2.043706
-2.043706
-2.043706
-0.182637
-2.043706
-1.802153
-2.043706
-2.043706
-2.043706
-2.043706
-2.043706
-2.043706
-2.043706
-2.043706
-2.043706
-2.043706
-2.043706
-2.043706
1.046924
-2.043706
-2.043706
-2.043706
-2.043706
-2.043706
-2.043706
-2.043706
-2.043706
-2.043706
-2.043706
-2.043706
-2.043706
-2.043706
-2.043706
-2.043706
-2.043706
-2.043706
-2.043706
-2.043706
-2.043706
-2.043706
-2.043706
-2.043706
-2.043706
-2.043706
-2.043706
-1.842563
-2.043706
-2.043706
