38665, 3039, 25234, 38872, 3310, 37058, 35706, 26006, 90351, 25303, 10820, 35505, 39002, 95908
Feature count is 14
Criterion1 result is ObjectIndex = 1864, Distance = -0.0730411708411039082959974177, Value = 0.5417727136841156798731211601
Boundary = -0.0643635352290334706603480565
-1.816003
-1.816003
-1.816003
-1.816003
-1.816003
-1.816003
-1.816003
-1.816003
-1.816003
-1.816003
-1.816003
-1.816003
-1.816003
-1.816003
-1.816003
-1.816003
-1.816003
-1.816003
-1.816003
-1.816003
-1.816003
-1.816003
-1.816003
-1.816003
-1.816003
-1.816003
-1.816003
-1.816003
-1.816003
-1.816003
-1.816003
-1.816003
-1.816003
-1.816003
-1.816003
-1.816003
-1.816003
-1.816003
-1.816003
-1.816003
-1.816003
-1.816003
-1.816003
-1.816003
-1.816003
-1.816003
-1.816003
-1.816003
-1.816003
-1.816003
-1.816003
-1.816003
-1.816003
-1.816003
-1.816003
-1.816003
-0.853058
-1.816003
-0.244387
-1.430013
-1.816003
-1.816003
-1.816003
-1.816003
-1.816003
-1.816003
-1.816003
-1.816003
-1.816003
-1.816003
-1.816003
-1.816003
-1.816003
-1.816003
-1.816003
-1.816003
-1.816003
-1.816003
-1.816003
-1.816003
-1.816003
-1.816003
-1.816003
-1.816003
-1.816003
1.599987
-1.816003
-1.816003
-1.816003
-1.816003
-1.816003
-1.816003
-1.816003
-1.816003
-1.816003
-1.816003
-1.816003
-1.816003
-1.816003
-1.816003
-1.816003
-1.816003
-1.424650
-1.816003
-1.816003
-1.816003
-1.816003
-0.883663
-1.816003
-1.816003
-1.816003
-1.816003
-1.816003
-1.816003
-1.816003
-1.816003
-1.816003
-1.816003
-1.816003
-1.816003
-1.816003
-1.816003
-1.816003
-1.816003
-1.816003
-1.816003
-1.816003
-1.816003
-1.816003
-1.816003
-1.816003
-1.816003
-1.816003
-1.816003
-1.816003
-1.816003
-0.310529
-1.816003
-1.816003
-1.816003
-1.816003
-1.242869
-1.816003
-1.816003
-1.816003
-1.606544
-1.816003
-1.816003
-1.816003
-1.816003
-1.816003
-1.816003
-1.816003
-1.816003
-1.816003
-1.816003
-1.816003
-1.816003
-1.608867
-1.816003
-1.816003
-1.816003
-1.631787
-1.816003
-1.816003
-1.816003
-1.816003
-1.816003
-1.816003
-1.816003
-1.816003
-1.816003
-1.816003
-1.816003
-1.816003
-1.816003
-1.816003
-1.816003
-1.599987
-1.816003
-1.816003
-1.816003
-1.816003
-1.816003
-1.816003
-1.816003
-1.816003
-1.816003
-1.816003
-1.816003
-1.816003
-1.816003
-1.816003
-1.816003
-1.816003
-1.816003
-1.816003
-1.816003
-1.816003
-1.816003
-1.816003
-1.816003
-1.816003
-1.816003
-1.816003
-1.816003
-1.816003
-1.816003
-1.816003
-1.816003
-1.816003
-1.816003
-1.816003
-1.816003
-1.816003
-1.816003
-1.816003
-1.816003
-1.816003
-1.816003
-1.816003
-1.816003
-1.816003
-1.816003
-1.816003
-1.816003
-1.816003
-1.816003
-1.816003
-1.816003
-1.816003
-1.816003
-1.816003
-1.816003
-1.816003
-1.816003
-1.816003
-1.816003
-1.816003
-1.816003
-1.816003
-1.816003
-1.816003
-1.816003
-1.816003
-1.816003
-1.816003
-1.816003
-1.816003
-1.816003
-1.816003
-1.207726
-1.816003
-1.816003
-1.816003
-1.816003
-1.816003
-1.242869
-1.816003
-1.816003
-1.816003
-1.816003
-1.816003
-1.816003
-1.816003
-1.816003
-1.816003
-1.816003
-1.816003
-1.816003
-1.816003
-1.816003
-1.816003
-1.816003
-1.816003
-1.816003
-1.816003
-1.816003
-1.816003
-1.816003
-1.816003
-1.816003
-1.816003
-1.816003
-1.816003
-1.816003
-1.816003
-1.816003
-1.816003
-1.816003
-1.816003
-1.816003
-1.816003
-1.816003
1.189598
-1.816003
-1.816003
-1.816003
-1.816003
-1.816003
-1.816003
-1.816003
-1.816003
-1.816003
-1.816003
-1.816003
-1.816003
-1.816003
-1.816003
-1.816003
-1.816003
-1.816003
-1.816003
-1.816003
-1.816003
-1.816003
-0.709261
-0.036443
-1.816003
-1.816003
-1.816003
-1.816003
-1.816003
-1.816003
-1.816003
-1.816003
-1.816003
-1.816003
-1.816003
-1.816003
-1.816003
-1.816003
-1.816003
-1.816003
-1.816003
-1.816003
-1.816003
-1.816003
-1.816003
-1.816003
-0.960711
-1.816003
-1.816003
-1.816003
-1.816003
-1.816003
-1.816003
-1.816003
-1.816003
-1.816003
-1.816003
-1.816003
-1.816003
-1.816003
-1.816003
-1.816003
-1.816003
-1.816003
-1.816003
-1.816003
-1.816003
-1.816003
-1.816003
-1.816003
-1.816003
-1.816003
-1.816003
-1.816003
-1.816003
-1.816003
-1.816003
-1.816003
-1.816003
-1.816003
-1.816003
-1.816003
-1.816003
-1.816003
0.190989
-1.816003
-1.816003
-1.816003
-1.816003
-1.816003
-1.816003
-1.816003
-1.816003
-1.816003
-1.816003
-1.816003
-1.816003
-1.816003
-1.816003
-1.816003
-1.816003
-1.816003
-1.816003
-1.816003
-1.816003
-1.816003
-1.816003
-1.816003
-1.816003
-1.816003
-1.816003
-1.816003
-1.816003
-1.816003
-1.816003
-1.816003
-1.816003
-1.816003
-1.816003
-1.816003
-1.816003
-1.816003
-1.816003
-1.816003
-1.816003
-1.816003
-1.816003
-1.816003
-1.816003
-1.816003
-1.816003
-1.816003
-1.816003
-1.816003
-1.816003
-1.816003
-1.816003
-1.816003
-1.816003
-1.816003
-1.816003
-1.816003
-1.816003
-1.816003
-1.130354
-1.182449
-1.816003
-1.816003
-1.816003
-1.816003
-1.816003
-0.674204
-1.816003
1.602338
-1.816003
-1.816003
-1.816003
-1.816003
-1.816003
-1.816003
-1.816003
-1.816003
-1.816003
-1.816003
-1.816003
-1.816003
-1.816003
-1.816003
-1.816003
-1.816003
-1.389585
-1.816003
-1.816003
-1.816003
-1.816003
-1.816003
-1.816003
-1.816003
-1.816003
-1.816003
-1.816003
-1.816003
-1.816003
-1.816003
-1.816003
-1.399407
-1.816003
-1.816003
-1.816003
-1.816003
-1.816003
-1.816003
-1.816003
-1.816003
-1.816003
-1.816003
-1.816003
-1.816003
-1.816003
-1.816003
-1.816003
-1.816003
-1.816003
-1.602338
-1.816003
-1.816003
-1.816003
-1.816003
-1.816003
-1.816003
-1.816003
-1.816003
-1.816003
-1.816003
-1.816003
-1.269653
-1.458885
-1.816003
-1.816003
-1.816003
-1.816003
-1.816003
-1.816003
-1.816003
-1.816003
-1.816003
-1.816003
-1.816003
-1.816003
-1.816003
-1.816003
-1.816003
-1.816003
-1.816003
-1.816003
-1.816003
-1.816003
-1.816003
-1.816003
-1.816003
-1.816003
-1.816003
-1.816003
-1.816003
-1.816003
-1.816003
-1.816003
-1.816003
-1.816003
-1.816003
-1.816003
-1.816003
-1.816003
-1.816003
-1.816003
-1.816003
-1.816003
-1.816003
-1.595257
-1.816003
-1.816003
-1.816003
-1.816003
-1.816003
-1.816003
-1.816003
-1.816003
-1.816003
-1.816003
-1.816003
-1.816003
-1.816003
-0.883663
1.411287
-1.816003
-1.816003
-1.816003
-1.816003
-1.816003
-1.816003
-1.816003
-0.013927
-1.816003
-1.816003
-1.816003
-1.816003
-0.480172
-1.816003
-1.816003
-1.816003
-1.816003
-1.816003
-1.816003
-1.816003
-1.816003
-0.589613
-1.816003
-1.816003
-1.816003
-1.816003
-1.816003
-1.816003
-1.816003
-1.816003
-1.816003
-1.816003
-1.816003
-1.816003
-1.816003
-1.816003
-1.816003
-1.816003
-1.816003
-1.816003
-1.816003
-1.816003
-1.816003
-1.816003
-1.816003
-1.816003
-1.816003
0.437012
-1.816003
-1.816003
-1.816003
-1.816003
-1.816003
-1.816003
-1.816003
-1.816003
-1.816003
-1.816003
-1.816003
-1.606544
-1.816003
-1.816003
-1.816003
-1.816003
-1.816003
-1.816003
-1.816003
-1.816003
-1.816003
-1.816003
-1.816003
-1.816003
-1.816003
-1.816003
-1.816003
-1.816003
-1.606544
-1.816003
-1.816003
-1.816003
-1.816003
-1.816003
-1.816003
-1.269653
-1.816003
-1.816003
-1.816003
-1.816003
-1.816003
-1.816003
-1.816003
-1.816003
-1.816003
-1.816003
-1.816003
-1.816003
-1.816003
-1.816003
-1.816003
-1.816003
-1.816003
-1.816003
-1.816003
-1.816003
-1.816003
-1.816003
-1.816003
-1.816003
0.150124
-1.816003
-1.816003
-1.816003
-1.816003
-1.816003
-1.816003
-1.816003
-1.816003
-1.816003
-1.816003
-1.816003
-1.816003
-1.816003
-1.816003
-1.816003
-1.816003
-1.816003
-1.816003
-1.816003
-1.816003
-1.816003
-1.816003
-1.816003
-1.269653
-1.816003
-1.816003
-1.816003
-1.816003
-1.816003
-1.269653
-1.816003
-1.816003
-1.816003
-1.816003
-1.816003
-1.816003
-1.816003
-1.816003
-1.816003
-1.816003
-1.816003
-1.816003
-1.816003
-1.816003
-1.816003
-1.816003
-1.816003
-1.816003
-1.816003
-1.816003
-1.602338
-1.816003
-1.816003
-1.816003
-1.816003
-1.816003
-1.816003
-1.816003
-1.816003
-1.816003
-1.816003
-1.816003
-1.816003
-1.816003
-1.816003
-1.816003
-0.960711
-1.816003
-1.816003
-1.816003
-1.816003
-1.816003
-1.816003
-1.816003
-1.816003
-1.816003
-1.816003
-1.816003
-1.816003
-1.816003
-1.816003
-1.816003
-1.816003
-0.282851
-1.816003
-1.816003
-1.816003
-1.816003
-1.816003
-1.816003
-1.816003
-1.816003
-1.816003
-1.816003
-1.816003
-1.816003
-1.242869
-1.816003
-1.816003
-1.816003
-1.816003
-1.816003
-1.816003
-1.599987
-1.816003
-1.816003
-1.816003
-1.816003
-1.816003
-1.816003
-1.816003
-1.816003
0.157910
-1.816003
-1.816003
-1.816003
-1.816003
-1.816003
-1.816003
-1.816003
-1.816003
-1.816003
-1.816003
-1.816003
-1.816003
-1.816003
-1.816003
-1.816003
-1.816003
-1.816003
-1.816003
-1.816003
-1.816003
-1.816003
-1.027647
-1.816003
-1.816003
-1.816003
-1.816003
-1.816003
-1.816003
-1.816003
-1.816003
-1.816003
-1.816003
-1.816003
-1.816003
-1.816003
-1.816003
-1.816003
-1.816003
-1.816003
-1.816003
-1.816003
-1.816003
-1.816003
-1.816003
-1.816003
-1.816003
-1.816003
-1.816003
-1.816003
-1.816003
-1.816003
-1.816003
-1.816003
-1.816003
-1.816003
-1.816003
-1.628528
-1.816003
-1.816003
-1.816003
-1.816003
-1.816003
-1.816003
-1.816003
-1.816003
-1.816003
-1.816003
-1.816003
-1.816003
-1.816003
-1.816003
-1.816003
-1.816003
-1.816003
-1.606544
-1.816003
-1.816003
-1.816003
-1.816003
-1.816003
-1.816003
-1.816003
-1.816003
-1.816003
-1.816003
-1.816003
0.363789
-1.816003
-1.816003
-1.816003
-0.664357
-1.816003
-1.816003
-1.816003
-1.816003
-1.816003
-1.816003
-1.816003
-1.816003
-1.816003
-1.816003
-1.816003
-1.816003
-1.816003
-1.816003
-1.816003
-1.816003
-1.816003
-1.816003
-1.816003
-1.816003
-1.816003
-1.816003
-1.816003
-1.816003
-1.816003
-1.816003
-1.816003
-1.816003
-1.816003
-1.816003
-1.816003
-1.816003
-1.816003
-1.816003
-1.816003
-1.816003
-1.816003
-1.816003
-1.816003
-1.816003
-1.816003
-1.816003
-1.816003
-1.816003
-1.816003
-1.816003
-1.816003
-1.816003
-1.816003
-1.816003
-1.816003
-1.816003
-1.816003
-1.816003
-1.816003
-1.816003
-1.816003
-1.816003
-1.816003
-1.608867
-1.816003
-1.816003
-1.422327
-1.816003
-1.816003
-1.816003
-1.816003
-1.816003
-1.816003
-1.816003
-1.816003
-0.771479
-1.816003
-1.816003
-1.816003
-1.816003
-1.816003
0.308796
-1.816003
-1.816003
-1.458885
-1.816003
-1.816003
-1.816003
-1.816003
-1.816003
-1.816003
-1.816003
-1.816003
-1.816003
-1.816003
-1.816003
-1.816003
-1.816003
-1.816003
-1.816003
-1.816003
-1.816003
-1.816003
-1.816003
-1.816003
-1.816003
-1.816003
-1.816003
-1.816003
-1.816003
-1.816003
-1.816003
-1.816003
-1.816003
-1.816003
-1.816003
-1.816003
-1.816003
-1.816003
-1.816003
-1.816003
-1.816003
-1.816003
-1.816003
-1.816003
-1.816003
-1.816003
-1.816003
-1.816003
-1.816003
-1.816003
-1.816003
-1.816003
-1.816003
-1.816003
-1.816003
-1.816003
-1.816003
-1.816003
-1.816003
-0.030721
-1.816003
-1.816003
-1.816003
-1.816003
-1.816003
-1.816003
0.432282
-1.816003
-1.816003
-1.816003
-1.816003
-1.816003
-1.816003
-1.816003
-1.816003
-1.816003
-1.816003
-1.816003
-1.816003
-1.816003
-1.816003
-1.816003
-1.816003
-1.816003
-1.816003
-1.816003
-1.816003
-1.816003
-1.816003
-1.816003
-1.816003
-1.816003
-1.816003
-1.816003
-1.816003
-1.816003
-1.816003
0.006772
-1.816003
-1.816003
-1.816003
-1.816003
-1.816003
-1.816003
-1.816003
-1.816003
-1.816003
-1.816003
-1.816003
-1.816003
-1.816003
-1.816003
-1.816003
-1.816003
-1.816003
-1.816003
-1.816003
-1.816003
-1.816003
-1.816003
-1.816003
-1.816003
-1.816003
-1.816003
-1.816003
-1.816003
-1.816003
-1.816003
-1.816003
-1.816003
-1.816003
-1.816003
-0.960711
-1.816003
-1.816003
-1.816003
-1.816003
-1.816003
-1.816003
-1.816003
-1.816003
-1.816003
-1.816003
-1.816003
-1.816003
-1.816003
0.093937
-1.816003
-1.816003
-1.816003
-1.816003
-1.816003
-1.816003
-1.816003
-1.816003
-1.816003
-0.878300
-1.816003
-1.816003
-1.816003
-1.816003
-1.816003
-1.816003
-1.816003
-1.816003
-1.816003
-1.816003
-1.816003
-1.816003
-1.816003
-1.816003
-1.816003
-1.816003
-1.816003
-1.816003
-1.816003
-1.816003
-1.816003
-1.816003
-1.816003
-1.816003
-1.816003
-1.816003
-1.816003
-1.816003
-1.816003
-1.816003
-1.816003
-1.816003
-1.816003
-1.816003
-1.816003
-1.816003
-1.816003
-1.816003
-1.816003
-1.816003
-1.816003
-1.816003
-1.816003
-1.816003
-1.816003
-1.816003
-1.816003
-1.816003
-1.816003
-1.816003
-1.816003
1.109750
-1.379241
-1.816003
-1.816003
-1.816003
-1.816003
-1.816003
1.213997
-1.816003
-1.816003
-1.816003
-1.816003
-1.816003
-1.816003
-1.816003
-1.816003
-1.816003
-1.816003
-1.816003
-1.816003
-1.816003
-1.816003
-1.816003
-1.816003
-1.816003
-1.816003
-1.816003
-1.816003
-1.816003
-1.816003
-1.816003
-1.816003
-1.816003
-1.816003
-1.816003
-1.816003
-1.816003
0.732472
-1.816003
-1.816003
-1.816003
-1.816003
-1.816003
-1.816003
-0.960711
-1.816003
-1.816003
-1.816003
-1.816003
-1.816003
-1.816003
-1.816003
-1.816003
-1.816003
-1.816003
-1.816003
-1.816003
-1.816003
-1.816003
-1.816003
-1.816003
-1.816003
-1.816003
-1.631787
-1.816003
-1.816003
-1.816003
-1.816003
-1.816003
-1.816003
-1.816003
0.151032
-1.816003
-1.816003
-1.816003
-1.816003
-1.816003
-1.816003
-1.816003
-1.816003
-1.816003
-1.599987
-1.816003
-1.816003
-1.816003
-1.816003
-1.816003
-1.816003
-1.816003
-1.816003
-1.816003
-1.816003
-0.462861
-1.816003
-1.816003
-1.816003
-1.816003
-1.816003
-1.816003
-1.816003
-1.816003
-1.816003
-1.816003
-1.269653
-1.816003
-1.816003
-1.816003
-1.082178
-1.816003
-1.816003
-1.816003
-1.816003
-1.816003
-1.816003
-1.816003
-1.816003
-1.816003
-1.816003
-1.816003
-1.816003
-1.816003
-1.816003
-1.816003
-1.816003
-1.816003
-1.816003
-1.816003
-1.816003
-1.816003
-1.816003
-1.816003
-1.816003
-1.816003
-1.816003
-1.816003
-1.816003
-1.424650
-1.816003
-1.816003
-1.816003
-0.864937
-1.816003
-1.816003
-1.816003
-1.816003
1.406557
-1.816003
-1.816003
-1.816003
-1.816003
-1.816003
-1.816003
0.218582
-1.816003
-1.816003
-1.816003
-1.816003
-1.816003
-1.816003
-1.816003
-1.816003
-1.628528
-1.816003
-1.816003
-1.816003
-1.816003
-1.816003
-1.816003
-1.816003
-1.816003
-1.816003
-1.816003
-1.816003
-0.239160
-1.816003
-1.816003
-1.816003
-1.816003
-1.816003
-1.816003
-1.816003
-1.816003
-1.816003
-1.816003
-1.816003
-1.816003
-1.816003
-1.816003
-1.816003
-1.816003
-1.816003
-1.816003
-0.055686
-1.816003
-1.816003
-1.816003
-1.816003
-1.816003
-1.816003
-1.816003
-1.816003
-1.816003
-1.816003
-1.215191
-1.816003
-1.816003
-1.533845
-1.816003
-1.816003
-1.816003
-1.816003
-1.816003
-1.816003
-1.816003
-1.816003
-1.816003
-1.816003
-1.816003
-1.816003
-1.816003
-1.816003
-1.816003
-1.816003
-1.816003
-0.785510
-1.816003
-1.816003
-1.816003
-1.816003
-1.816003
-1.816003
-1.816003
-1.816003
-1.816003
-1.816003
-1.816003
-1.816003
-1.816003
-1.816003
-1.816003
-1.816003
-1.816003
1.027716
-1.816003
-1.816003
-1.816003
-1.816003
-1.816003
-1.608867
-1.816003
-1.816003
-1.816003
-1.816003
-1.816003
-1.269653
-1.816003
-1.816003
-1.816003
-1.816003
-1.816003
-1.816003
-1.816003
-1.816003
-1.816003
-1.816003
-1.816003
-1.816003
-1.816003
-1.816003
-1.816003
-1.816003
-1.816003
0.576648
-1.816003
-1.816003
-1.816003
-1.816003
-1.816003
-1.816003
-1.816003
-1.816003
-1.816003
-1.816003
-1.816003
-1.816003
-1.816003
-1.816003
-1.816003
-1.816003
-1.816003
-1.816003
-1.816003
-1.816003
-1.816003
-0.883663
-1.816003
-1.816003
-1.816003
-1.816003
-1.269653
-1.816003
-1.816003
-1.816003
-1.816003
-1.816003
-1.816003
-1.816003
-1.816003
-1.816003
-1.816003
-1.816003
-1.816003
-1.816003
-1.816003
-1.816003
-1.816003
-1.816003
-1.816003
-1.816003
-1.816003
-1.816003
-1.816003
-1.816003
-1.816003
-1.816003
-1.816003
-1.816003
-1.816003
-1.816003
-1.816003
1.162153
-1.816003
-1.816003
-1.816003
-1.816003
-1.816003
-1.816003
-1.816003
-1.816003
-1.816003
-1.816003
-1.816003
-1.816003
-1.816003
-1.816003
-1.816003
-1.816003
-1.816003
-1.816003
-1.816003
-1.816003
-1.816003
-1.816003
-1.816003
-1.816003
-1.816003
0.362249
-1.816003
-1.816003
-1.816003
-1.816003
-1.816003
-1.816003
-1.816003
-1.816003
-1.816003
-1.816003
1.608867
-1.816003
-1.816003
-1.816003
-0.883663
-1.816003
-1.816003
-1.816003
-1.816003
-1.816003
-1.816003
-1.816003
-1.816003
-1.816003
-1.816003
-1.816003
-1.816003
-1.816003
-1.816003
-1.816003
-1.816003
-1.816003
-1.816003
-1.816003
-1.816003
-1.816003
-1.816003
-1.816003
-1.816003
-1.816003
-1.816003
-1.816003
-1.816003
-1.816003
-1.816003
-1.816003
-1.816003
-1.816003
-1.816003
-1.816003
-1.183392
-1.816003
-1.816003
-1.816003
-1.816003
-1.816003
-1.816003
-1.816003
-1.816003
-1.816003
-1.816003
-1.816003
-1.816003
-0.094150
-1.816003
-1.816003
-0.664635
-1.816003
-1.816003
-1.816003
-1.816003
-1.816003
-1.816003
-1.816003
-1.816003
-1.816003
-1.816003
-1.816003
-1.816003
-1.816003
-1.816003
-1.816003
-1.816003
-1.816003
-1.816003
-1.816003
-1.816003
-1.816003
-1.608867
-1.816003
-1.816003
-1.816003
-1.816003
-1.816003
-1.816003
-1.816003
-1.816003
-1.816003
-1.816003
-1.816003
-1.816003
-1.816003
-1.816003
-1.816003
-1.816003
-1.816003
-1.816003
-1.816003
-1.816003
-1.816003
-1.816003
-1.816003
-1.816003
-1.816003
-1.816003
-1.816003
-1.816003
-1.816003
-1.816003
0.372770
-1.816003
-1.816003
-1.816003
-1.816003
-1.816003
-1.816003
-1.816003
-1.606544
-1.816003
-1.816003
-1.816003
-1.608867
-1.816003
-1.816003
-1.816003
-1.816003
-1.816003
-1.816003
-1.816003
-1.816003
-1.816003
-1.816003
-1.816003
-0.676527
-0.275386
-1.816003
-1.816003
-1.816003
-1.816003
-1.320179
-1.816003
-1.816003
-1.816003
-1.816003
-1.816003
-1.816003
-1.816003
-1.816003
-1.816003
-1.816003
-1.816003
-1.816003
-1.816003
-1.816003
-1.816003
-1.816003
-1.816003
-1.816003
-1.816003
-1.269653
-1.816003
-1.816003
-1.816003
-1.816003
-1.816003
-1.816003
-1.816003
-1.816003
-1.816003
-1.816003
-1.816003
-1.816003
-1.816003
-1.816003
-1.816003
-1.816003
-1.816003
-1.816003
0.395589
-1.816003
-1.816003
-1.816003
-1.816003
-1.816003
-1.816003
-1.816003
-1.816003
-1.816003
-1.816003
-1.816003
-1.816003
-1.816003
-1.816003
-1.816003
-1.816003
-1.816003
-1.816003
-1.816003
-1.816003
-1.816003
-1.816003
-1.816003
-1.816003
-1.816003
-1.816003
-1.816003
-1.816003
-1.816003
-1.816003
-1.816003
-1.816003
-1.816003
-1.816003
-1.816003
-1.816003
-1.816003
-1.816003
-1.816003
-1.816003
-1.816003
-1.816003
-1.816003
-1.816003
-1.816003
-1.816003
-1.816003
-1.816003
-1.816003
-1.816003
-1.816003
-1.816003
-1.816003
-1.816003
-1.816003
-1.816003
-1.816003
-1.816003
-1.816003
-1.816003
-1.816003
-1.816003
-1.816003
-1.816003
-1.816003
-1.816003
-1.816003
-1.053637
-1.816003
-1.816003
-1.816003
-1.816003
-1.816003
-1.816003
-1.816003
-1.816003
-1.816003
-1.816003
-1.816003
-1.816003
-1.816003
-1.816003
0.745558
-1.816003
-1.816003
-1.816003
-1.816003
-1.816003
-1.816003
-1.816003
-1.816003
-1.816003
-1.816003
-1.816003
-1.816003
-1.816003
-1.816003
-1.816003
-1.816003
-1.816003
-1.816003
-1.816003
-1.816003
-1.816003
-1.816003
-1.816003
-1.816003
-1.816003
-1.816003
-1.816003
-1.816003
-1.816003
-1.816003
-1.816003
-1.816003
-1.816003
-1.816003
-1.816003
-1.816003
-1.816003
-1.816003
-1.816003
-1.816003
-1.816003
-0.250109
-1.816003
-1.816003
-1.816003
-1.816003
-1.816003
-1.816003
-1.816003
-1.816003
-1.816003
-1.816003
-1.816003
-1.816003
-1.606544
-1.816003
-1.816003
-1.816003
-1.816003
-1.816003
-1.816003
-1.816003
-1.816003
-1.816003
-1.816003
-1.816003
-1.816003
-1.816003
-1.816003
-0.073041
-1.816003
-1.816003
-1.816003
-1.816003
-1.816003
-1.816003
-1.816003
-1.816003
-1.816003
-1.816003
-1.816003
-1.816003
-1.816003
-1.816003
0.208751
-1.816003
-1.816003
-1.816003
-1.816003
-1.816003
-1.816003
-1.816003
-1.816003
-1.816003
-1.816003
-1.013417
-1.816003
-1.816003
-1.816003
-1.816003
-1.816003
-1.816003
-1.816003
-1.816003
-1.816003
-1.816003
-1.816003
-1.816003
-1.816003
-1.816003
-1.816003
-1.816003
-1.816003
-1.816003
