86075, 79603, 79501, 3123, 38650, 25283, 9379, 79293, 3137, 79461, 9058, 96239, 16291, 3397, 26204, 79764, 37194, 94100, 57826, 79378, 79419, 14230, 79236, 10413, 59734, 3667, 79361, 26209, 16445, 88388, 3387, 79425, 9061, 80664, 79290, 14225, 35682, 115390
Feature count is 38
Criterion1 result is ObjectIndex = 811, Distance = -1.8959405670831304572134992882, Value = 0.6594118863745269126450148531
Boundary = -1.7671674671265024734958215767
-4.885643
-4.644090
-4.885643
-4.885643
-4.885643
-4.885643
-4.885643
-4.885643
-4.885643
-4.885643
-4.885643
-4.885643
-4.885643
-3.533339
-4.885643
-4.885643
-4.885643
-4.885643
-4.885643
-4.281803
-4.885643
-4.885643
-4.885643
-4.885643
-4.885643
-4.885643
-4.885643
-4.885643
-4.885643
-4.885643
-4.885643
-4.885643
-4.885643
-4.885643
-4.885643
-4.372804
-4.885643
-4.885643
-4.885643
-4.885643
-4.885643
-4.885643
-4.885643
-4.885643
-4.885643
-4.885643
-4.885643
-4.885643
-4.885643
-4.885643
-4.885643
-4.885643
-4.885643
-4.885643
-4.885643
-4.885643
-3.277414
-4.885643
-3.716347
-4.885643
-4.885643
-4.885643
-4.885643
-4.885643
-4.885643
-4.885643
-4.885643
-4.885643
-4.885643
-4.885643
-4.885643
-4.885643
-4.885643
-4.885643
-4.885643
-4.885643
-4.885643
-4.885643
-4.885643
-4.885643
-4.885643
-4.885643
-4.885643
-4.885643
-4.885643
2.997586
-4.885643
-4.885643
-4.885643
-4.885643
-4.885643
-4.885643
-4.885643
-4.885643
-4.885643
-4.885643
-4.885643
-4.885643
-4.885643
-4.885643
-4.885643
-4.885643
-3.442541
-4.885643
-4.885643
-4.885643
-4.417137
-2.863851
-4.885643
-4.885643
-4.671039
-4.885643
-4.885643
-4.885643
-4.885643
-4.885643
-4.885643
-4.885643
-4.885643
-4.885643
-4.885643
-4.885643
-4.230478
-4.885643
-4.885643
-1.638394
-4.885643
-4.885643
-4.885643
-4.885643
-4.885643
-4.885643
-4.885643
-4.885643
-4.885643
-4.885643
-2.543613
-4.885643
-4.885643
-4.885643
-4.885643
-4.644090
-4.885643
-4.885643
-4.885643
-4.643558
-4.885643
-4.885643
-4.885643
-4.885643
-4.885643
-4.885643
-4.885643
-4.885643
-4.885643
-4.885643
-4.885643
-4.885643
-4.643558
-4.885643
-4.885643
-4.587408
-4.391867
-4.885643
-4.885643
-4.885643
-4.885643
-4.641420
-4.885643
-4.885643
-4.885643
-4.885643
-4.885643
-4.885643
-4.885643
-4.885643
-4.885643
-4.885643
-4.643024
-4.885643
-4.885643
-4.885643
-4.885643
-4.885643
-4.885643
-4.885643
-4.885643
-4.885643
-4.885643
-4.885643
-4.885643
-4.885643
-4.885643
-4.885643
-4.670098
-4.885643
-4.885643
-4.885643
-4.885643
-4.885643
-4.885643
-4.885643
-4.885643
-4.885643
-4.885643
-4.885643
-4.885643
-4.885643
-4.885643
-4.885643
-4.885643
-4.885643
-4.885643
-4.885643
-4.885643
-4.885643
-4.885643
-4.885643
-4.885643
-4.885643
-4.885643
-4.885643
-4.885643
-4.885643
-4.885643
-4.885643
-4.885643
-4.885643
-4.885643
-3.858693
-4.885643
-4.885643
-4.885643
-4.675252
-4.885643
-4.885643
-4.885643
-4.885643
-4.252153
-4.587408
-4.885643
-4.885643
-4.885643
-4.885643
-4.885643
-4.885643
-4.885643
-4.885643
-4.885643
-4.885643
-4.885643
-2.727557
-4.885643
-4.885643
-4.885643
-4.885643
-4.885643
-3.261108
-4.885643
-4.885643
-4.885643
-4.885643
-4.885643
-4.885643
-4.885643
-4.885643
-4.885643
-4.885643
-4.885643
-4.885643
-4.885643
-4.885643
-4.885643
-4.885643
-4.885643
-4.885643
-4.885643
-4.885643
-4.885643
-4.885643
-4.885643
-4.885643
-4.885643
-4.885643
-4.885643
-4.885643
-4.885643
-4.885643
-4.587408
-4.885643
-4.885643
-4.885643
-4.885643
-4.885643
-0.051271
-4.885643
-4.885643
-4.885643
-4.885643
-4.885643
-4.885643
-4.885643
-4.885643
-4.885643
-4.885643
-4.885643
-4.885643
-4.885643
-4.885643
-4.885643
-4.885643
-4.885643
-4.885643
-4.885643
-4.885643
-4.885643
-2.503162
-2.335161
-4.885643
-4.885643
-4.885643
-4.885643
-4.885643
-4.885643
-4.885643
-4.885643
-4.885643
-4.885643
-4.885643
-4.885643
-4.885643
-4.885643
-4.885643
-4.885643
-4.885643
-4.342865
-4.885643
-4.885643
-4.885643
-4.885643
-3.095241
-4.885643
-4.885643
-4.885643
-4.885643
-4.885643
-4.885643
-4.885643
-4.885643
-4.885643
-4.885643
-4.885643
-4.885643
-4.885643
-4.885643
-4.885643
-4.885643
-4.885643
-4.885643
-4.885643
-4.885643
-4.885643
-4.885643
-4.885643
-4.885643
-4.885643
-4.885643
-4.885643
-4.885643
-4.885643
-4.885643
-4.885643
-4.885643
-4.885643
-4.885643
-4.885643
-4.885643
-4.885643
-1.287528
-4.885643
-4.885643
-4.885643
-4.885643
-4.885643
-4.885643
-4.885643
-4.885643
-4.885643
-4.885643
-4.566417
-4.885643
-4.885643
-4.885643
-4.885643
-4.885643
-4.885643
-4.885643
-4.885643
-4.885643
-4.885643
-4.885643
-4.885643
-4.885643
-4.885643
-4.885643
-4.885643
-4.885643
-4.885643
-4.885643
-4.885643
-4.885643
-4.885643
-4.885643
-4.885643
-4.885643
-4.885643
-4.885643
-4.885643
-4.885643
-4.885643
-4.644090
-4.885643
-4.885643
-4.885643
-4.885643
-4.885643
-4.885643
-4.885643
-4.885643
-4.885643
-4.885643
-4.885643
-4.885643
-4.885643
-4.885643
-4.885643
-4.885643
-4.885643
0.706116
-3.374971
-4.885643
-4.885643
-4.885643
-4.885643
-4.885643
-3.060671
-4.885643
1.224887
-4.885643
-4.885643
-4.885643
-4.885643
-4.885643
-4.885643
-4.885643
-4.885643
-4.698168
-4.885643
-4.885643
-4.885643
-4.885643
-4.885643
-4.885643
-4.885643
-3.158864
-4.885643
-4.885643
-4.885643
-4.885643
-4.885643
-4.885643
-4.885643
-4.885643
-4.885643
-4.885643
-4.885643
-4.885643
-4.885643
-4.885643
-3.379709
-4.697351
-4.885643
-4.885643
-4.885643
-4.885643
-4.885643
-4.413126
-4.885643
-4.885643
-4.885643
-4.885643
-4.885643
-4.885643
-4.885643
-4.885643
-4.675252
-4.434243
-4.417137
-4.885643
-4.885643
-4.885643
-4.885643
-4.885643
-4.885643
-4.885643
-4.885643
-4.885643
-4.885643
-4.885643
-3.894456
-4.231700
-4.885643
-4.885643
-4.885643
-4.885643
-4.417137
-4.885643
-4.885643
-4.885643
-4.885643
-4.885643
-4.885643
-4.342865
-4.885643
-4.885643
-4.885643
-4.885643
-4.885643
-4.885643
-4.885643
-4.885643
-4.885643
-4.885643
-4.885643
-4.885643
-4.885643
-4.885643
-4.885643
-4.885643
-4.885643
-4.885643
-4.885643
-4.885643
-4.885643
-4.885643
-4.885643
-4.153346
-4.885643
-4.885643
-4.885643
-4.885643
-4.885643
-2.427669
-4.885643
-4.885643
-4.885643
-4.885643
-4.885643
-4.885643
-4.647806
-4.885643
-4.885643
-4.885643
-4.885643
-4.885643
-4.885643
-4.136008
1.288651
-4.885643
-4.885643
-4.885643
-4.885643
-4.885643
-4.885643
-4.885643
-0.070549
-4.885643
-4.885643
-4.885643
-4.885643
-1.024069
-4.885643
-4.885643
-4.885643
-4.885643
-4.885643
-4.885643
-4.885643
-4.885643
-2.484983
-4.885643
-4.885643
-4.885643
-4.885643
-4.885643
-4.885643
-4.356039
-4.885643
-4.885643
-4.885643
-4.885643
-4.885643
-4.885643
-4.885643
-4.885643
-4.885643
-4.885643
-4.885643
-4.885643
-4.885643
-4.885643
-4.885643
-4.885643
-4.885643
-4.885643
1.210763
-4.885643
-4.885643
-4.885643
-4.885643
-4.885643
-4.885643
-4.885643
-4.885643
-4.885643
-4.885643
-4.698984
-4.606538
-4.885643
-4.885643
-4.885643
-4.885643
-4.885643
-4.885643
-4.885643
-4.885643
-4.885643
-4.885643
-4.885643
-4.885643
-4.885643
-4.885643
-4.885643
-4.885643
-2.919499
-4.885643
-4.885643
-4.885643
-4.885643
-4.885643
-4.885643
-2.276481
-4.885643
-4.885643
-4.885643
-4.885643
-4.885643
-4.885643
-4.885643
-4.885643
-4.885643
-4.885643
-4.885643
-4.885643
-4.885643
-4.885643
-4.885643
-4.885643
-4.885643
-4.885643
-4.885643
-4.885643
-4.885643
-4.885643
-4.885643
-4.885643
-1.507288
-4.885643
-4.885643
-4.885643
-4.885643
-4.885643
-4.885643
-4.885643
-4.885643
-4.885643
-4.885643
-4.885643
-4.885643
-4.885643
-4.885643
-4.885643
-4.885643
-4.885643
-4.885643
-4.885643
-4.885643
-4.885643
-4.885643
-4.885643
-4.587408
-4.885643
-4.885643
-4.885643
-4.885643
-4.885643
-3.946489
-4.885643
-4.885643
-4.885643
-4.885643
-4.885643
-4.885643
-4.885643
-4.885643
-4.885643
-4.885643
-4.885643
-4.885643
-4.885643
-4.885643
-4.885643
-4.885643
-4.885643
-4.885643
-4.885643
-4.885643
-2.873538
-4.885643
-4.885643
-4.885643
-4.885643
-4.885643
-4.885643
-4.885643
-4.885643
-4.885643
-4.885643
-4.885643
-4.885643
-4.885643
-4.885643
-4.885643
-2.600185
-4.885643
-4.885643
-4.885643
-4.885643
-4.885643
-4.885643
-4.885643
-4.885643
-4.643558
-4.885643
-4.885643
-4.885643
-4.579384
-4.885643
-4.885643
-4.885643
-3.644313
-4.885643
-4.885643
-4.885643
-4.885643
-4.885643
-4.885643
-4.885643
-4.456365
-4.885643
-4.885643
-4.885643
-4.434243
-4.671039
-4.885643
-3.687291
-4.885643
-4.885643
-4.885643
-4.885643
-3.912771
-4.885643
-4.885643
-4.885643
-4.885643
-4.885643
-4.885643
-4.885643
-4.885643
-0.007771
-4.885643
-4.700206
-4.885643
-4.885643
-4.885643
-4.885643
-4.885643
-4.671039
-4.885643
-4.885643
-4.885643
-4.885643
-4.281149
-4.885643
-3.438021
-4.885643
-4.885643
-4.885643
-4.885643
-4.885643
-4.885643
-1.895941
-4.885643
-4.885643
-4.885643
-4.885643
-4.885643
-4.885643
-4.885643
-4.885643
-4.885643
-4.131251
-4.885643
-4.885643
-4.885643
-4.885643
-4.885643
-4.885643
-4.885643
-4.885643
-4.885643
-4.885643
-4.885643
-4.885643
-4.885643
-4.885643
-4.885643
-4.885643
-4.885643
-4.885643
-4.885643
-1.933509
-4.601030
-4.885643
-4.885643
-4.885643
-2.826983
-4.885643
-4.885643
-4.885643
-4.885643
-4.885643
-4.885643
-4.885643
-4.885643
-4.885643
-4.885643
-4.644090
-4.885643
-4.885643
-4.885643
-4.417137
-4.885643
-4.885643
-4.342865
-4.885643
-4.885643
-4.885643
-4.885643
-4.885643
-4.885643
-4.885643
-4.885643
-4.885643
-4.885643
-4.885643
-2.453583
-4.647806
-4.885643
-4.885643
-4.154573
-4.885643
-4.885643
-4.885643
-4.885643
-4.885643
-4.885643
-4.885643
-4.885643
-4.885643
-4.885643
-4.885643
-4.885643
-4.885643
-4.885643
-4.885643
-3.853369
-4.885643
-4.885643
-4.885643
-4.885643
-4.885643
-4.644090
-4.885643
-4.885643
-4.885643
-4.885643
-4.885643
-4.885643
-4.885643
-4.885643
-4.885643
-3.987477
-4.885643
-4.885643
-4.885643
-4.885643
-4.885643
-4.885643
-4.885643
-4.885643
-4.885643
-4.885643
-4.885643
-4.885643
-4.885643
-4.885643
-4.885643
-4.885643
-4.885643
-4.885643
-4.885643
-4.885643
-4.885643
-4.885643
-4.885643
-4.885643
-4.885643
-4.885643
-4.885643
-3.206337
-4.885643
-4.885643
-4.579384
-4.885643
-4.885643
-4.885643
-4.885643
-4.885643
-4.885643
-4.885643
-4.885643
-3.982630
-4.885643
-4.885643
-4.885643
-4.885643
-4.644090
-2.283048
-4.885643
-4.885643
-4.885643
-4.885643
-4.647806
-4.885643
-4.885643
-4.885643
-4.885643
-4.885643
-4.885643
-4.885643
-4.885643
-4.587408
-4.885643
-4.885643
-4.885643
-4.885643
-4.885643
-4.885643
-4.885643
-4.885643
-4.885643
-4.885643
-4.885643
-4.885643
-4.885643
-4.885643
-4.885643
-4.885643
-4.885643
-4.885643
-4.885643
-4.885643
-4.885643
-4.885643
-4.885643
-3.846791
-4.885643
-4.885643
-3.311714
-4.885643
-4.885643
-4.885643
-4.885643
-4.885643
-4.885643
-4.885643
-4.885643
-4.885643
-4.885643
-4.885643
-4.885643
-4.885643
-4.885643
-4.885643
-4.885643
-4.885643
-1.994665
-4.885643
-4.885643
-4.885643
-4.885643
-4.885643
-4.885643
-2.070205
-4.885643
-4.885643
-4.885643
-4.885643
-4.885643
-4.885643
-4.885643
-4.434243
-4.885643
-4.434243
-4.885643
-4.885643
-4.885643
-4.885643
-4.885643
-4.885643
-4.885643
-4.885643
-4.885643
-4.885643
-4.670569
-4.885643
-4.885643
-4.885643
-3.046804
-4.885643
-4.885643
-4.885643
-4.885643
-4.885643
-2.549770
-4.885643
-4.885643
-4.885643
-4.885643
-4.885643
-4.885643
-4.885643
-4.885643
-4.885643
-4.885643
-4.885643
-4.885643
-4.885643
-4.643024
-4.885643
-4.885643
-4.885643
-4.885643
-4.885643
-4.885643
-4.885643
-4.885643
-4.885643
-4.885643
-4.885643
-4.885643
-4.885643
-4.885643
-4.885643
-4.700206
-4.885643
-4.885643
-4.885643
-4.885643
-3.234544
-4.885643
-4.885643
-4.885643
-4.885643
-4.885643
-2.694530
-4.885643
-4.885643
-4.885643
-3.000561
-4.885643
-4.885643
-4.885643
-1.515450
-4.885643
-4.885643
-4.885643
-4.885643
-4.885643
-4.885643
-4.885643
-4.885643
-4.885643
-1.627556
-4.885643
-4.885643
-4.885643
-4.885643
-4.885643
-4.885643
-4.885643
-4.885643
-4.885643
-4.885643
-4.647806
-4.885643
-4.885643
-4.885643
-4.885643
-4.885643
-4.885643
-4.885643
-4.885643
-4.885643
-4.885643
-4.885643
-1.421209
-4.885643
-4.885643
-4.885643
-4.885643
-4.885643
-4.885643
-4.885643
-4.885643
-4.885643
-4.885643
-4.885643
-4.885643
-4.885643
-4.885643
-4.885643
-4.587408
-4.885643
-4.885643
-4.885643
-4.885643
-4.885643
-4.885643
-4.885643
-4.885643
-4.885643
-4.885643
-4.885643
-4.885643
1.696642
-2.351755
-4.885643
-4.885643
-4.885643
-4.885643
-4.885643
2.715357
-4.885643
-4.885643
-4.885643
-4.885643
-4.885643
-4.885643
-4.885643
-4.885643
-4.885643
-4.885643
-4.885643
-4.885643
-4.885643
-4.885643
-4.885643
-4.885643
-4.885643
-4.885643
-4.885643
-4.885643
-4.885643
-4.885643
-4.644090
-4.885643
-4.885643
-4.885643
-4.885643
-4.342865
-4.885643
2.216074
-4.885643
-4.885643
-4.698168
-4.885643
-4.885643
-4.885643
-4.101313
-4.885643
-4.885643
-4.885643
-4.885643
-4.885643
-4.885643
-4.885643
-4.885643
-4.885643
-4.885643
-4.885643
-4.885643
-4.587408
-4.885643
-4.885643
-4.885643
-4.885643
-4.885643
-4.579384
-3.231936
-4.885643
-4.885643
-4.885643
-4.885643
-4.885643
-4.885643
-0.467131
-4.885643
-4.885643
-4.885643
-4.885643
-4.885643
-4.885643
-4.885643
-4.885643
-4.885643
-3.697189
-4.885643
-4.885643
-4.885643
-4.885643
-4.885643
-4.885643
-4.885643
-4.885643
-4.885643
-4.885643
-2.763643
-4.885643
-4.885643
-4.885643
-4.885643
-4.885643
-4.885643
-4.417137
-4.885643
-4.885643
-4.885643
-4.885643
-4.885643
-4.885643
-4.885643
-3.649913
-4.885643
-4.885643
-4.885643
-4.885643
-4.885643
-4.885643
-4.885643
-4.885643
-4.885643
-4.885643
-4.252153
-4.885643
-4.885643
-4.885643
-4.885643
-4.885643
-4.885643
-4.885643
-4.885643
-4.885643
-4.885643
-4.885643
-4.885643
-4.885643
-4.885643
-4.885643
-4.885643
-4.885643
-3.468567
-4.885643
-4.885643
-4.885643
-2.446326
-4.885643
-4.885643
-4.643024
-4.885643
0.860974
-4.885643
-4.885643
-4.885643
-4.885643
-4.885643
-4.885643
-0.575073
-4.885643
-4.885643
-4.885643
-4.885643
-4.885643
-4.885643
-4.885643
-4.885643
-4.579384
-4.885643
-4.885643
-4.885643
-4.885643
-4.885643
-4.885643
-4.885643
-4.885643
-4.885643
-4.885643
-4.885643
-1.904955
-4.885643
-4.885643
-4.885643
-4.885643
-4.885643
-4.885643
-4.885643
-4.885643
-4.885643
-4.885643
-4.885643
-4.885643
-4.885643
-4.885643
-4.885643
-4.885643
-4.885643
-4.885643
-0.176322
-4.587408
-4.885643
-4.428419
-4.885643
-4.885643
-4.885643
-4.885643
-4.885643
-4.885643
-4.885643
-2.973917
-4.885643
-4.885643
-4.342865
-3.088288
-4.885643
-4.885643
-4.885643
-4.885643
-4.885643
-4.885643
-4.885643
-4.885643
-4.885643
-4.885643
-4.885643
-4.885643
-4.885643
-4.885643
-4.885643
-4.885643
-2.517143
-4.885643
-4.885643
-4.885643
-4.885643
-4.885643
-4.885643
-4.885643
-4.885643
-4.885643
-4.885643
-4.885643
-4.885643
-4.885643
-4.885643
-4.885643
-4.885643
-4.885643
2.193210
-4.885643
-4.885643
-4.885643
-4.885643
-4.885643
-4.643558
-4.885643
-4.885643
-4.885643
-4.885643
-4.885643
-0.866961
-4.885643
-4.885643
-4.885643
-4.885643
-4.885643
-4.885643
-4.885643
-4.885643
-4.885643
-4.885643
-4.587408
-4.885643
-4.885643
-4.885643
-4.885643
-4.885643
-4.885643
-0.484610
-4.885643
-4.885643
-4.885643
-4.885643
-4.885643
-4.885643
-4.885643
-4.885643
-4.885643
-4.885643
-4.885643
-4.885643
-4.885643
-4.885643
-4.885643
-4.885643
-4.885643
-4.885643
-4.885643
-4.885643
-4.885643
-4.434243
-4.885643
-4.885643
-4.885643
-4.885643
-4.434243
-4.885643
-4.885643
-4.885643
-4.885643
-4.885643
-4.885643
-4.417137
-4.885643
-4.885643
-4.885643
-4.644090
-4.587408
-4.885643
-4.885643
-4.885643
-4.885643
-4.885643
-4.885643
-4.885643
-4.885643
-4.885643
-4.885643
-4.885643
-4.885643
-4.885643
-4.885643
-4.885643
-4.885643
-4.885643
-4.885643
2.116373
-4.885643
-4.885643
-4.885643
-4.885643
-4.885643
-4.885643
-4.885643
-4.885643
-4.885643
-4.885643
-4.885643
-4.885643
-4.885643
-4.885643
-4.885643
-4.885643
-4.885643
-4.885643
-4.885643
-4.885643
-4.885643
-4.885643
-4.885643
-4.885643
-4.885643
0.297917
-4.885643
-4.885643
-4.885643
-4.885643
-4.885643
-4.885643
-4.885643
-4.885643
-4.885643
-4.885643
4.274916
-4.885643
-4.885643
-4.885643
-4.136008
-4.885643
-4.885643
-4.885643
-4.885643
-4.885643
-4.885643
-4.885643
-4.885643
-4.885643
-4.885643
-4.885643
-4.885643
-4.885643
-4.885643
-4.885643
-4.885643
-4.885643
-4.885643
-4.885643
-4.885643
-4.885643
-4.885643
-4.885643
-4.885643
-4.885643
-4.885643
-4.885643
-4.885643
-4.885643
-4.885643
-4.885643
-4.885643
-4.885643
-4.885643
-4.885643
-3.019073
-0.213278
-4.885643
-4.885643
-4.885643
-4.885643
-4.885643
-4.885643
-4.885643
-4.885643
-4.885643
-4.885643
-4.885643
-2.712044
-4.885643
-4.885643
-2.072626
0.099570
-4.885643
-4.885643
-4.885643
-4.885643
-4.885643
-4.885643
-4.885643
-4.885643
-4.885643
-4.885643
-4.885643
-4.885643
-4.885643
-4.885643
-4.885643
-4.885643
-4.885643
-4.885643
-4.885643
-4.885643
-4.308303
-4.885643
-4.885643
-4.885643
-4.885643
-4.885643
-4.885643
-4.885643
-4.885643
-4.885643
-4.885643
-4.885643
-4.885643
-4.885643
-4.885643
-4.885643
-4.885643
-4.885643
-4.885643
-4.438812
-4.885643
-4.885643
-4.885643
-4.885643
-4.885643
-4.885643
-4.885643
-4.885643
-4.885643
-4.885643
-4.885643
0.314724
-4.885643
-4.885643
-4.885643
-4.885643
-4.587408
-4.885643
-4.885643
-4.579384
-4.885643
-4.885643
-4.885643
-4.136008
-4.885643
-4.885643
-4.885643
-4.885643
-4.700206
-4.885643
-4.885643
-4.885643
-4.885643
-4.885643
-4.885643
-4.434243
-2.828144
-4.885643
-4.885643
-4.885643
-4.885643
-4.459105
-4.885643
-4.885643
-4.885643
-4.885643
-4.885643
-4.885643
-4.885643
-4.885643
-4.885643
-4.885643
-4.885643
-4.885643
-4.378374
-4.885643
-4.885643
-4.885643
-4.885643
-4.885643
-4.885643
-4.434243
-4.885643
-4.885643
-4.885643
-4.885643
-4.885643
-4.885643
-4.885643
-4.885643
-4.885643
-4.885643
-4.885643
-4.885643
-4.885643
-4.326502
-4.885643
-4.885643
-4.885643
-4.885643
-1.468094
-4.885643
-4.885643
-4.885643
-4.885643
-4.885643
-4.885643
-4.885643
-4.885643
-4.885643
-4.885643
-4.885643
-4.885643
-4.885643
-4.885643
-4.885643
-4.885643
-4.885643
-4.885643
-4.885643
-4.885643
-3.723228
-4.885643
-4.885643
-4.885643
-4.885643
-4.885643
-4.885643
-4.885643
-4.885643
-4.885643
-4.885643
-4.885643
-4.885643
-4.885643
-4.885643
-4.885643
-4.885643
-4.885643
-4.885643
-4.885643
-4.885643
-4.885643
-4.885643
-4.885643
-4.885643
-4.885643
-4.885643
-4.885643
-4.885643
-4.885643
-4.885643
-4.885643
-4.885643
-4.885643
-4.885643
-4.885643
-4.885643
-4.885643
-4.885643
-4.885643
-4.885643
-4.885643
-4.885643
-4.885643
-4.885643
-4.885643
-4.885643
-2.143553
-4.697351
-4.885643
-4.885643
-4.885643
-4.885643
-4.675252
-4.885643
-4.885643
-4.885643
-4.885643
-4.885643
-4.885643
-4.885643
-1.523107
2.362027
-4.885643
-4.885643
-4.885643
-4.885643
-4.885643
-4.885643
-4.885643
-4.885643
-4.885643
-4.885643
-4.885643
-4.885643
-4.885643
-4.885643
-4.885643
-4.885643
-4.885643
-4.885643
-4.885643
-4.885643
-4.885643
-4.885643
-4.885643
-4.885643
-4.885643
-4.885643
-4.885643
-4.885643
-4.885643
-4.885643
-4.885643
-4.885643
-4.885643
-4.885643
-4.885643
-4.885643
-4.885643
-4.885643
-4.885643
-4.885643
-4.885643
-4.342865
-4.885643
-4.174518
-4.885643
-4.885643
-4.885643
-4.885643
-4.885643
-4.885643
-4.885643
-4.885643
-4.885643
-4.885643
-4.368993
-4.885643
-4.885643
-4.885643
-4.885643
-4.885643
-4.885643
-4.885643
-4.885643
-4.885643
-4.885643
-4.885643
-4.885643
-4.885643
-4.885643
-1.097799
-4.885643
-4.885643
-4.885643
-4.885643
-4.885643
-4.885643
-4.885643
-4.885643
-4.885643
-4.885643
-4.885643
-4.885643
-4.885643
-4.885643
0.470166
-4.885643
-4.885643
-4.885643
-4.885643
-4.885643
-4.885643
-4.885643
-4.885643
-4.885643
-4.885643
-4.342865
-4.885643
-4.885643
-4.885643
-4.885643
-4.885643
-4.885643
-4.885643
-4.885643
-4.885643
-4.885643
-4.885643
-4.885643
-4.885643
-4.885643
-4.885643
-4.885643
-4.885643
-4.885643
