10728, 3059, 46648, 10117, 13644, 35497, 13677, 93483, 38767, 95938
Feature count is 10
Criterion1 result is ObjectIndex = 1339, Distance = -0.2004399760228613395720453669, Value = 0.5166847049387446576820488084
Boundary = -0.1726350330457880883039365981
-1.509963
-1.509963
-1.509963
-1.509963
-1.509963
-1.509963
-1.509963
-1.509963
-1.509963
-1.509963
-1.509963
-1.509963
-1.509963
-0.801021
-1.509963
-1.509963
-1.509963
-1.509963
-1.509963
-1.509963
-1.509963
-1.509963
-1.509963
-1.509963
-1.509963
-1.509963
-1.509963
-1.509963
-1.509963
-1.509963
-1.509963
-1.509963
-1.509963
-1.509963
-1.509963
-1.277387
-1.509963
-1.509963
-1.509963
-1.509963
-1.509963
-1.176279
-1.509963
-1.509963
-1.509963
-1.509963
-1.509963
-1.509963
-1.509963
-1.509963
-1.509963
-1.509963
-1.509963
-1.509963
-1.509963
-1.509963
-1.298638
-1.509963
-0.896565
-1.509963
-1.509963
-1.509963
-1.509963
-1.509963
-1.509963
-1.509963
-1.509963
-1.509963
-1.509963
-1.509963
-1.509963
-1.509963
-1.509963
-1.509963
-1.176279
-1.175540
-1.509963
-1.509963
-1.509963
-1.509963
-1.509963
-1.509963
-1.509963
-1.509963
-1.509963
1.509963
-1.509963
-1.509963
-1.509963
-1.509963
-1.509963
-1.509963
-1.509963
-1.509963
-1.509963
-1.509963
-1.509963
-1.509963
-1.509963
-1.509963
-1.509963
-1.509963
0.133244
-1.509963
-1.509963
-1.509963
-1.509963
-1.509963
-1.509963
-1.509963
-1.509963
-1.509963
-1.509963
-1.509963
-1.509963
-1.509963
-1.509963
-1.509963
-1.509963
-1.509963
-1.509963
-1.509963
-1.509963
-1.509963
-1.509963
-1.509963
-1.509963
-1.509963
-1.509963
-1.509963
-1.509963
-1.509963
-1.509963
-1.509963
-1.509963
-1.509963
0.018475
-1.509963
-1.509963
-1.509963
-1.509963
-0.512723
-1.509963
-1.509963
-1.509963
-0.942963
-1.509963
-1.509963
-1.509963
-1.509963
-1.509963
-1.509963
-1.509963
-1.509963
-1.509963
-1.509963
-1.509963
-1.509963
-1.509963
-1.509963
-1.509963
-1.509963
-0.841856
-1.509963
-1.509963
-1.509963
-1.509963
-1.509963
-1.509963
-1.509963
-1.509963
-1.509963
-1.509963
-1.509963
-1.509963
-1.509963
-1.509963
-1.509963
-1.509963
-1.509963
-1.509963
-1.509963
-1.509963
-1.509963
-1.509963
-1.509963
-1.509963
-1.509963
-1.509963
-1.509963
-1.509963
-1.509963
-1.509963
-1.509963
-1.509963
-1.509963
-1.509963
-1.509963
-1.509963
-1.509963
-1.509963
-1.509963
-1.509963
-1.509963
-1.509963
-1.509963
-1.509963
-1.509963
-1.509963
-1.509963
-1.509963
-1.509963
-1.509963
-1.175540
-1.509963
-1.509963
-1.509963
-1.509963
-1.509963
-1.509963
-1.509963
-1.509963
-1.176279
-1.509963
-1.277387
-1.509963
-1.509963
-1.509963
-1.509963
-1.292060
-1.509963
-1.509963
-1.509963
-1.509963
-1.509963
-1.509963
-1.509963
-1.509963
-1.509963
-1.176279
-1.509963
-1.509963
-1.509963
-1.509963
-1.509963
-1.509963
-1.509963
-1.509963
-1.509963
-1.509963
-1.509963
-0.942963
-1.509963
-1.509963
-1.509963
-1.509963
-1.509963
-1.176279
-1.509963
-1.509963
-1.509963
-1.509963
-1.509963
-1.509963
-1.509963
-1.509963
-1.509963
-1.509963
-1.509963
-1.509963
0.645393
-1.509963
-1.509963
-1.509963
-1.509963
-1.509963
-1.509963
-1.509963
-1.509963
-1.509963
-1.509963
-1.509963
-1.509963
-1.509963
-1.509963
-1.509963
-1.509963
-1.509963
-1.277387
-1.509963
-1.509963
-1.509963
-1.509963
-1.509963
1.294418
-1.509963
-1.509963
-1.509963
-1.509963
-1.509963
-1.509963
-1.509963
-1.509963
-1.509963
-1.509963
-1.509963
-1.509963
-1.509963
-1.509963
-1.509963
-1.509963
-1.509963
-1.509963
-1.509963
-1.509963
-1.509963
-0.451924
-0.964215
-1.509963
-1.509963
-1.509963
-1.509963
-1.509963
-1.509963
-1.509963
-1.509963
-1.509963
-1.509963
-1.509963
-1.509963
-1.509963
-1.509963
-1.509963
-1.509963
-1.509963
-1.292060
-1.509963
-1.509963
-1.509963
-1.509963
-0.201321
-1.509963
-1.509963
-1.509963
-1.509963
-1.509963
-1.509963
-1.509963
-1.509963
-1.509963
-1.509963
-1.509963
-1.509963
-1.509963
-1.509963
-1.509963
-1.509963
-1.509963
-1.509963
-1.509963
-1.509963
-1.509963
-1.509963
-1.509963
-1.509963
-1.509963
-1.509963
-1.509963
-1.509963
-1.509963
-1.509963
-1.509963
-1.509963
-1.509963
-1.509963
-1.509963
-1.509963
-1.509963
1.057590
-1.509963
-1.509963
-1.509963
-1.509963
-1.509963
-1.509963
-1.509963
-1.509963
-1.509963
-1.509963
-1.509963
-1.509963
-1.509963
-1.509963
-1.509963
-1.509963
-1.509963
-1.509963
-1.509963
-1.509963
-1.509963
-1.509963
-1.509963
-1.509963
-1.176279
-1.509963
-1.509963
-1.509963
-1.509963
-1.509963
-1.509963
-1.509963
-1.509963
-1.509963
-1.509963
-1.509963
-1.509963
-1.175540
-1.509963
-1.509963
-1.509963
-1.509963
-1.509963
-1.509963
-1.509963
-1.509963
-1.509963
-1.509963
-1.509963
-1.509963
-1.509963
-1.509963
-1.509963
-1.509963
-1.509963
-1.509963
-1.509963
-1.509963
-1.509963
0.799127
-1.175540
-1.509963
-1.509963
-1.509963
-1.509963
-1.509963
-1.175540
-1.509963
0.460483
-1.509963
-1.509963
-1.509963
-1.509963
-1.509963
-1.509963
-1.509963
-1.509963
-1.509963
-1.509963
-1.509963
-1.509963
-1.509963
-1.509963
-1.176279
-1.509963
-1.175540
-1.509963
-1.509963
-1.509963
-1.509963
-1.509963
-1.509963
-1.509963
-1.509963
-1.509963
-1.509963
-1.509963
-1.509963
-1.509963
-1.509963
-1.175540
-1.176279
-1.509963
-1.509963
-1.509963
-1.509963
-1.509963
-1.509963
-1.509963
-1.509963
-1.509963
-1.509963
-1.509963
-1.509963
-1.509963
-1.509963
-1.175540
-1.277387
-1.509963
-1.509963
-1.509963
-1.509963
-1.509963
-1.509963
-1.509963
-1.509963
-1.509963
-1.509963
-1.509963
-1.509963
-1.294418
-1.509963
-1.509963
-1.509963
-1.509963
-1.509963
-1.176279
-1.509963
-1.509963
-1.509963
-1.509963
-1.509963
-1.509963
-1.509963
-1.509963
-1.509963
-1.509963
-1.509963
-1.509963
-1.509963
-1.509963
-1.509963
-1.509963
-1.509963
-1.509963
-1.509963
-1.509963
-1.509963
-1.509963
-1.509963
-1.509963
-1.509963
-1.509963
-1.509963
-1.509963
-1.509963
-1.509963
-1.509963
-1.509963
-1.509963
-1.509963
-1.509963
-1.509963
-1.509963
-1.509963
-1.509963
-1.509963
-1.509963
-1.509963
-1.509963
-1.176279
-1.509963
-1.509963
-1.509963
-1.509963
-1.509963
-1.509963
-1.509963
1.294418
-1.509963
-1.509963
-1.509963
-1.509963
-1.509963
-1.509963
-1.509963
-1.509963
-1.509963
-1.509963
-1.509963
-1.509963
-1.059483
-1.509963
-1.509963
-1.509963
-1.509963
-1.509963
-1.509963
-1.509963
-1.509963
-0.425284
-1.509963
-1.509963
-1.509963
-1.509963
-1.509963
-1.509963
-1.509963
-1.509963
-1.509963
-1.509963
-1.509963
-1.509963
-1.509963
-1.509963
-1.509963
-1.509963
-1.509963
-1.509963
-1.509963
-1.509963
-1.509963
-1.509963
-1.509963
-1.509963
-1.509963
0.226289
-1.509963
-1.509963
-1.509963
-1.509963
-1.509963
-1.509963
-1.509963
-1.509963
-1.509963
-1.509963
-1.509963
-1.509963
-1.509963
-1.509963
-1.509963
-1.509963
-1.509963
-1.509963
-1.509963
-1.509963
-1.509963
-1.509963
-1.509963
-1.509963
-1.509963
-1.509963
-1.509963
-1.509963
0.412958
-1.509963
-1.509963
-1.509963
-1.509963
-1.509963
-1.509963
-1.509963
-1.509963
-1.509963
-1.509963
-1.509963
-1.509963
-1.509963
-1.509963
-1.509963
-1.509963
-1.509963
-1.509963
-1.509963
-1.509963
-1.509963
-1.509963
-1.509963
-1.509963
-1.509963
-1.509963
-1.509963
-1.509963
-1.509963
-1.509963
-1.509963
-0.236379
-1.509963
-1.176279
-1.509963
-1.509963
-1.509963
-1.509963
-1.509963
-1.509963
-1.509963
-1.509963
-1.509963
-1.509963
-1.509963
-1.509963
-1.509963
-1.509963
-1.509963
-1.509963
-1.509963
-1.509963
-1.509963
-1.509963
-1.509963
-1.509963
-1.509963
-1.509963
-1.509963
-1.509963
-1.509963
-1.509963
-1.509963
-1.509963
-1.509963
-1.509963
-1.509963
-1.509963
-1.509963
-1.509963
-1.509963
-1.509963
-1.509963
-1.509963
-1.509963
-1.509963
-1.509963
-1.509963
-1.509963
-1.509963
-1.509963
-1.509963
0.137464
-1.509963
-1.509963
-1.509963
-1.509963
-1.509963
-1.509963
-1.509963
-1.509963
-1.509963
-1.509963
-1.509963
-1.509963
-1.509963
-1.509963
-1.509963
-0.514616
-1.509963
-1.509963
-1.509963
-1.509963
-1.509963
-1.509963
-1.509963
-1.509963
-1.298638
-1.509963
-1.509963
-1.509963
-1.509963
-1.509963
-1.509963
-1.509963
-0.895825
-1.509963
-1.509963
-1.509963
-1.509963
-1.509963
-1.509963
-1.509963
-1.509963
-1.509963
-1.509963
-1.509963
-1.509963
-1.176279
-1.509963
-1.509963
-1.509963
-1.509963
-1.509963
-1.509963
-1.509963
-1.509963
-1.509963
-1.509963
-1.509963
-1.509963
-1.509963
-1.509963
-1.509963
1.290166
-1.509963
-1.509963
-1.509963
-1.509963
-1.509963
-1.509963
-1.509963
-1.230249
-1.509963
-1.509963
-1.509963
-1.509963
-1.509963
-1.509963
-1.509963
-1.509963
-1.509963
-1.509963
-1.509963
-1.509963
-1.509963
-0.850517
-1.509963
-1.509963
-1.509963
-1.509963
-1.509963
-1.509963
-1.509963
-1.509963
-1.509963
-1.509963
-1.509963
-1.509963
-1.509963
-1.509963
-1.509963
-1.509963
-1.509963
-1.509963
-1.509963
-1.509963
-1.509963
-1.509963
-1.509963
-1.509963
-1.509963
-1.509963
-1.509963
-1.176279
-1.509963
-1.509963
-1.509963
-1.509963
-1.509963
-1.509963
-1.294418
-1.509963
-1.509963
-1.509963
-1.509963
-1.509963
-1.509963
-1.509963
-1.509963
-1.509963
-1.509963
-1.230249
-1.509963
-1.509963
-1.509963
-1.509963
-1.509963
-1.509963
-1.509963
-1.509963
-1.509963
-1.509963
-1.509963
-1.509963
-1.509963
-1.509963
-1.509963
-1.509963
-1.509963
-1.509963
-0.731638
-1.509963
-1.509963
-1.509963
-0.942963
-1.509963
-1.509963
-1.509963
-1.509963
-1.509963
-1.509963
-1.509963
-1.509963
-1.509963
-1.509963
-1.509963
-1.509963
-1.509963
-1.509963
-1.509963
-1.509963
-1.509963
-1.509963
-1.509963
-1.509963
-1.509963
-1.509963
-1.509963
-1.509963
-1.509963
-1.509963
-1.509963
-1.509963
-1.509963
-1.509963
-1.509963
-1.509963
-1.509963
-1.509963
-1.509963
-1.509963
-1.509963
-1.509963
-1.509963
-1.509963
-1.509963
-1.509963
-1.509963
-1.509963
-1.509963
-1.509963
-1.509963
-1.509963
-1.509963
-1.509963
-1.509963
-1.509963
-1.509963
-1.509963
-1.509963
-1.509963
-1.509963
-1.509963
-1.509963
-0.942963
-1.509963
-1.509963
-1.277387
-1.509963
-1.509963
-1.509963
-1.509963
-1.509963
-1.509963
-1.509963
-1.509963
-1.176279
-1.509963
-1.509963
-1.509963
-1.509963
-1.509963
-0.512723
-1.509963
-1.509963
-1.176279
-1.509963
-1.509963
-1.509963
-1.509963
-1.509963
-1.509963
-1.509963
-1.509963
-1.509963
-1.509963
-1.509963
-1.509963
-1.509963
-1.509963
-1.509963
-1.509963
-1.509963
-1.509963
-1.509963
-1.509963
-1.509963
-1.509963
-1.509963
-1.509963
-1.509963
-1.509963
-1.509963
-1.509963
-1.509963
-1.509963
-1.509963
-1.509963
-1.509963
-1.509963
-1.509963
-1.509963
-1.509963
-1.294418
-1.509963
-1.509963
-1.509963
-1.509963
-1.509963
-1.509963
-1.509963
-1.176279
-1.509963
-1.509963
-1.509963
-1.509963
-1.509963
-1.509963
-1.509963
-1.509963
-1.509963
0.246800
-1.509963
-1.509963
-1.509963
-1.277387
-1.509963
-1.509963
0.645393
-1.509963
-1.509963
-1.509963
-1.509963
-1.509963
-1.176279
-1.509963
-1.294418
-1.509963
-1.509963
-1.509963
-1.509963
-1.509963
-1.509963
-1.176279
-1.509963
-1.509963
-1.509963
-1.509963
-1.509963
-1.509963
-1.509963
-1.509963
-1.509963
-1.509963
-1.509963
-1.509963
-1.509963
-1.509963
-1.509963
0.458865
-1.509963
-1.509963
-1.509963
-1.509963
-1.509963
-1.509963
-1.509963
-1.509963
-1.509963
-1.509963
-1.509963
-1.509963
-1.509963
-1.509963
-1.509963
-1.509963
-1.509963
-1.509963
-1.509963
-1.509963
-1.509963
-1.509963
-1.509963
-1.509963
-1.509963
-1.509963
-1.509963
-1.509963
-1.509963
-1.509963
-1.509963
-1.509963
-1.509963
-1.509963
0.526515
-1.509963
-1.509963
-1.509963
-1.509963
-1.509963
-1.509963
-1.509963
-1.509963
-1.509963
-1.509963
-1.509963
-1.509963
-1.509963
1.072263
-1.509963
-1.509963
-1.509963
-1.509963
-1.509963
-1.509963
-1.509963
-1.509963
-1.509963
0.412958
-1.509963
-1.509963
-1.509963
-1.509963
-1.509963
-1.509963
-1.509963
-1.509963
-1.509963
-1.509963
-1.509963
-1.509963
-1.509963
-1.509963
-1.509963
-1.509963
-1.509963
-1.509963
-1.509963
-1.509963
-1.509963
-1.509963
-1.509963
-1.509963
-1.509963
-1.509963
-1.509963
-1.509963
-1.509963
-1.509963
-1.509963
-1.509963
-1.509963
-1.509963
-1.509963
-1.509963
-1.509963
-1.509963
-1.509963
-1.509963
-1.176279
-1.509963
-1.509963
-1.509963
-1.509963
-1.509963
-1.509963
-1.509963
-1.509963
-1.509963
-1.509963
-0.144830
-1.509963
-1.509963
-1.509963
-1.509963
-1.509963
-1.509963
0.782127
-1.509963
-1.509963
-1.509963
-1.509963
-1.509963
-1.509963
-1.509963
-1.509963
-1.509963
-1.509963
-1.509963
-1.509963
-1.509963
-1.509963
-1.509963
-1.509963
-1.509963
-1.509963
-1.509963
-1.509963
-1.509963
-1.509963
-1.277387
-1.509963
-1.509963
-1.509963
-1.509963
-1.509963
-1.509963
1.080735
-1.509963
-1.509963
-1.509963
-1.509963
-1.509963
-1.509963
0.072333
-1.509963
-1.509963
-1.509963
-1.509963
-1.509963
-1.509963
-1.509963
-1.509963
-1.509963
-1.509963
-1.509963
-1.509963
-1.509963
-1.509963
-1.509963
-1.509963
-1.509963
-1.509963
-1.509963
-1.509963
-1.509963
-1.509963
-1.509963
-1.509963
-1.509963
-1.509963
-0.942963
-1.509963
-1.509963
-1.509963
-1.509963
-1.509963
-1.509963
-1.509963
-1.509963
-1.509963
-1.230249
-1.509963
-1.509963
-1.509963
-1.509963
-1.509963
-1.509963
-1.509963
-1.509963
-1.509963
-1.509963
-0.727418
-1.509963
-1.509963
-1.509963
-1.509963
-1.509963
-1.277387
-1.294418
-1.509963
-1.509963
-1.509963
-1.509963
-1.509963
-1.509963
-1.509963
-0.997672
-1.509963
-1.509963
-1.509963
-1.509963
-1.509963
-1.509963
-1.509963
-1.509963
-1.509963
-1.509963
-1.509963
-1.509963
-1.509963
-1.509963
-1.509963
-1.509963
-1.509963
-1.509963
-1.509963
-1.509963
-1.509963
-1.509963
-1.509963
-1.509963
-1.509963
-1.509963
-1.509963
-1.509963
-0.942963
-1.509963
-1.509963
-1.509963
-1.509963
-1.509963
-1.509963
-1.509963
-1.509963
1.509963
-1.509963
-1.509963
-1.509963
-1.509963
-1.509963
-1.176279
1.072263
-1.509963
-1.509963
-1.509963
-1.509963
-1.509963
-1.509963
-1.509963
-1.509963
-1.509963
-1.509963
-1.509963
-1.509963
-1.509963
-1.509963
-1.509963
-1.509963
-1.509963
-1.509963
-1.509963
-1.509963
-0.200440
-1.509963
-1.509963
-1.509963
-1.509963
-1.509963
-1.509963
-1.509963
-1.509963
-1.509963
-1.509963
-1.509963
-1.509963
-1.509963
-1.509963
-1.509963
-1.509963
-1.509963
-1.509963
-0.101557
-1.509963
-1.509963
-1.509963
-1.509963
-1.509963
-1.509963
-1.509963
-1.509963
-1.509963
-1.509963
0.133244
-1.509963
-1.509963
-1.176279
-1.509963
-1.509963
-1.509963
-1.509963
-1.509963
-1.509963
-1.509963
-1.509963
-1.509963
-1.509963
-1.509963
-1.509963
-1.509963
-1.509963
-1.509963
-1.509963
-1.509963
-0.964215
-1.509963
-1.509963
-1.509963
-1.509963
-1.509963
-1.509963
-1.509963
-1.509963
-1.509963
-1.509963
-1.509963
-1.509963
-1.509963
-1.509963
-1.509963
-1.509963
-1.509963
0.018475
-1.509963
-1.509963
-1.509963
-1.509963
-1.509963
-1.175540
-1.509963
-1.509963
-1.509963
-1.509963
-1.509963
-1.509963
-1.509963
-1.509963
-1.509963
-1.509963
-1.509963
-1.509963
-1.509963
-1.509963
-1.509963
-1.509963
-1.509963
-1.509963
-1.509963
-1.509963
-1.509963
-1.509963
-1.509963
1.509963
-1.509963
-1.509963
-1.509963
-1.509963
-1.509963
-1.509963
-1.509963
-1.509963
-1.509963
-1.509963
-1.509963
-1.509963
-1.509963
-1.509963
-1.509963
-1.509963
-1.509963
-1.509963
-1.509963
-1.509963
-1.509963
-1.509963
-1.509963
-1.509963
-1.509963
-1.509963
-1.509963
-1.509963
-1.509963
-1.509963
-1.509963
-1.509963
-1.509963
-1.509963
-1.509963
-1.509963
-1.509963
-1.509963
-0.997672
-1.509963
-1.509963
-1.509963
-1.509963
-1.509963
-1.509963
-1.509963
-1.509963
-1.509963
-1.509963
-1.509963
-1.509963
-1.509963
-1.509963
-1.509963
-1.509963
-1.509963
-1.509963
0.516093
-1.509963
-1.509963
-1.509963
-1.509963
-1.509963
-1.509963
-1.509963
-1.509963
-1.509963
-1.509963
-1.509963
-1.509963
-1.509963
-1.509963
-1.509963
-1.509963
-1.509963
-1.509963
-1.509963
-1.509963
-1.509963
-1.509963
-1.509963
-1.509963
-1.509963
-1.509963
-1.509963
-1.509963
-1.509963
-1.509963
-1.509963
-1.509963
-1.509963
-1.509963
-1.509963
-1.509963
1.066203
-1.509963
-1.509963
-1.509963
-1.277387
-1.509963
-1.509963
-1.509963
-1.509963
-1.509963
-1.509963
-1.509963
-1.509963
-1.509963
-1.509963
-1.509963
-1.509963
-1.509963
-1.509963
-1.509963
-1.509963
-1.509963
-1.509963
-1.509963
-1.509963
-1.176279
-1.509963
-1.509963
-1.509963
-1.509963
-1.509963
-1.509963
-1.509963
-1.509963
-1.509963
-1.509963
-1.509963
-1.509963
-1.509963
-1.509963
-0.964215
1.176279
-1.509963
-1.509963
-1.509963
-1.509963
-1.509963
-1.509963
-1.509963
-1.509963
-1.509963
-1.509963
-1.509963
-0.964215
-1.509963
-1.509963
-0.942963
-1.509963
-1.509963
-1.509963
-1.509963
-1.509963
-1.509963
-1.509963
-1.509963
-1.509963
-1.509963
-1.509963
-1.509963
-1.509963
-1.509963
-1.509963
-1.509963
-1.509963
-1.509963
-1.176279
-1.509963
-1.509963
-1.175540
-1.509963
-1.509963
-1.176279
-1.509963
-1.509963
-1.509963
-1.509963
-1.509963
-1.509963
-1.509963
-1.509963
-1.509963
-1.509963
-1.509963
-1.509963
-1.509963
-1.509963
-1.509963
-1.509963
-1.509963
-1.509963
-1.509963
-1.509963
-1.509963
-1.509963
-1.509963
-1.509963
-1.509963
-1.509963
-1.509963
1.080735
-1.509963
-1.509963
-1.509963
-1.509963
-1.509963
-1.509963
-1.509963
-0.964215
-1.509963
-1.509963
-1.509963
-1.066062
-1.509963
-1.509963
-1.509963
-1.509963
-1.509963
-1.509963
-1.509963
-1.509963
-1.509963
-1.509963
-1.509963
-1.509963
-0.731638
-1.509963
-1.509963
-1.509963
-1.509963
-1.176279
-1.509963
-1.509963
-1.509963
-1.509963
-1.509963
-1.509963
-1.509963
-1.509963
-1.509963
-1.509963
-1.509963
-1.509963
-1.509963
-1.509963
-1.509963
-1.509963
-1.509963
-1.230249
-1.509963
-1.509963
-1.509963
-1.509963
-1.509963
-1.509963
-1.509963
-1.509963
-1.509963
-1.509963
-1.509963
-1.509963
-1.509963
-1.509963
-1.509963
-1.509963
-1.509963
-1.509963
-1.509963
-1.509963
-0.445345
-1.509963
-1.509963
-1.277387
-1.509963
-1.509963
-1.509963
-1.509963
-1.509963
-1.509963
-1.509963
-1.509963
-1.509963
-1.509963
-1.509963
-1.509963
-1.509963
-1.509963
-1.509963
-1.509963
-1.509963
-1.509963
-1.509963
-1.509963
-1.509963
-1.509963
-1.509963
-1.509963
-1.509963
-1.509963
-1.509963
-1.509963
-1.509963
-1.509963
-1.509963
-1.509963
-1.509963
-1.509963
-1.509963
-1.509963
-1.509963
-1.509963
-1.509963
-1.509963
-1.509963
-1.509963
-1.509963
-1.509963
-1.509963
-1.509963
-1.509963
-1.509963
-1.509963
-1.509963
-1.509963
-1.509963
-1.509963
-1.509963
-1.509963
-1.509963
-1.509963
-1.509963
-1.509963
-1.509963
-1.509963
-1.509963
-1.509963
-1.509963
-1.509963
-1.509963
-1.509963
-1.509963
-1.509963
-1.509963
-1.066062
-1.509963
-1.509963
-1.509963
-1.277387
-1.509963
-1.509963
-1.509963
-1.509963
1.018924
-1.509963
-1.509963
-1.509963
-1.509963
-1.509963
-1.509963
-1.509963
-1.509963
-1.509963
-1.509963
-1.509963
-1.509963
-1.509963
-1.509963
-1.509963
-1.509963
-1.509963
-1.509963
-1.509963
-1.509963
-1.509963
-1.509963
-1.509963
-1.509963
-1.509963
-1.509963
-1.509963
-1.509963
-1.509963
-1.509963
-1.509963
-1.509963
-1.509963
-1.509963
-1.509963
-1.175540
-1.509963
-1.509963
-1.509963
-1.509963
-1.509963
-1.175540
-1.509963
-1.509963
-1.509963
-1.509963
-1.509963
-1.509963
-1.509963
-1.509963
-1.509963
-1.509963
-1.509963
-1.509963
-0.516093
-1.509963
-1.509963
-1.509963
-1.509963
-1.509963
-1.509963
-1.509963
-1.509963
-1.509963
-1.509963
-1.509963
-1.509963
-1.509963
-1.509963
-1.080735
-1.509963
-1.509963
-1.509963
-1.509963
-1.509963
-1.509963
-1.509963
-1.509963
-1.509963
-1.509963
-1.509963
-1.509963
-1.509963
-1.509963
-1.509963
-1.509963
-1.176279
-1.509963
-1.509963
-1.509963
-1.509963
-1.509963
-1.509963
-1.509963
-1.509963
-1.175540
-1.509963
-1.509963
-1.509963
-1.509963
-1.509963
-1.509963
-1.509963
-1.509963
-1.509963
-1.509963
-1.509963
-1.509963
-1.509963
-1.509963
-1.509963
-1.509963
-1.509963
-1.509963
