39468, 16658, 13522, 39409, 16702, 13290, 13015, 90185
Feature count is 8
Criterion1 result is ObjectIndex = 589, Distance = -0.4099321064518580984905228548, Value = 0.5256144937774675770303864434
Boundary = -0.3911888593265048368246693953
-1.144903
-0.615065
-1.144903
-1.144903
-1.144903
-1.144903
-1.144903
-1.144903
-1.144903
-1.144903
-1.144903
-1.144903
-1.144903
-0.615065
-1.144903
-1.144903
-1.144903
-1.144903
-1.144903
-1.144903
-1.144903
-1.144903
-1.144903
-1.144903
-1.144903
-1.144903
-1.144903
-1.144903
-1.144903
-1.144903
-1.144903
-1.144903
-1.144903
-1.144903
-1.144903
-0.615065
-1.144903
-1.144903
-0.372446
-1.144903
-1.144903
-1.144903
-1.144903
-1.144903
-1.144903
-1.144903
-1.144903
-1.144903
-1.144903
-1.144903
-1.144903
-1.144903
-1.144903
-1.144903
-1.144903
-1.144903
0.012703
-1.144903
-0.759755
-1.144903
-1.144903
-1.144903
-1.144903
-1.144903
-1.144903
-1.144903
-1.144903
-1.144903
-1.144903
-1.144903
-1.144903
-1.144903
-1.144903
-1.144903
-1.144903
-0.160653
-1.144903
-1.144903
-1.144903
-1.144903
-1.144903
-1.144903
-1.144903
-1.144903
-1.144903
0.875446
-1.144903
-1.144903
-1.144903
-1.144903
-1.144903
-1.144903
-1.144903
-1.144903
-1.144903
-1.144903
-1.144903
-1.144903
-1.144903
-1.144903
-1.144903
-1.144903
-0.574318
-1.144903
-1.144903
-1.144903
-1.144903
-1.144903
-1.144903
-1.144903
-1.144903
-1.144903
-1.144903
-1.144903
-1.144903
-1.144903
-1.144903
-1.144903
-1.144903
-1.144903
-1.144903
-1.144903
-1.144903
-1.144903
-1.144903
-1.144903
-1.144903
-1.144903
-1.144903
-1.144903
-1.144903
-1.144903
-1.144903
-1.144903
-1.144903
-1.144903
-0.933111
-1.144903
-1.144903
-1.144903
-1.144903
-1.144903
-1.144903
-1.144903
-1.144903
-1.144903
-1.144903
-1.144903
-0.615065
-1.144903
-1.144903
-1.144903
-1.144903
-1.144903
-1.144903
-1.144903
-1.144903
-1.144903
-1.144903
-1.144903
-1.144903
-1.144903
-1.144903
-1.144903
-1.144903
-1.144903
-1.144903
-1.144903
-1.144903
-1.144903
-1.144903
-1.144903
-1.144903
-1.144903
-1.144903
-1.144903
-1.144903
-1.144903
-1.144903
-1.144903
-1.144903
-1.144903
-1.144903
-1.144903
-1.144903
-1.144903
-1.144903
-1.144903
-1.144903
-1.144903
-1.144903
-1.144903
-1.144903
-1.144903
-1.144903
-1.144903
-1.144903
-1.144903
-1.144903
-1.144903
-1.144903
-1.144903
-1.144903
-1.144903
-1.144903
-1.144903
-1.144903
-1.144903
-1.144903
-1.144903
-1.144903
-1.144903
-1.144903
-1.144903
-1.144903
-1.144903
-1.144903
-1.144903
-1.144903
-1.144903
-1.144903
-1.144903
-1.144903
-1.144903
-0.229916
-1.144903
-1.144903
-1.144903
-1.144903
-1.144903
-1.144903
-1.144903
-1.144903
-0.372446
-1.144903
-1.144903
-1.144903
-1.144903
-0.662249
-0.662249
-1.144903
-1.144903
-1.144903
-1.144903
-1.144903
-1.144903
-1.144903
-1.144903
-1.144903
-1.144903
-1.144903
-0.160653
-1.144903
-1.144903
-1.144903
-1.144903
-1.144903
-1.144903
-1.144903
-1.144903
-1.144903
-1.144903
-1.144903
-1.144903
-1.144903
-1.144903
-1.144903
-1.144903
-1.144903
-1.144903
-1.144903
-1.144903
-1.144903
-1.144903
-1.144903
-1.144903
-1.144903
-1.144903
-1.144903
-1.144903
-1.144903
-1.144903
-1.144903
-1.144903
-1.144903
-1.144903
-1.144903
-1.144903
-1.144903
-1.144903
-1.144903
-1.144903
-1.144903
-1.144903
1.144903
-1.144903
-1.144903
-1.144903
-1.144903
-1.144903
-1.144903
-1.144903
-1.144903
-1.144903
-1.144903
-1.144903
-1.144903
-1.144903
-1.144903
-1.144903
-1.144903
-1.144903
-1.144903
-1.144903
-1.144903
-1.144903
0.649967
-0.372446
-1.144903
-1.144903
-1.144903
-1.144903
-1.144903
-1.144903
-1.144903
-1.144903
-1.144903
-1.144903
-1.144903
-1.144903
-1.144903
-1.144903
-1.144903
-1.144903
-1.144903
-1.144903
-1.144903
-1.144903
-1.144903
-1.144903
-0.615065
-1.144903
-1.144903
-1.144903
-1.144903
-1.144903
-1.144903
-1.144903
-1.144903
-1.144903
-1.144903
-1.144903
-1.144903
-1.144903
-1.144903
-1.144903
-1.144903
-1.144903
-1.144903
-1.144903
-1.144903
-1.144903
-1.144903
-1.144903
-1.144903
-1.144903
-1.144903
-1.144903
-1.144903
-1.144903
-1.144903
-1.144903
-1.144903
-1.144903
-1.144903
-1.144903
-1.144903
-1.144903
0.662249
-1.144903
-1.144903
-1.144903
-1.144903
-1.144903
-1.144903
-1.144903
-1.144903
-1.144903
-1.144903
-1.144903
-1.144903
-1.144903
-1.144903
-1.144903
-1.144903
-1.144903
-1.144903
-1.144903
-1.144903
-1.144903
-1.144903
-1.144903
-1.144903
-1.144903
-1.144903
-1.144903
-1.144903
-1.144903
-1.144903
0.505055
-1.144903
-1.144903
-1.144903
-1.144903
-0.615065
-1.144903
-1.144903
-1.144903
-1.144903
-1.144903
-1.144903
-1.144903
-1.144903
-1.144903
-1.144903
-1.144903
-1.144903
-1.144903
-1.144903
-1.144903
-1.144903
-1.144903
-1.144903
-1.144903
-1.144903
-1.144903
-1.144903
-1.144903
0.110209
-0.759755
-1.144903
-1.144903
-1.144903
-1.144903
-1.144903
-0.959467
-1.144903
0.746270
-1.144903
-1.144903
-1.144903
-1.144903
-1.144903
-1.144903
-1.144903
-1.144903
-1.144903
-1.144903
-1.144903
-0.044479
-1.144903
-1.144903
-1.144903
-1.144903
-0.759755
-1.144903
-1.144903
-1.144903
-1.144903
-1.144903
-1.144903
-1.144903
-1.144903
-1.144903
-1.144903
-1.144903
-1.144903
-1.144903
-1.144903
-0.372446
-1.144903
-1.144903
-1.144903
-1.144903
-1.144903
-1.144903
-1.144903
-1.144903
-1.144903
-1.144903
-1.144903
-1.144903
-1.144903
-1.144903
-1.144903
-1.144903
-0.615065
-0.931707
-1.144903
-1.144903
-1.144903
-1.144903
-1.144903
-1.144903
-1.144903
-1.144903
-1.144903
-1.144903
-1.144903
-0.133815
-1.144903
-1.144903
-1.144903
-1.144903
-1.144903
-0.875446
-1.144903
-1.144903
-1.144903
-1.144903
-1.144903
-1.144903
-1.144903
-1.144903
-1.144903
-1.144903
-1.144903
-1.144903
-1.144903
-1.144903
-1.144903
-1.144903
-1.144903
-1.144903
-1.144903
-1.144903
-1.144903
-1.144903
-1.144903
-1.144903
-1.144903
-1.144903
-1.144903
-1.144903
-1.144903
-1.144903
-1.144903
-1.144903
-1.144903
-1.144903
-1.144903
-1.144903
-1.144903
-1.144903
-1.144903
-1.144903
-1.144903
-1.144903
-1.144903
-0.662249
-1.144903
-1.144903
-1.144903
-1.144903
-1.144903
-1.144903
-0.615065
1.144903
-1.144903
-1.144903
-1.144903
-1.144903
-1.144903
-1.144903
-1.144903
-1.144903
-1.144903
-1.144903
-1.144903
-1.144903
0.252738
-1.144903
-1.144903
-1.144903
-1.144903
-1.144903
-1.144903
-1.144903
-1.144903
-0.409932
-1.144903
-1.144903
-1.144903
-1.144903
-1.144903
-1.144903
-0.662249
-1.144903
-1.144903
-1.144903
-1.144903
-1.144903
-1.144903
-1.144903
-0.615065
-1.144903
-1.144903
-1.144903
-1.144903
-1.144903
-1.144903
-1.144903
-1.144903
-1.144903
-1.144903
-1.144903
-1.144903
-1.144903
-1.144903
-1.144903
-1.144903
-1.144903
-1.144903
-1.144903
-1.144903
-1.144903
-1.144903
-1.144903
-1.144903
-1.144903
-1.144903
-1.144903
-1.144903
-1.144903
-1.144903
-1.144903
-1.144903
-1.144903
-1.144903
-1.144903
-1.144903
-1.144903
-1.144903
-1.144903
-0.120128
-1.144903
-1.144903
-1.144903
-1.144903
-1.144903
-1.144903
-1.144903
-1.144903
-1.144903
-1.144903
-1.144903
-1.144903
-1.144903
-1.144903
-1.144903
-1.144903
-1.144903
-1.144903
-1.144903
-1.144903
-1.144903
-1.144903
-1.144903
-1.144903
-1.144903
-1.144903
-1.144903
-1.144903
-1.144903
-1.144903
-1.144903
0.436771
-1.144903
-1.144903
-1.144903
-1.144903
-1.144903
-1.144903
-1.144903
-1.144903
-1.144903
-1.144903
-1.144903
-1.144903
-1.144903
-1.144903
-1.144903
-1.144903
-1.144903
-1.144903
-1.144903
-1.144903
-1.144903
-1.144903
-1.144903
-1.144903
-1.144903
-1.144903
-1.144903
-1.144903
-1.144903
-1.144903
-1.144903
-1.144903
-1.144903
-1.144903
-1.144903
-1.144903
-1.144903
-1.144903
-1.144903
-1.144903
-1.144903
-1.144903
-1.144903
-1.144903
-1.144903
-1.144903
-1.144903
-1.144903
-1.144903
-1.144903
-0.150955
-1.144903
-1.144903
-1.144903
-1.144903
-1.144903
-1.144903
-1.144903
-1.144903
-1.144903
-1.144903
-1.144903
-1.144903
-1.144903
-1.144903
-1.144903
-0.372446
-1.144903
-1.144903
-1.144903
-1.144903
-1.144903
-1.144903
-1.144903
-1.144903
-0.615065
-1.144903
-1.144903
-1.144903
-1.144903
-1.144903
-1.144903
-1.144903
-0.747675
-1.144903
-1.144903
-1.144903
-1.144903
-1.144903
-1.144903
-1.144903
-1.144903
-1.144903
-1.144903
-1.144903
-1.144903
-1.144903
-1.144903
-1.144903
-1.144903
-1.144903
-1.144903
-1.144903
-0.615065
-1.144903
-1.144903
-1.144903
-1.144903
-1.144903
-1.144903
-1.144903
-1.144903
0.902284
-1.144903
-1.144903
-1.144903
-1.144903
-1.144903
-1.144903
-1.144903
-0.875446
-1.144903
-1.144903
-1.144903
-1.144903
-1.144903
-1.144903
-1.144903
-1.144903
-1.144903
-1.144903
-1.144903
-1.144903
-1.144903
0.282161
-1.144903
-1.144903
-1.144903
-1.144903
-1.144903
-1.144903
-1.144903
-1.144903
-1.144903
-1.144903
-1.144903
-1.144903
-1.144903
-1.144903
-1.144903
-1.144903
-1.144903
-1.144903
-1.144903
-1.144903
-1.144903
-1.144903
-1.144903
-1.144903
-1.144903
-1.144903
-1.144903
-1.144903
-1.144903
-0.662249
-1.144903
-1.144903
-1.144903
-1.144903
-0.662249
-1.144903
-1.144903
-1.144903
-1.144903
-1.144903
-1.144903
-1.144903
-1.144903
-1.144903
-1.144903
-0.229916
-1.144903
-1.144903
-1.144903
-1.144903
-1.144903
-1.144903
-0.615065
-1.144903
-1.144903
-1.144903
-1.144903
-1.144903
-1.144903
-1.144903
-1.144903
-1.144903
-1.144903
-1.144903
0.707150
-1.144903
-1.144903
-1.144903
-0.345607
-1.144903
-1.144903
-1.144903
-1.144903
-1.144903
-0.615065
-1.144903
-1.144903
-1.144903
-1.144903
-1.144903
-1.144903
-1.144903
-1.144903
-1.144903
-1.144903
-1.144903
-1.144903
-1.144903
-1.144903
-1.144903
-1.144903
-1.144903
-1.144903
-1.144903
-1.144903
-1.144903
-1.144903
-1.144903
-1.144903
-1.144903
-0.875446
-1.144903
-1.144903
-1.144903
-1.144903
-1.144903
-1.144903
-1.144903
-1.144903
-1.144903
-0.547962
-1.144903
-1.144903
-1.144903
-1.144903
-1.144903
-1.144903
-1.144903
-1.144903
-1.144903
-1.144903
-1.144903
-1.144903
-1.144903
-1.144903
-1.144903
-1.144903
-1.144903
-0.615065
-1.144903
-1.144903
-1.144903
-1.144903
-1.144903
-1.144903
-1.144903
-1.144903
-1.144903
-1.144903
-1.144903
-1.144903
-1.144903
-1.144903
-1.144903
-1.144903
-0.875446
-1.144903
-1.144903
-1.144903
-1.144903
-1.144903
-1.144903
-1.144903
-1.144903
-1.144903
-1.144903
-1.144903
-1.144903
-1.144903
-1.144903
-1.144903
-1.144903
-1.144903
-1.144903
-1.144903
-1.144903
-1.144903
-1.144903
-1.144903
-1.144903
-1.144903
-1.144903
-1.144903
-1.144903
-1.144903
-1.144903
-1.144903
-1.144903
-1.144903
-1.144903
-1.144903
-1.144903
-1.144903
-1.144903
-1.144903
-1.144903
-1.144903
-0.662249
-1.144903
-1.144903
-1.144903
-1.144903
-1.144903
-1.144903
-1.144903
-1.144903
-1.144903
-1.144903
-1.144903
-1.144903
-1.144903
-1.144903
-1.144903
-1.144903
-1.144903
-0.615065
-1.144903
-1.144903
-1.144903
-1.144903
-1.144903
-1.144903
0.167313
-1.144903
-1.144903
-1.144903
-1.144903
-1.144903
-1.144903
-1.144903
-0.615065
-1.144903
-1.144903
-1.144903
-1.144903
-1.144903
-1.144903
-1.144903
-1.144903
-1.144903
-1.144903
-1.144903
-1.144903
-1.144903
-1.144903
-1.144903
-1.144903
-1.144903
-1.144903
-1.144903
-1.144903
-1.144903
-1.144903
0.959467
-1.144903
-1.144903
-1.144903
-1.144903
-1.144903
-1.144903
-1.144903
-1.144903
-1.144903
-1.144903
-1.144903
-1.144903
-1.144903
-1.144903
-1.144903
-1.144903
-1.144903
-1.144903
-1.144903
-1.144903
-1.144903
-1.144903
-1.144903
-1.144903
-1.144903
-1.144903
-1.144903
-1.144903
-1.144903
-1.144903
-1.144903
-1.144903
-1.144903
-1.144903
-0.615065
-1.144903
-1.144903
-1.144903
-1.144903
-1.144903
-1.144903
-1.144903
-1.144903
-1.144903
-1.144903
-1.144903
-1.144903
-1.144903
0.649967
-1.144903
-1.144903
-1.144903
-1.144903
-1.144903
-1.144903
-1.144903
-1.144903
-1.144903
0.282161
-1.144903
-1.144903
-1.144903
-1.144903
-1.144903
-1.144903
-1.144903
-1.144903
-1.144903
-1.144903
-1.144903
-1.144903
-1.144903
-1.144903
-1.144903
-1.144903
-1.144903
-1.144903
-1.144903
-1.144903
-1.144903
-1.144903
-0.372446
-1.144903
-1.144903
-1.144903
-1.144903
-1.144903
-1.144903
-1.144903
-1.144903
-1.144903
-1.144903
-1.144903
-1.144903
-1.144903
-1.144903
-1.144903
-1.144903
-1.144903
-1.144903
-1.144903
-1.144903
-1.144903
-1.144903
-1.144903
-1.144903
-1.144903
-1.144903
-1.144903
-1.144903
0.362526
-1.144903
-1.144903
-1.144903
-1.144903
-1.144903
-1.144903
0.476813
-1.144903
-1.144903
-1.144903
-1.144903
-1.144903
-1.144903
-1.144903
-1.144903
-1.144903
-1.144903
-1.144903
-1.144903
-1.144903
-1.144903
-1.144903
-1.144903
-1.144903
-1.144903
-1.144903
-1.144903
-1.144903
-1.144903
-1.144903
-1.144903
-1.144903
-1.144903
-1.144903
-0.875446
-1.144903
0.902284
-1.144903
-1.144903
-1.144903
-1.144903
-1.144903
-1.144903
-0.892586
-1.144903
-1.144903
-1.144903
-1.144903
-1.144903
-1.144903
-1.144903
-1.144903
-1.144903
-1.144903
-1.144903
-1.144903
-1.144903
-1.144903
-1.144903
-1.144903
-1.144903
-1.144903
-1.144903
-1.144903
-1.144903
-1.144903
-1.144903
-1.144903
-1.144903
-1.144903
0.012703
-1.144903
-1.144903
-1.144903
-1.144903
-1.144903
-1.144903
-1.144903
-1.144903
-1.144903
-0.615065
-1.144903
-1.144903
-1.144903
-1.144903
-1.144903
-1.144903
-1.144903
-1.144903
-1.144903
-1.144903
0.493953
-1.144903
-1.144903
-1.144903
-1.144903
-1.144903
-1.144903
-1.144903
-1.144903
-1.144903
-1.144903
-1.144903
-1.144903
-1.144903
-1.144903
-0.615065
-1.144903
-1.144903
-1.144903
-1.144903
-1.144903
-1.144903
-1.144903
-1.144903
-1.144903
-1.144903
-1.144903
-1.144903
-1.144903
-1.144903
-1.144903
-1.144903
-1.144903
-1.144903
-1.144903
-1.144903
-1.144903
-1.144903
-1.144903
-1.144903
-1.144903
-1.144903
-1.144903
-1.144903
-0.574318
-1.144903
-1.144903
-1.144903
-1.144903
-1.144903
-1.144903
-1.144903
-1.144903
1.144903
-1.144903
-1.144903
-1.144903
-1.144903
-1.144903
-1.144903
1.144903
-1.144903
-1.144903
-1.144903
-1.144903
-1.144903
-1.144903
-1.144903
-1.144903
-1.144903
-1.144903
-1.144903
-1.144903
-1.144903
-1.144903
-1.144903
-1.144903
-1.144903
-1.144903
-1.144903
-1.144903
0.224495
-1.144903
-1.144903
-1.144903
-1.144903
-1.144903
-1.144903
-1.144903
-1.144903
-1.144903
-1.144903
-1.144903
-1.144903
-1.144903
-1.144903
-1.144903
-1.144903
-1.144903
-1.144903
-1.144903
-1.144903
-1.144903
-0.615065
-1.144903
-1.144903
-1.144903
-1.144903
-1.144903
-1.144903
-1.144903
0.409932
-1.144903
-1.144903
-0.662249
-1.144903
-1.144903
-1.144903
-1.144903
-1.144903
-1.144903
-1.144903
-1.144903
-1.144903
-1.144903
-1.144903
-1.144903
-1.144903
-1.144903
-1.144903
-1.144903
-1.144903
0.892586
-1.144903
-1.144903
-1.144903
-1.144903
-1.144903
-1.144903
-1.144903
-1.144903
-1.144903
-1.144903
-1.144903
-1.144903
-1.144903
-1.144903
-1.144903
-1.144903
-1.144903
-0.229916
-1.144903
-1.144903
-1.144903
-1.144903
-1.144903
-0.372446
-1.144903
-1.144903
-1.144903
-1.144903
-1.144903
-1.144903
-1.144903
-1.144903
-1.144903
-1.144903
-1.144903
-1.144903
-1.144903
-1.144903
-1.144903
-1.144903
-1.144903
-1.144903
-1.144903
-1.144903
-1.144903
-1.144903
-1.144903
0.892586
-1.144903
-1.144903
-1.144903
-1.144903
-1.144903
-1.144903
-1.144903
-1.144903
-1.144903
-1.144903
-1.144903
-1.144903
-1.144903
-1.144903
-1.144903
-1.144903
-1.144903
-1.144903
-1.144903
-1.144903
-1.144903
-1.144903
-1.144903
-1.144903
-1.144903
-1.144903
-0.875446
-1.144903
-1.144903
-1.144903
-1.144903
-1.144903
-1.144903
-1.144903
-1.144903
-1.144903
-1.144903
-1.144903
-1.144903
-1.144903
-1.144903
-1.144903
-1.144903
-1.144903
-1.144903
-1.144903
-1.144903
-1.144903
-1.144903
-1.144903
-1.144903
-1.144903
-1.144903
-1.144903
-1.144903
-1.144903
-1.144903
-1.144903
-1.144903
-1.144903
-1.144903
-1.144903
-1.144903
-1.144903
-1.144903
-1.144903
-1.144903
-1.144903
-1.144903
-1.144903
-1.144903
-1.144903
-1.144903
-1.144903
-1.144903
-1.144903
-1.144903
-1.144903
-1.144903
-1.144903
-1.144903
-1.144903
-1.144903
-1.144903
-1.144903
-1.144903
-1.144903
-1.144903
-1.144903
-1.144903
-1.144903
-1.144903
-1.144903
-1.144903
1.144903
-1.144903
-1.144903
-1.144903
-0.759755
-1.144903
-1.144903
-1.144903
-1.144903
-1.144903
-1.144903
-1.144903
-1.144903
-1.144903
-1.144903
-1.144903
-1.144903
-1.144903
-1.144903
-1.144903
-1.144903
-1.144903
-1.144903
-1.144903
-1.144903
-1.144903
-1.144903
-1.144903
-1.144903
-1.144903
-1.144903
-1.144903
-1.144903
-1.144903
-1.144903
-1.144903
-1.144903
-1.144903
-1.144903
-1.144903
-0.132411
0.689088
-1.144903
-1.144903
-1.144903
-1.144903
-1.144903
-1.144903
-1.144903
-1.144903
-1.144903
-1.144903
-1.144903
-0.747675
-1.144903
-1.144903
0.892586
-1.144903
-1.144903
-1.144903
-1.144903
-1.144903
-1.144903
-1.144903
-1.144903
-1.144903
-1.144903
-1.144903
-1.144903
-1.144903
-1.144903
-1.144903
-1.144903
-1.144903
-1.144903
-1.144903
-1.144903
-1.144903
0.167313
-1.144903
-1.144903
-1.144903
-1.144903
-1.144903
-1.144903
-1.144903
-1.144903
-1.144903
-1.144903
-1.144903
-1.144903
-1.144903
-1.144903
-1.144903
-1.144903
-1.144903
-1.144903
-1.144903
-1.144903
-1.144903
-1.144903
-1.144903
-1.144903
-1.144903
-1.144903
-1.144903
-1.144903
-1.144903
-1.144903
0.747675
-1.144903
-1.144903
-1.144903
-1.144903
-1.144903
-1.144903
-1.144903
-0.615065
-1.144903
-1.144903
-1.144903
-0.933111
-1.144903
-1.144903
-1.144903
-1.144903
-1.144903
-1.144903
-1.144903
-1.144903
-1.144903
-1.144903
-1.144903
-1.144903
-0.187009
-1.144903
-1.144903
-1.144903
-1.144903
-0.875446
-1.144903
-1.144903
-1.144903
-1.144903
-1.144903
-1.144903
-1.144903
-1.144903
-1.144903
-1.144903
-1.144903
-1.144903
-1.144903
-1.144903
-1.144903
-1.144903
-1.144903
-0.372446
-1.144903
-1.144903
-1.144903
-1.144903
-1.144903
-1.144903
-1.144903
-1.144903
-1.144903
-1.144903
-1.144903
-1.144903
-1.144903
-1.144903
-1.144903
-1.144903
-1.144903
-1.144903
-1.144903
-1.144903
0.409932
-1.144903
-1.144903
-1.144903
-1.144903
-1.144903
-1.144903
-1.144903
-1.144903
-1.144903
-1.144903
-1.144903
-1.144903
-1.144903
-1.144903
-1.144903
-1.144903
-1.144903
-1.144903
-1.144903
-1.144903
-1.144903
-1.144903
-1.144903
-1.144903
-1.144903
-1.144903
-1.144903
-1.144903
-1.144903
-1.144903
-1.144903
-1.144903
-1.144903
-1.144903
-1.144903
-1.144903
-1.144903
-1.144903
-1.144903
-1.144903
-1.144903
-1.144903
-1.144903
-1.144903
-1.144903
-1.144903
-1.144903
-1.144903
-1.144903
-1.144903
-1.144903
-1.144903
-1.144903
-1.144903
-1.144903
-1.144903
-1.144903
-1.144903
-1.144903
-1.144903
-1.144903
-1.144903
-1.144903
-1.144903
-1.144903
-1.144903
-1.144903
-0.875446
-0.662249
-1.144903
-1.144903
-1.144903
-1.144903
-0.875446
-1.144903
-1.144903
-1.144903
-0.759755
-1.144903
-1.144903
-1.144903
-0.102988
0.252738
-1.144903
-1.144903
-1.144903
-1.144903
-1.144903
-1.144903
-1.144903
-1.144903
-1.144903
-1.144903
-1.144903
-1.144903
-1.144903
-1.144903
-1.144903
-1.144903
-1.144903
-1.144903
-1.144903
-1.144903
-1.144903
-1.144903
-1.144903
-1.144903
-1.144903
-1.144903
-1.144903
-1.144903
-1.144903
-1.144903
-1.144903
-1.144903
-1.144903
-1.144903
-1.144903
-1.144903
-1.144903
-1.144903
-1.144903
-1.144903
-1.144903
-1.144903
-1.144903
-1.144903
-1.144903
-1.144903
-1.144903
-1.144903
-1.144903
-1.144903
-1.144903
-1.144903
-1.144903
-1.144903
-0.747675
-1.144903
-1.144903
-1.144903
-1.144903
-1.144903
-1.144903
-1.144903
-1.144903
-1.144903
-1.144903
-1.144903
-1.144903
-1.144903
-1.144903
0.039542
-1.144903
-1.144903
-1.144903
-1.144903
-1.144903
-1.144903
-1.144903
-1.144903
-1.144903
-0.615065
-1.144903
-1.144903
-1.144903
-1.144903
-1.144903
-1.144903
-1.144903
-1.144903
-1.144903
-1.144903
-1.144903
-1.144903
-1.144903
-1.144903
-1.144903
-1.144903
-1.144903
-1.144903
-1.144903
-1.144903
-1.144903
-1.144903
-1.144903
-1.144903
-1.144903
-1.144903
-1.144903
-1.144903
-1.144903
-1.144903
-1.144903
-1.144903
-1.144903
-1.144903
