36993, 65177, 5593, 72009, 24152, 24579, 17029, 66339, 11966, 16618, 79909, 65958, 130556, 24172, 17204, 12882, 25320, 13623, 65962, 18361, 9323, 6414, 16835, 78455, 80468, 77809, 37402, 37350, 27359, 29422, 24223, 90560, 38402, 36918, 77262, 9466, 24451, 136478, 37079, 90557, 24759, 27355, 37074, 5170, 80659, 23977, 38992, 16935, 18988, 25435, 27383, 37169, 80584, 51724, 16829, 129295, 90330, 10874, 69280
Feature count is 59
Criterion1 result is ObjectIndex = 58, Distance = -2.9831777531692763690109214205, Value = 0.6689456213044107448425601759
Boundary = -2.9754127967467642827419415985
-6.651764
-5.959020
-6.973754
-6.973754
-6.973754
-6.973754
-6.973754
-6.973754
-6.973754
-6.973754
-6.973754
-6.973754
-6.973754
-5.161220
-6.973754
-6.973754
-6.973754
-6.973754
-6.973754
-6.052167
-6.973754
-6.973754
-6.973754
-6.973754
-6.973754
-6.973754
-6.973754
-6.973754
-6.973754
-6.463392
-6.973754
-6.973754
-6.973754
-6.973754
-6.973754
-4.215521
-6.973754
-6.973754
-6.973754
-6.973754
-6.973754
-6.773985
-6.973754
-6.973754
-6.973754
-6.973754
-6.973754
-6.973754
-6.973754
-6.973754
-6.973754
-6.973754
-6.973754
-6.973754
-5.352408
-6.973754
-3.739320
-6.973754
-2.983178
-6.735388
-6.973754
-6.973754
-6.973754
-6.973754
-6.973754
-6.973754
-6.973754
-6.973754
-6.973754
-6.973754
-6.973754
-6.973754
-6.973754
-6.973754
-6.973754
-6.764295
-6.973754
-6.973754
-6.973754
-6.534464
-6.973754
-6.973754
-6.973754
-6.649592
-6.973754
5.438581
-5.972471
-6.973754
-6.973754
-6.973754
-6.973754
-6.973754
-6.775485
-6.973754
-6.973754
-6.973754
-6.735917
-6.973754
-6.973754
-6.973754
-6.973754
-6.973754
-5.803509
-6.762896
-6.973754
-6.973754
-6.973754
-4.369667
-6.973754
-6.973754
-6.093682
-6.973754
-6.973754
-6.973754
-5.972523
-6.973754
-6.973754
-6.973754
-6.973754
-6.973754
-6.973754
-6.973754
-6.728459
-6.973754
-6.973754
-6.973754
-6.973754
-6.973754
-6.973754
-6.775485
-6.973754
-6.973754
-6.973754
-6.973754
-6.712587
-6.973754
-4.938876
-6.973754
-6.973754
-6.775485
-6.973754
-3.871597
-6.973754
-6.973754
-6.973754
-6.273298
-6.973754
-6.973754
-6.789131
-6.973754
-6.973754
-6.973754
-6.973754
-6.973754
-6.973754
-6.973754
-6.973754
-6.973754
-6.190156
-6.973754
-6.973754
-6.973754
-6.524197
-6.973754
-6.973754
-6.973754
-6.973754
-6.014577
-6.973754
-6.973754
-6.738028
-6.973754
-6.973754
-6.973754
-6.973754
-6.973754
-6.973754
-6.973754
-5.141776
-6.973754
-6.973754
-6.973754
-6.973754
-6.973754
-6.973754
-6.973754
-6.651764
-6.973754
-6.973754
-6.973754
-6.973754
-6.973754
-6.973754
-6.973754
-5.418338
-6.973754
-6.973754
-6.973754
-6.756121
-6.973754
-6.973754
-6.973754
-6.973754
-6.973754
-6.973754
-6.973754
-6.973754
-6.973754
-6.973754
-6.973754
-6.973754
-6.973754
-6.973754
-6.775485
-6.973754
-6.973754
-6.973754
-6.973754
-6.973754
-6.973754
-6.973754
-6.973754
-6.338760
-6.732734
-6.556352
-6.756121
-6.973754
-6.973754
-6.973754
-5.342374
-6.973754
-6.973754
-6.973754
-6.222034
-6.973754
-6.973754
-6.973754
-6.973754
-6.581415
-6.973754
-6.973754
-6.463392
-6.973754
-6.973754
-6.973754
-6.973754
-6.973754
-6.973754
-6.973754
-6.973754
-6.649592
-3.862353
-6.973754
-6.973754
-6.973754
-6.973754
-6.973754
-2.505369
-6.973754
-6.973754
-6.973754
-6.973754
-6.973754
-6.973754
-6.973754
-6.973754
-6.973754
-6.973754
-6.973754
-6.973754
-6.973754
-6.973754
-6.973754
-6.973754
-6.973754
-6.973754
-5.813639
-6.973754
-6.973754
-6.973754
-6.973754
-6.973754
-6.973754
-6.973754
-6.973754
-6.973754
-6.973754
-6.973754
-6.973754
-6.973754
-6.973754
-6.973754
-6.973754
-6.973754
1.022237
-6.973754
-6.973754
-6.973754
-6.973754
-6.973754
-6.973754
-6.973754
-6.973754
-6.973754
-6.973754
-6.973754
-6.973754
-6.973754
-6.973754
-6.973754
-6.709051
-6.973754
-6.973754
-6.973754
-6.973754
-6.973754
0.643097
-4.098899
-6.196709
-6.973754
-6.973754
-6.973754
-6.973754
-6.973754
-6.763829
-6.973754
-6.775485
-6.973754
-6.973754
-6.973754
-6.973754
-6.973754
-6.973754
-6.973754
-6.973754
-5.812269
-6.973754
-6.973754
-6.973754
-6.973754
-3.602191
-6.973754
-6.973754
-6.973754
-6.973754
-6.973754
-6.775485
-6.973754
-6.973754
-6.973754
-6.973754
-6.973754
-6.973754
-6.973754
-6.973754
-6.973754
-6.577085
-6.973754
-6.775485
-6.973754
-6.973754
-6.973754
-6.973754
-6.973754
-6.973754
-6.789538
-6.451323
-6.973754
-6.973754
-6.973754
-6.973754
-6.973754
-6.973754
-6.973754
-6.973754
-6.973754
-6.973754
-6.973754
-2.491841
-6.973754
-6.973754
-6.973754
-6.510652
-6.973754
-6.973754
-6.973754
-6.973754
-6.973754
-6.973754
-5.766304
-6.973754
-6.973754
-6.973754
-6.973754
-6.973754
-6.973754
-6.973754
-6.973754
-6.973754
-5.986062
-6.973754
-6.973754
-6.973754
-6.973754
-6.973754
-6.973754
-6.973754
-6.973754
-6.973754
-0.563751
-6.973754
-6.973754
-6.973754
-6.973754
-6.538176
-6.973754
-6.114969
-6.500719
-6.973754
-6.722467
-6.973754
-6.973754
-6.973754
-6.973754
-6.973754
-6.973754
-6.973754
-6.973754
-6.973754
-6.973754
-6.973754
-6.973754
-6.973754
-6.973754
-6.973754
-6.973754
-6.973754
-6.973754
1.308096
-6.056992
-6.973754
-6.973754
-6.973754
-6.973754
-6.973754
-3.730610
-6.973754
3.342409
-6.973754
-6.973754
-6.973754
-6.973754
-6.973754
-6.973754
-6.973754
-6.973754
-5.774072
-6.973754
-6.973754
-2.946871
-6.973754
-6.973754
-6.485614
-6.973754
-4.404580
-6.973754
-6.973754
-6.973754
-6.973754
-6.973754
-6.649592
-6.973754
-6.973754
-6.973754
-6.973754
-6.973754
-6.973754
-6.775485
-6.973754
-4.711012
-5.920583
-6.973754
-6.973754
-6.973754
-6.973754
-6.973754
-6.730066
-6.973754
-6.973754
-6.973754
-6.973754
-6.973754
-6.973754
-6.973754
-6.973754
-5.825250
-4.299581
-4.990009
-6.973754
-6.973754
-6.973754
-6.973754
-6.973754
-6.973754
-6.973754
-6.973754
-6.973754
-6.973754
-6.973754
-5.411540
-5.010621
-6.973754
-6.973754
-6.973754
-6.973754
-6.064822
-6.973754
-6.973754
-6.756121
-6.973754
-6.973754
-6.775485
-6.973754
-6.973754
-6.973754
-6.973754
-6.973754
-6.973754
-6.973754
-6.973754
-6.973754
-6.973754
-6.973754
-6.973754
-6.973754
-6.973754
-6.973754
-6.973754
-6.973754
-6.973754
-6.973754
-6.973754
-6.973754
-6.773985
-6.973754
-6.973754
-4.715901
-6.973754
-6.651764
-6.973754
-6.973754
-5.428129
-4.313453
-6.775485
-6.973754
-6.973754
-6.973754
-6.973754
-6.973754
-5.461983
-6.973754
-6.973754
-6.210308
-6.775485
-6.973754
-6.973754
-4.626582
2.910651
-6.973754
-6.973754
-6.973754
-6.973754
-6.973754
-6.973754
-6.973754
-2.777879
-6.973754
-6.973754
-6.973754
-6.973754
-0.389491
-6.973754
-6.973754
-6.973754
-6.973754
-6.700700
-6.973754
-6.973754
-6.973754
-3.261329
-6.973754
-6.973754
-6.973754
-6.520395
-6.775485
-6.973754
-6.117864
-6.973754
-6.763829
-6.973754
-6.973754
-6.973754
-6.973754
-6.973754
-6.973754
-6.712587
-6.973754
-6.973754
-5.932408
-6.973754
-6.973754
-6.973754
-6.973754
-6.973754
-6.973754
-6.973754
-6.973754
-6.973754
-6.775485
-6.973754
-6.973754
-6.973754
-6.973754
-6.556809
-6.973754
-6.973754
-5.406909
-4.813017
-6.973754
-6.973754
-6.973754
-6.973754
-6.973754
-6.973754
-6.973754
-6.973754
-6.757738
-6.973754
-6.215596
-6.973754
-6.973754
-6.973754
-6.973754
-6.775485
-2.544993
-6.973754
-6.973754
-6.973754
-6.973754
-6.973754
-6.973754
-4.691870
-6.775485
-6.973754
-6.973754
-6.973754
-6.973754
-6.973754
-6.973754
-6.973754
-6.973754
-6.973754
-6.973754
-6.973754
-6.973754
-6.973754
-6.973754
-6.973754
-6.973754
-6.973754
-6.973754
-6.973754
-6.973754
-6.973754
-6.973754
-6.973754
-0.387564
-6.973754
-6.973754
-6.105752
-6.973754
-6.973754
-6.973754
-6.973754
-6.973754
-6.973754
-6.973754
-6.973754
-6.973754
-6.973754
-6.973754
-6.973754
-6.973754
-6.973754
-6.451323
-6.973754
-6.973754
-6.973754
-6.973754
-6.973754
-5.300199
-6.973754
-6.973754
-6.973754
-6.973754
-6.973754
-3.846653
-6.973754
-6.973754
-6.973754
-6.973754
-6.973754
-6.973754
-6.973754
-6.973754
-6.973754
-6.973754
-6.973754
-6.973754
-6.973754
-6.973754
-6.774442
-6.973754
-6.973754
-6.973754
-6.973754
-6.973754
-4.106956
-6.973754
-6.973754
-6.973754
-6.973754
-6.973754
-6.973754
-6.973754
-6.973754
-6.973754
-6.973754
-6.973754
-6.973754
-6.973754
-6.973754
-6.973754
-3.390885
-6.973754
-6.973754
-6.973754
-6.973754
-6.973754
-6.973754
-6.973754
-6.973754
-5.734756
-6.973754
-6.973754
-6.973754
-6.302450
-6.973754
-6.973754
-6.973754
-4.043675
-6.973754
-6.973754
-6.973754
-6.973754
-6.973754
-6.973754
-6.973754
-6.726847
-6.973754
-6.973754
-6.973754
-6.789538
-5.333215
-6.973754
-5.677460
-6.973754
-6.973754
-6.973754
-6.973754
-5.156415
-6.973754
-6.973754
-6.973754
-6.973754
-6.973754
-6.973754
-6.973754
-6.973754
-6.973754
-6.973754
-6.339851
-6.973754
-6.973754
-6.973754
-6.973754
-6.973754
-6.075277
-6.973754
-6.973754
-6.973754
-6.973754
-6.649592
-6.973754
-4.981734
-6.973754
-6.973754
-6.973754
-6.973754
-6.973754
-6.722467
-0.966482
-6.973754
-6.973754
-6.973754
-6.973754
-6.973754
-6.973754
-6.973754
-6.973754
-6.973754
-6.574673
-6.973754
-6.973754
-6.973754
-6.973754
-6.973754
-6.973754
-6.973754
-6.973754
-6.973754
-6.973754
-6.973754
-6.973754
-6.973754
-6.973754
-6.973754
-6.973754
-6.973754
-6.514318
-6.973754
-3.355785
-6.735917
-6.973754
-6.578158
-6.973754
-3.747864
-6.973754
-6.973754
-6.775485
-6.973754
-6.756121
-6.973754
-6.973754
-6.973754
-6.973754
-6.973754
-5.548633
-6.973754
-6.973754
-6.973754
-6.443700
-6.973754
-6.973754
-5.145851
-6.973754
-6.973754
-6.973754
-6.973754
-6.973754
-6.973754
-6.973754
-6.973754
-6.973754
-6.973754
-6.973754
0.197452
-6.973754
-6.973754
-6.973754
-4.999577
-6.973754
-6.973754
-6.973754
-6.973754
-6.973754
-6.973754
-6.973754
-6.973754
-6.973754
-6.973754
-6.973754
-6.973754
-6.973754
-6.973754
-6.973754
-2.880070
-6.973754
-6.973754
-6.973754
-6.973754
-6.735388
-5.548097
-6.973754
-6.973754
-6.973754
-6.973754
-6.210308
-6.973754
-6.973754
-6.973754
-6.973754
-6.125464
-6.973754
-6.973754
-6.973754
-6.973754
-6.299152
-6.973754
-6.973754
-6.973754
-6.973754
-6.524197
-6.973754
-6.973754
-6.973754
-6.973754
-6.775485
-6.973754
-6.973754
-6.973754
-6.973754
-6.973754
-6.973754
-6.973754
-6.973754
-6.973754
-6.973754
-6.973754
-6.973754
-4.972222
-6.973754
-6.973754
-6.649592
-6.973754
-6.973754
-6.973754
-6.973754
-6.973754
-6.973754
-6.973754
-6.210308
-5.343973
-6.973754
-6.973754
-6.973754
-6.973754
-5.804163
-1.844130
-6.973754
-6.973754
-5.324129
-6.973754
-6.726847
-6.973754
-6.973754
-6.973754
-6.973754
-5.783535
-6.973754
-6.973754
-6.973754
-6.327602
-6.729531
-5.421284
-6.973754
-6.973754
-6.973754
-6.973754
-6.973754
-6.973754
-6.973754
-6.973754
-6.712587
-6.973754
-6.973754
-6.973754
-6.775485
-6.973754
-6.973754
-6.973754
-6.973754
-6.973754
-6.973754
-6.649592
-6.973754
-6.973754
-6.973754
-6.973754
-5.236332
-6.973754
-6.973754
-6.973754
-6.973754
-6.973754
-6.973754
-6.756121
-5.788592
-6.973754
-6.973754
-6.973754
-6.973754
-6.973754
-6.973754
-6.973754
-6.973754
-6.973754
-2.151539
-6.973754
-6.219231
-6.973754
-5.938868
-6.973754
-6.973754
0.043389
-6.973754
-6.973754
-6.973754
-6.973754
-6.973754
-6.696472
-6.973754
-6.499592
-6.973754
-6.973754
-6.973754
-6.973754
-6.973754
-6.973754
-5.589756
-6.973754
-6.973754
-6.973754
-6.973754
-6.735917
-4.921290
-6.973754
-6.973754
-6.973754
-4.599707
-6.973754
-6.973754
-6.973754
-6.973754
-6.759150
-1.438043
-6.973754
-6.973754
-6.973754
-6.973754
-6.973754
-6.973754
-6.973754
-6.973754
-6.973754
-6.973754
-6.973754
-6.973754
-6.973754
-5.551688
-6.973754
-6.973754
-6.973754
-6.973754
-6.973754
-6.973754
-6.973754
-6.973754
-6.973754
-6.973754
-6.973754
-6.973754
-6.973754
-6.973754
-6.973754
-6.039258
-6.973754
-6.973754
-6.973754
-6.557722
-2.565280
-6.973754
-6.973754
-6.973754
-6.973754
-6.973754
-4.469207
-6.973754
-6.973754
-6.973754
-5.612705
-6.973754
-6.973754
-6.973754
-2.057512
-6.973754
-6.973754
-6.232647
-6.973754
-6.973754
-6.973754
-6.973754
-6.973754
-4.889647
-1.836527
-6.973754
-6.973754
-6.973754
-6.973754
-6.973754
-6.973754
-5.913566
-6.973754
-6.973754
-6.973754
-6.726847
-6.973754
-6.973754
-6.973754
-6.973754
-6.973754
-6.973754
-6.973754
-6.973754
-6.973754
-6.973754
-6.973754
-6.973754
-6.973754
-6.270451
-6.973754
-6.973754
-6.524068
-6.973754
-6.973754
-6.973754
-6.973754
-6.973754
-6.973754
-6.557722
-6.973754
-6.973754
-6.973754
-6.973754
-6.973754
-6.973754
-6.973754
-6.973754
-6.973754
-6.973754
-6.973754
-6.973754
-6.973754
-6.973754
-6.973754
-6.973754
-0.286387
-4.793568
-6.973754
-6.973754
-6.973754
-6.973754
-6.973754
2.469477
-6.973754
-6.973754
-6.973754
-6.973754
-6.973754
-6.973754
-6.973754
-6.973754
-6.973754
-6.973754
-6.973754
-6.973754
-6.775485
-6.973754
-6.973754
-6.973754
-6.973754
-6.973754
-6.705490
-6.973754
-6.973754
-6.973754
-6.020471
-6.973754
-6.649592
-6.973754
-6.973754
-5.657953
-6.973754
4.199625
-6.973754
-6.973754
-6.735917
-6.973754
-6.973754
-6.973754
-4.052204
-6.973754
-6.973754
-6.973754
-6.775485
-6.973754
-6.973754
-6.973754
-6.973754
-6.973754
-6.973754
-6.973754
-6.700700
-5.286450
-6.973754
-6.973754
-6.441839
-6.973754
-6.973754
-6.649592
-4.809044
-6.973754
-6.973754
-6.973754
-6.973754
-6.973754
-6.973754
0.874423
-6.973754
-6.973754
-6.973754
-6.973754
-6.973754
-6.973754
-6.973754
-6.973754
-6.973754
-5.575035
-6.973754
-6.973754
-6.973754
-6.973754
-6.973754
-6.973754
-6.973754
-6.709051
-6.973754
-6.973754
0.391194
-6.973754
-6.973754
-6.973754
-6.973754
-6.973754
-5.826601
-5.697243
-6.973754
-6.973754
-6.973754
-6.551700
-6.973754
-6.973754
-6.973754
-5.090306
-6.973754
-6.973754
-6.973754
-6.973754
-6.973754
-6.973754
-6.973754
-6.973754
-6.973754
-6.973754
-6.735388
-6.761494
-6.973754
-6.973754
-6.973754
-6.973754
-6.973754
-6.973754
-6.973754
-6.973754
-6.973754
-6.973754
-6.973754
-6.973754
-6.973754
-6.774442
-6.973754
-6.973754
-6.188845
-6.973754
-6.973754
-6.973754
-5.143490
-6.973754
-6.973754
-6.761026
-6.973754
3.909145
-6.973754
-6.973754
-6.973754
-6.973754
-6.973754
-5.722168
-2.809352
-6.973754
-6.973754
-6.973754
-6.973754
-6.973754
-6.973754
-6.973754
-6.973754
-6.000723
-6.973754
-6.973754
-6.551171
-6.973754
-6.973754
-6.973754
-6.973754
-6.973754
-6.973754
-6.973754
-6.973754
-2.638180
-6.973754
-6.973754
-6.973754
-6.973754
-6.973754
-6.973754
-6.973754
-6.973754
-6.973754
-6.973754
-6.973754
-6.973754
-6.973754
-6.973754
-6.973754
-6.973754
-6.973754
-5.888318
-1.797097
-6.338075
-6.973754
-5.293147
-6.973754
-6.973754
-6.973754
-6.973754
-6.973754
-6.973754
-6.973754
-5.585876
-6.973754
-6.973754
-4.972619
-5.191313
-6.973754
-6.973754
-6.973754
-6.973754
-6.973754
-6.973754
-6.973754
-6.973754
-6.712587
-6.098286
-6.973754
-6.973754
-6.973754
-6.775485
-6.973754
-6.973754
-1.442268
-6.973754
-6.973754
-6.735388
-6.973754
-6.973754
-6.973754
-6.973754
-6.973754
-6.973754
-6.973754
-6.709051
-6.973754
-6.973754
-6.973754
-6.973754
-6.973754
-6.973754
2.527973
-6.973754
-6.973754
-6.973754
-6.973754
-6.973754
-6.022010
-6.775355
-6.973754
-6.973754
-6.973754
-6.973754
-4.442541
-6.973754
-6.736446
-6.973754
-6.973754
-6.973754
-6.973754
-6.973754
-6.973754
-6.973754
-6.973754
-6.556809
-6.973754
-6.973754
-6.973754
-6.973754
-6.973754
-6.973754
1.224193
-6.973754
-6.775485
-6.504833
-6.973754
-6.973754
-6.973754
-6.973754
-6.973754
-6.729531
-6.973754
-6.973754
-6.973754
-6.973754
-6.973754
-6.973754
-6.973754
-6.973754
-6.973754
-6.973754
-6.973754
-6.973754
-5.612957
-6.973754
-6.973754
-6.973754
-6.210308
-6.190443
-6.973754
-6.973754
-6.973754
-6.973754
-6.973754
-6.775485
-6.712587
-6.973754
-6.973754
-6.973754
-6.973754
-6.756121
-6.973754
-6.973754
-6.973754
-6.973754
-6.732734
-6.253863
-6.973754
-6.973754
-6.973754
-6.973754
-6.973754
-6.973754
-6.973754
-6.973754
-6.973754
-6.973754
-6.973754
-6.973754
3.935932
-6.973754
-6.973754
-6.973754
-6.973754
-6.973754
-6.973754
-6.973754
-6.973754
-6.973754
-6.973754
-6.973754
-6.973754
-6.973754
-6.973754
-6.973754
-6.973754
-6.973754
-6.973754
-6.973754
-5.783535
-6.973754
-6.973754
-6.973754
-6.973754
-6.973754
-0.739457
-6.973754
-6.973754
-6.973754
-6.973754
-6.973754
-6.973754
-6.973754
-6.973754
-6.973754
-6.973754
5.507997
-6.973754
-6.973754
-6.973754
-4.053224
-6.973754
-6.973754
-6.973754
-6.973754
-6.973754
-6.973754
-6.973754
-6.497551
-6.973754
-6.973754
-6.238890
-6.973754
-6.973754
-6.973754
-6.973754
-6.973754
-6.973754
-6.973754
-6.973754
-6.973754
-6.973754
-6.973754
-6.973754
-6.973754
-6.973754
-6.973754
-6.973754
-6.973754
-6.973754
-6.973754
-6.973754
-6.973754
-6.973754
-6.973754
-6.973754
-1.651058
-0.015707
-6.973754
-6.973754
-6.973754
-6.973754
-6.973754
-6.973754
-6.973754
-6.973754
-6.973754
-6.973754
-6.973754
-3.459337
-6.973754
-6.973754
-1.787461
-1.868338
-6.973754
-6.973754
-6.973754
-6.973754
-6.973754
-6.973754
-6.738028
-6.973754
-6.973754
-6.973754
-6.973754
-6.973754
-6.973754
-6.973754
-6.973754
-6.973754
-6.973754
-6.762896
-6.973754
-6.973754
-4.194639
-6.973754
-6.973754
-6.775485
-6.973754
-6.973754
-6.973754
-6.973754
-6.973754
-6.973754
-6.973754
-6.973754
-6.973754
-6.973754
-6.973754
-6.973754
-6.973754
-6.973754
-6.973754
-6.765690
-6.973754
-6.973754
-6.973754
-6.973754
-6.973754
-6.973754
-6.973754
-6.973754
-6.649592
-6.973754
-6.973754
3.686879
-6.973754
-6.649592
-6.973754
-6.973754
-5.898594
-6.973754
-6.973754
-6.651764
-6.973754
-6.973754
-6.973754
-5.758999
-6.973754
-6.973754
-6.973754
-6.973754
-4.947407
-6.973754
-6.973754
-6.973754
-6.973754
-6.497551
-6.973754
-6.700700
-0.897089
-6.973754
-6.973754
-6.973754
-6.973754
-6.338760
-6.973754
-6.973754
-6.973754
-6.973754
-6.973754
-6.973754
-6.973754
-6.973754
-6.973754
-6.973754
-6.973754
-6.973754
-6.735917
-6.973754
-6.973754
-6.973754
-6.973754
-5.199831
-6.973754
-6.019857
-6.973754
-6.973754
-6.732734
-6.973754
-6.973754
-6.973754
-6.973754
-6.973754
-6.973754
-6.973754
-6.973754
-6.973754
-6.078822
-6.169710
-6.973754
-6.973754
-6.973754
-6.973754
-0.098445
-6.973754
-6.973754
-5.712387
-6.973754
-6.973754
-6.973754
-6.973754
-6.973754
-6.973754
-6.973754
-6.973754
-6.973754
-6.973754
-6.973754
-6.973754
-6.973754
-6.973754
-6.973754
-6.973754
-6.973754
-5.506411
-6.973754
-6.973754
-6.973754
-6.973754
-6.973754
-6.514318
-6.973754
-6.973754
-6.973754
-6.973754
-6.973754
-6.514318
-6.973754
-6.973754
-6.973754
-6.973754
-6.973754
-6.973754
-6.973754
-6.973754
-6.973754
-6.973754
-6.973754
-6.973754
-6.973754
-6.973754
-6.973754
-6.973754
-6.973754
-6.973754
-6.973754
-6.973754
-6.973754
-6.973754
-6.973754
-6.973754
-6.514318
-6.973754
-6.973754
-2.655631
-6.973754
-6.973754
-6.973754
-6.973754
-6.973754
-6.973754
-3.426063
-5.267814
-6.973754
-6.973754
-6.973754
-6.973754
-5.905923
-6.973754
-6.973754
-6.973754
-6.520395
-6.973754
-6.973754
-6.973754
-2.967648
2.574047
-6.973754
-6.973754
-6.973754
-6.973754
-6.973754
-0.832757
-6.973754
-6.973754
-6.973754
-6.973754
-6.973754
-6.973754
-6.973754
-6.973754
-6.973754
-6.973754
-6.973754
-6.973754
-6.464974
-6.973754
-6.973754
-6.973754
-6.973754
-6.775485
-6.973754
-6.973754
-6.973754
-6.973754
-6.973754
-6.973754
-6.973754
-6.973754
-6.973754
-6.973754
-6.264080
-6.775485
-6.973754
-6.973754
-6.973754
-6.973754
-6.973754
-4.394977
-6.973754
-5.972471
-6.973754
-6.973754
-6.973754
-6.973754
-6.973754
-6.973754
-6.973754
-6.973754
-6.973754
-6.973754
-4.982761
-6.973754
-6.973754
-6.973754
-6.973754
-6.973754
-6.973754
-6.973754
-6.973754
-6.973754
-6.973754
-6.973754
-6.973754
-6.973754
-6.973754
-2.384200
-6.973754
-6.107854
-6.973754
-6.973754
-6.973754
-6.973754
-6.973754
-6.973754
-6.973754
-6.705490
-6.973754
-6.973754
-6.973754
-6.973754
-0.639621
-6.973754
-6.286890
-6.973754
-6.973754
-6.973754
-6.973754
-6.973754
-6.973754
-6.973754
-6.973754
-6.273547
-6.973754
-6.973754
-6.973754
-6.973754
-6.973754
-6.973754
-6.973754
-6.973754
-6.973754
-6.973754
-6.775485
-6.973754
-6.973754
-6.973754
-6.973754
-6.756121
-6.973754
-6.973754
