9535, 47045, 67111, 49947, 74574, 73695, 109169, 138967, 62373, 9641, 70290, 62287, 113055, 31543, 133756, 8258, 71977, 26140, 62524, 72013, 123850, 38196, 32596, 81516, 80361, 55215, 9025, 55213, 10433, 11749, 62272, 90598, 72033, 54828, 79900, 13560, 62519, 8278, 103110, 11642, 47050, 39148, 133775, 26871, 62053, 28619, 102358, 131396, 25317, 99391, 25182, 92793, 38681, 47297, 31898, 68372, 10081, 61975, 93529, 136005, 77305, 73547, 62439, 100784, 73494, 32391, 89728, 22041
Feature count is 68
Criterion1 result is ObjectIndex = 480, Distance = -3.2156232537202774095337317533, Value = 0.7485467839375865743493133044
Boundary = -3.1838761828361493657161781657
-6.272832
-6.068664
-7.708380
-7.708380
-7.708380
-7.708380
-7.538200
-7.009625
-7.708380
-7.708380
-7.708380
-7.096824
-7.538200
-5.112159
-7.538200
-7.274854
-7.708380
-7.238249
-7.708380
-5.939716
-7.530350
-7.708380
-7.708380
-7.708380
-7.530350
-7.708380
-7.708380
-7.708380
-7.708380
-7.190083
-7.708380
-7.708380
-7.708380
-5.245867
-7.708380
-5.758781
-7.708380
-7.708380
-3.059418
-7.530350
-7.708380
-4.323827
-7.708380
-7.708380
-7.708380
-7.506206
-7.708380
-7.054890
-7.708380
-7.708380
-7.708380
-7.708380
-7.708380
-6.208539
-6.599123
-7.515420
-4.161460
-7.708380
-0.520050
-7.190083
-7.708380
-7.190083
-7.708380
-7.708380
-7.538200
-7.708380
-7.708380
-7.395157
-7.708380
-7.708380
-7.708380
-7.708380
-7.708380
-7.708380
-7.012392
-7.020635
-7.708380
-7.708380
-7.708380
-5.822095
-7.708380
-7.708380
-7.708380
-7.445034
-7.708380
3.380799
-7.708380
-7.708380
-7.187558
-7.708380
-7.371013
-7.708380
-7.083645
-7.708380
-6.961631
-7.708380
-7.708380
-7.708380
-7.274854
-7.211798
-7.708380
-7.708380
-5.828189
-6.238150
-7.708380
-7.708380
-6.200829
-1.633280
-7.708380
-7.708380
-6.728098
-7.708380
-7.708380
-7.708380
-4.906933
-6.440404
-6.804723
-7.708380
-6.086559
-7.708380
-7.708380
-7.530350
-6.844246
-7.708380
-7.573186
-7.573186
-6.617137
-7.708380
-7.708380
-7.131811
-7.538200
-6.700369
-7.708380
-7.445034
-7.212191
-7.708380
-2.853509
-7.708380
-7.708380
-5.243652
-7.708380
-4.578387
-7.708380
-7.708380
-7.530350
-7.140525
-7.708380
-7.708380
-6.757716
-6.419191
-7.530350
-7.238249
-7.708380
-7.708380
-7.346991
-7.708380
-7.708380
-7.708380
-7.320527
-7.708380
-7.708380
-5.991658
-5.754936
-7.708380
-7.708380
-7.708380
-7.708380
-6.172778
-7.708380
-7.708380
-7.013410
-7.708380
-7.708380
-7.708380
-7.708380
-7.530350
-7.190083
-7.708380
-5.791988
-7.708380
-7.708380
-7.708380
-7.345240
-7.708380
-7.708380
-7.708380
-6.791544
-7.708380
-6.907923
-7.708380
-7.708380
-7.346991
-7.708380
-7.708380
-6.566725
-7.708380
-7.708380
-7.708380
-6.852717
-7.708380
-7.708380
-7.708380
-6.852499
-7.708380
-7.708380
-7.573186
-7.708380
-7.708380
-7.708380
-7.708380
-7.708380
-7.708380
-7.708380
-6.886336
-6.948452
-7.506206
-7.708380
-7.346991
-7.708380
-7.708380
-7.708380
-7.708380
-1.957096
-7.573186
-6.305559
-6.858134
-7.708380
-7.708380
-7.395157
-5.576443
-7.708380
-7.708380
-7.708380
-5.221278
-7.708380
-7.708380
-7.708380
-7.708380
-6.058237
-3.969863
-7.238249
-7.373442
-7.708380
-7.395157
-7.708380
-7.346991
-7.708380
-7.708380
-7.708380
-7.708380
-7.346991
-3.297548
-7.530350
-7.211798
-7.708380
-7.708380
-7.708380
-2.874427
-7.708380
-7.708380
-7.274854
-7.708380
-7.708380
-7.708380
-7.708380
-7.708380
-7.708380
-2.947214
-7.346991
-7.708380
-2.522955
-7.708380
-7.708380
-7.708380
-7.708380
-7.345240
-6.225572
-7.274854
-7.708380
-7.708380
-7.708380
-7.708380
-7.573186
-7.708380
-7.096824
-7.708380
-7.708380
-7.252959
-5.661332
-7.708380
-7.538200
-7.708380
-7.708380
-7.708380
-1.195466
-7.538200
-7.708380
-6.926737
-7.708380
-7.708380
-7.708380
-7.445918
-7.708380
-7.708380
-7.708380
-7.708380
-7.708380
-7.708380
-7.708380
-7.035487
-7.462010
-7.708380
-6.358902
-7.708380
-7.126892
-7.573186
-2.247605
-5.266504
-7.190083
-7.708380
-7.708380
-7.708380
-6.858609
-7.708380
-7.096824
-7.530350
-7.083645
-7.708380
-7.708380
-7.530350
-7.708380
-7.708380
-7.708380
-7.708380
-7.708380
-5.855936
-7.360170
-7.708380
-7.708380
-7.708380
-3.478413
-7.096824
-7.708380
-7.708380
-6.903864
-7.708380
-7.267004
-7.708380
-7.708380
-7.708380
-7.708380
-7.708380
-7.238249
-7.708380
-7.445034
-7.096824
-7.131811
-7.708380
-6.974903
-7.538200
-7.530350
-7.708380
-7.708380
-7.708380
-7.110096
-5.590571
-7.013410
-7.708380
-7.708380
-7.201864
-7.708380
-7.708380
-7.708380
-7.708380
-7.708380
-7.708380
-7.538200
-6.437023
-2.551032
-7.708380
-7.708380
-7.708380
-5.171200
-7.708380
-7.708380
-7.538200
-7.708380
-7.708380
-7.708380
-5.536976
-7.708380
-7.708380
-7.708380
-7.708380
-7.708380
-7.708380
-7.708380
-7.708380
-7.708380
-6.690699
-7.708380
-7.708380
-7.708380
-6.253502
-7.530350
-7.708380
-7.708380
-7.445034
-7.708380
-2.628337
-7.530350
-7.708380
-7.538200
-7.708380
-6.868300
-7.708380
-5.599902
-7.530350
-7.708380
-7.175333
-5.130758
-7.708380
-7.708380
-7.538200
-7.708380
-7.708380
-7.708380
-7.403006
-7.708380
-7.708380
-7.708380
-7.708380
-7.708380
-7.708380
-7.708380
-7.708380
-7.708380
-7.708380
2.196424
-6.291564
-6.739102
-7.708380
-7.515420
-7.708380
-7.708380
-6.366817
-7.708380
-0.152977
-7.708380
-7.708380
-7.506206
-7.708380
-7.708380
-7.708380
-7.708380
-7.238249
-6.177406
-7.708380
-7.274854
-2.615706
-7.708380
-7.708380
-6.595263
-7.708380
-5.712932
-7.708380
-7.708380
-7.708380
-7.708380
-7.708380
-7.530350
-7.708380
-7.708380
-7.708380
-5.832007
-7.708380
-7.708380
-7.267004
-7.515420
-7.299862
-3.215623
-7.708380
-7.708380
-7.211798
-7.538200
-7.708380
-7.302692
-7.708380
-7.708380
-7.708380
-7.708380
-7.373442
-7.708380
-7.708380
-7.708380
-5.900434
-5.753734
-3.330377
-7.708380
-7.708380
-7.708380
-7.530350
-7.708380
-7.708380
-7.708380
-7.708380
-7.708380
-7.708380
-7.708380
-3.640937
-4.196851
-7.708380
-7.708380
-7.538200
-7.708380
-2.827034
-7.708380
-7.096824
-7.131811
-7.708380
-7.708380
-7.083645
-6.652505
-7.573186
-7.708380
-7.708380
-7.708380
-7.274854
-7.708380
-7.708380
-7.708380
-6.939916
-7.708380
-7.708380
-7.708380
-7.708380
-7.708380
-7.538200
-7.708380
-7.530350
-7.708380
-7.515420
-7.708380
-4.907594
-7.395157
-7.708380
-5.392945
-7.708380
-5.936923
-7.708380
-7.708380
-5.234590
-5.834648
-5.599400
-7.009625
-7.708380
-7.708380
-7.708380
-7.708380
-2.494291
-7.708380
-7.708380
-6.759457
-6.961631
-7.708380
-7.708380
-4.026925
1.507747
-7.395157
-7.708380
-7.708380
-7.708380
-7.708380
-7.708380
-7.708380
-3.136699
-7.708380
-7.708380
-7.708380
-7.096824
0.586968
-7.708380
-6.488918
-7.708380
-7.708380
-6.316341
-7.708380
-2.896382
-7.708380
-3.285635
-7.708380
-7.708380
-7.708380
-6.589371
-6.759457
-7.708380
-7.340095
-7.708380
-5.605190
-7.708380
-7.054890
-7.708380
-7.708380
-7.708380
-6.280724
-7.522128
-7.708380
-7.708380
-5.360352
-7.708380
-7.708380
-7.708380
-7.708380
-7.538200
-7.708380
-2.478610
-7.708380
-7.708380
-6.647729
-7.708380
-7.708380
-7.708380
-7.708380
-6.791544
-7.708380
-7.708380
-6.474655
-5.637463
-7.054890
-7.708380
-7.708380
-7.708380
-7.708380
-7.030650
-7.708380
-7.573186
-7.490949
-7.530350
-6.960952
-7.538200
-7.708380
-7.708380
-7.538200
-7.267004
-2.389535
-7.573186
-7.708380
-7.708380
-7.708380
-7.708380
-7.708380
-3.370798
-6.852539
-7.708380
-7.708380
-7.708380
-7.708380
-7.708380
-7.708380
-7.538200
-7.708380
-7.708380
-7.346991
-7.708380
-7.445034
-7.708380
-7.708380
-7.708380
-7.708380
-7.708380
-7.708380
-7.708380
-7.708380
-6.493753
-7.190083
-7.708380
-0.970039
-7.708380
-6.732235
-5.681611
-7.708380
-7.131811
-7.708380
-7.708380
-7.708380
-7.708380
-7.708380
-6.621364
-7.708380
-7.530350
-7.211798
-7.708380
-7.346991
-7.708380
-6.410492
-7.708380
-7.708380
-7.708380
-7.708380
-7.708380
-6.121398
-7.708380
-7.708380
-7.708380
-7.708380
-7.708380
-3.779124
-7.708380
-7.708380
-7.538200
-7.708380
-7.708380
-7.051093
-7.530350
-7.708380
-7.708380
-7.708380
-7.538200
-7.708380
-7.708380
-7.708380
-7.054890
-7.708380
-7.708380
-7.518125
-7.708380
-7.708380
-4.016226
-7.708380
-6.867428
-7.708380
-7.445034
-7.708380
-7.538200
-7.708380
-7.708380
-7.708380
-7.708380
-7.346991
-7.538200
-7.708380
-7.708380
-7.708380
-4.588071
-7.530350
-7.708380
-7.538200
-7.274854
-7.708380
-7.346991
-7.530350
-7.708380
-5.866490
-7.708380
-7.530350
-7.708380
-6.960952
-7.708380
-7.708380
-7.346991
-4.133831
-7.708380
-7.708380
-7.538200
-7.708380
-7.538200
-7.708380
-7.708380
-7.307805
-7.708380
-7.202197
-7.708380
-7.538200
-4.098966
-7.708380
-6.182330
-7.395157
-7.708380
-7.009625
-7.708380
-5.634743
-7.708380
-7.708380
-7.530350
-7.708380
-7.708380
-7.224977
-7.708380
-7.708380
0.103129
-7.530350
-6.484357
-7.708380
-7.238249
-7.515420
-6.659098
-7.708380
-6.464111
-7.530350
-7.708380
-7.708380
-7.530350
-6.786070
-7.708380
-4.084514
-7.708380
-7.708380
-7.708380
-7.346991
-7.708380
-7.276757
-2.215006
-7.573186
-7.708380
-6.852717
-7.515420
-7.708380
-7.708380
-7.190083
-7.708380
-7.708380
-5.408616
-7.708380
-7.708380
-7.708380
-7.708380
-7.708380
-7.708380
-7.708380
-6.852717
-7.708380
-7.708380
-7.708380
-7.708380
-7.346991
-7.708380
-7.708380
-7.708380
-7.708380
-3.621888
-7.708380
-0.548203
-6.901175
-7.708380
-5.362644
-7.708380
-1.857884
-7.708380
-6.401949
-7.708380
-7.081894
-7.064831
-7.708380
-7.708380
-7.708380
-7.708380
-7.708380
-5.647877
-7.309840
-7.708380
-7.708380
-5.973545
-7.211798
-7.708380
-5.347538
-7.708380
-7.708380
-7.708380
-7.708380
-7.519679
-7.708380
-7.538200
-7.708380
-7.708380
-7.708380
-7.346991
-1.595169
-5.861664
-7.708380
-7.708380
-5.117542
-7.708380
-7.708380
-6.987910
-7.708380
-7.346991
-6.238844
-7.708380
-7.242860
-7.538200
-7.267004
-7.708380
-7.538200
-7.573186
-7.708380
-6.717120
-7.708380
-7.530350
-7.708380
-7.238249
-7.708380
-7.178626
-5.614844
-7.708380
-7.708380
-7.708380
-7.708380
-6.768671
-7.530350
-7.708380
-7.708380
-7.538200
-6.262765
-7.708380
-7.708380
-7.708380
-7.708380
-6.879591
-7.708380
-7.708380
-7.274854
-7.708380
-7.027637
-7.708380
-7.530350
-7.708380
-7.708380
-7.708380
-7.708380
-7.708380
-7.708380
-7.708380
-7.708380
-7.708380
-7.708380
-7.708380
-7.238249
-7.708380
-6.625024
-7.708380
-5.868536
-7.708380
-6.542865
-7.036352
-7.708380
-7.708380
-7.708380
-7.708380
-7.708380
-7.708380
-7.708380
-6.862810
-3.547136
-7.708380
-7.530350
-7.708380
-7.708380
-4.652770
-0.567905
-7.708380
-7.346991
-5.014399
-7.708380
-5.605976
-7.708380
-7.708380
-7.708380
-7.708380
-7.190083
-7.708380
-7.708380
-7.530350
-6.583534
-7.346991
-6.059643
-7.708380
-7.530350
-7.708380
-7.242860
-7.708380
-7.708380
-7.573186
-7.054890
-6.031859
-7.708380
-7.708380
-7.538200
-6.602549
-7.708380
-7.708380
-7.192983
-7.708380
-7.708380
-7.708380
-7.035487
-7.395157
-7.708380
-7.708380
-7.708380
-4.133286
-7.708380
-6.395569
-7.573186
-7.708380
-7.530350
-7.708380
-7.310725
-6.068664
-7.708380
-7.346991
-7.708380
-7.708380
-7.708380
-7.708380
-7.573186
-7.530350
-7.708380
0.223017
-7.708380
-6.206192
-7.708380
-6.396464
-7.708380
-7.708380
-0.541412
-7.573186
-7.708380
-7.708380
-7.343791
-7.068069
-6.165943
-7.708380
-5.640488
-7.238249
-5.621425
-7.211798
-7.530350
-7.708380
-7.708380
-5.700682
-7.708380
-7.395157
-6.892444
-7.373442
-7.708380
-7.274854
-7.708380
-7.573186
-7.708380
-4.245673
-7.708380
-7.708380
-6.953617
-7.530350
-6.857457
-1.779647
-7.708380
-7.708380
-7.708380
-7.708380
-7.708380
-7.708380
-7.708380
-7.708380
-7.708380
-7.360170
-7.708380
-7.708380
-7.708380
-5.697790
-7.708380
-7.708380
-7.708380
-7.530350
-7.708380
-7.395157
-7.708380
-7.708380
-6.190678
-7.708380
-7.708380
-7.708380
-7.708380
-7.538200
-7.708380
-7.515420
-7.538200
-7.708380
-7.708380
-7.530350
-2.203345
-7.708380
-7.708380
-7.403006
-7.190083
-7.708380
-2.250182
-7.708380
-7.573186
-7.708380
-5.806506
-7.708380
-7.708380
-7.708380
-2.719499
-7.708380
-7.708380
-5.955828
-7.708380
-7.708380
-7.708380
-7.708380
-7.708380
-4.074451
-1.743157
-7.346991
-7.708380
-7.445034
-7.708380
-7.708380
-7.708380
-7.079353
-7.484619
-7.346991
-7.708380
-6.679733
-6.299428
-7.708380
-7.538200
-6.076681
-7.708380
-7.708380
-7.708380
-7.708380
-7.515420
-7.708380
-7.708380
-3.150115
-7.708380
-6.881212
-7.530350
-7.708380
-6.659098
-7.708380
-7.708380
-7.708380
-7.708380
-7.708380
-7.068069
-7.395157
-6.987910
-6.709085
-7.708380
-5.892003
-7.708380
-6.887365
-7.708380
-7.708380
-7.708380
-7.708380
-7.530350
-7.708380
-7.346991
-7.708380
-7.708380
-7.708380
1.345036
-5.462995
-6.450338
-7.708380
-7.708380
-7.708380
-7.708380
2.280025
-7.096824
-7.708380
-7.538200
-7.708380
-7.708380
-7.708380
-7.708380
-7.708380
-7.708380
-6.507282
-7.238249
-7.708380
-7.360170
-7.708380
-7.708380
-7.708380
-7.395157
-7.708380
-7.009625
-7.708380
-7.708380
-7.708380
-5.553660
-7.708380
-6.948452
-7.708380
-7.708380
-5.294380
-7.708380
4.916112
-7.573186
-7.708380
-7.492835
-7.006589
-7.708380
-7.708380
-4.105890
-7.274854
-7.708380
-7.708380
-7.096824
-7.144818
-7.708380
-7.708380
-7.708380
-7.708380
-7.274854
-7.708380
-7.708380
-5.369980
-7.708380
-7.708380
-6.604128
-7.708380
-7.708380
-7.333820
-3.346341
-7.708380
-7.708380
-7.708380
-7.708380
-7.530350
-7.708380
-2.089582
-7.708380
-7.708380
-7.708380
-7.708380
-7.708380
-7.708380
-7.708380
-7.373442
-7.274854
-5.667682
-7.708380
-7.274854
-7.530350
-7.708380
-7.708380
-7.708380
-7.274854
-7.530350
-7.708380
-7.345240
0.230652
-7.708380
-7.708380
-7.708380
-7.708380
-7.708380
-5.818325
-6.051730
-7.538200
-7.395157
-7.573186
-7.708380
-7.708380
-7.708380
-7.708380
-5.301454
-7.708380
-7.708380
-7.096824
-7.538200
-7.708380
-7.708380
-7.708380
-7.708380
-7.538200
-7.708380
-5.414466
-7.395157
-7.708380
-7.708380
-7.708380
-7.708380
-7.708380
-7.403006
-7.708380
-7.708380
-7.708380
-7.538200
-7.224977
-7.708380
-7.708380
-7.708380
-7.708380
-7.708380
-6.354662
-7.708380
-7.708380
-7.708380
-6.281610
-7.708380
-7.211798
-7.388157
-7.708380
1.362295
-7.708380
-7.708380
-7.708380
-7.708380
-7.216523
-5.859204
-0.736566
-7.708380
-7.708380
-7.538200
-7.708380
-7.346991
-7.538200
-7.708380
-7.708380
-7.280312
-7.708380
-7.708380
-4.596689
-7.360170
-7.708380
-7.708380
-7.708380
-7.373442
-7.708380
-7.708380
-7.538200
-2.292925
-7.708380
-7.708380
-7.708380
-7.096824
-7.708380
-7.708380
-6.276814
-7.708380
-7.538200
-7.708380
-7.708380
-7.708380
-7.708380
-7.708380
-7.708380
-7.708380
-7.708380
-5.364181
-0.859773
-5.258950
-6.833314
-4.773410
-7.708380
-7.708380
-7.708380
-7.211798
-7.708380
-7.708380
-7.708380
-5.379950
-7.708380
-7.708380
-3.058872
-5.515048
-6.961631
-7.395157
-7.708380
-7.708380
-7.382932
-7.708380
-7.573186
-7.395157
-7.515420
-6.274442
-7.708380
-7.708380
-7.708380
-6.408363
-7.530350
-7.274854
-2.452671
-7.530350
-7.708380
-7.380227
-7.708380
-7.708380
-7.708380
-7.708380
-7.708380
-7.708380
-7.708380
-7.530350
-6.466721
-7.189972
-7.708380
-7.211798
-7.081894
-7.708380
3.350472
-7.708380
-7.708380
-7.708380
-7.708380
-7.708380
-5.992510
-7.372960
-7.530350
-7.708380
-7.708380
-7.708380
-3.468996
-7.325741
-7.190083
-7.708380
-6.929637
-6.591164
-7.708380
-7.708380
-7.573186
-7.708380
-7.708380
-6.225389
-7.708380
-7.708380
-7.708380
-7.538200
-7.708380
-7.708380
0.785775
-7.708380
-6.565356
-5.619376
-7.495652
-6.939916
-6.972431
-7.515420
-6.628062
-7.037106
-7.708380
-7.708380
-7.708380
-7.708380
-7.708380
-7.708380
-7.530350
-7.190083
-7.708380
-7.373442
-7.708380
-7.345240
-4.552697
-7.395157
-7.573186
-7.708380
-6.068664
-5.216644
-7.274854
-7.708380
-7.708380
-7.708380
-7.708380
-6.722264
-6.154432
-7.708380
-7.708380
-7.708380
-5.373225
-5.412637
-7.708380
-7.477892
-7.708380
-7.708380
-7.573186
-7.515420
-7.708380
-7.708380
-7.708380
-7.308804
-7.708380
-7.192983
-7.708380
-7.530350
-7.538200
-7.708380
-7.708380
-7.708380
1.426515
-7.708380
-7.346991
-7.708380
-7.708380
-7.708380
-7.708380
-7.708380
-7.573186
-7.530350
-7.291660
-7.274854
-7.708380
-7.708380
-7.708380
-7.708380
-7.083645
-7.708380
-7.708380
-7.708380
-7.009625
-7.708380
-7.708380
-7.708380
-6.563598
-7.708380
-7.708380
-7.346991
-7.708380
-7.708380
-7.708380
-7.274854
-7.708380
-7.708380
-7.708380
-7.054890
-7.708380
3.490512
-7.708380
-5.608793
-7.708380
-3.396645
-7.708380
-7.708380
-7.708380
-7.708380
-7.708380
-7.708380
-7.708380
-7.330797
-7.708380
-7.708380
-5.306282
-7.274854
-7.708380
-7.274854
-7.708380
-7.708380
-7.538200
-7.346991
-7.708380
-7.708380
-5.493357
-7.538200
-7.708380
-7.708380
-7.708380
-7.274854
-7.403006
-7.530350
-7.708380
-7.708380
-7.708380
-7.708380
-7.708380
-7.708380
-6.943534
-5.433825
-2.072269
-7.708380
-7.708380
-7.708380
-7.708380
-7.708380
-7.708380
-7.708380
-7.009625
-7.708380
-7.538200
-7.708380
-5.395303
-7.708380
-7.708380
-0.719101
-2.994118
-7.190083
-7.708380
-7.708380
-7.573186
-7.190083
-7.708380
-7.276757
-7.346991
-7.708380
-7.708380
-7.708380
-7.346991
-7.708380
-7.346991
-7.395157
-7.708380
-7.708380
-6.671651
-7.573186
-7.708380
-4.530044
-7.708380
-7.708380
-5.571775
-7.708380
-7.708380
-7.538200
-6.913465
-7.515420
-7.708380
-7.538200
-7.708380
-7.708380
-7.708380
-7.708380
-7.708380
-7.708380
-7.708380
-7.708380
-6.610609
-7.708380
-7.708380
-7.538200
-7.708380
-7.708380
-7.708380
-7.346991
-6.624898
-7.469013
-7.708380
-7.708380
4.226929
-7.708380
-6.158002
-7.708380
-7.708380
-6.560452
-7.708380
-7.708380
-6.984932
-7.708380
-7.708380
-7.054890
-5.555447
-7.708380
-7.708380
-7.345240
-7.096824
-4.343063
-7.708380
-7.345240
-7.538200
-7.530350
-7.330797
-7.346991
-7.158837
-2.968055
-7.708380
-7.708380
-7.708380
-7.708380
-2.010251
-7.708380
-7.708380
-7.139660
-7.708380
-7.708380
-6.913465
-7.708380
-7.708380
-7.708380
-7.708380
-7.708380
-7.708380
-6.955412
-7.538200
-7.573186
-7.708380
-7.708380
-5.857869
-7.708380
-6.950717
-7.708380
-7.708380
-7.538200
-7.708380
-7.708380
-7.708380
-7.708380
-7.708380
-7.708380
-7.708380
-7.708380
-7.573186
-5.586446
-5.563880
-7.708380
-7.708380
-7.211798
-7.708380
-1.485488
-7.708380
-7.708380
-4.216911
-7.708380
-7.708380
-7.708380
-7.708380
-7.708380
-7.708380
-7.708380
-7.708380
-7.708380
-7.538200
-7.708380
-7.708380
-7.211798
-7.117596
-7.573186
-7.708380
-7.708380
-4.826062
-7.211798
-7.708380
-7.346991
-7.708380
-7.708380
-5.390962
-7.708380
-7.708380
-7.538200
-7.708380
-7.708380
-6.722264
-7.708380
-7.530350
-7.708380
-7.708380
-7.538200
-7.708380
-7.035487
-7.708380
-7.346991
-7.708380
-7.708380
-7.708380
-7.708380
-7.274854
-7.274854
-7.708380
-7.708380
-7.211798
-7.708380
-7.708380
-7.708380
-7.708380
-7.708380
-7.573186
-5.212322
-7.530350
-7.708380
-0.900182
-7.708380
-7.530350
-7.708380
-7.708380
-7.708380
-7.708380
-2.516417
-6.072639
-7.211798
-7.708380
-7.708380
-7.708380
-5.549253
-7.708380
-7.708380
-7.708380
-6.641845
-7.538200
-7.708380
-7.708380
-7.708380
4.034108
-7.573186
-7.515420
-7.708380
-7.708380
-7.708380
-3.152129
-7.708380
-7.708380
-7.708380
-7.538200
-7.708380
-7.708380
-7.708380
-7.708380
-7.708380
-7.708380
-7.530350
-7.708380
-7.346991
-7.708380
-7.708380
-7.708380
-7.708380
-7.130774
-7.708380
-7.708380
-7.708380
-7.708380
-7.708380
-7.395157
-7.708380
-7.708380
-7.708380
-7.708380
-7.315745
-7.395157
-7.708380
-7.708380
-7.708380
-7.445034
-7.708380
-5.934909
-7.708380
-5.307847
-7.238249
-7.708380
-7.708380
-7.708380
-7.708380
-7.011943
-7.708380
-7.708380
-7.708380
-7.054890
-5.905183
-7.708380
-7.708380
-7.708380
-7.708380
-7.708380
-7.708380
-7.708380
-7.538200
-7.708380
-7.346991
-7.708380
-7.538200
-7.708380
-6.659098
-3.221649
-7.708380
-6.282551
-7.345240
-7.708380
-7.708380
-7.708380
-7.708380
-7.708380
-7.708380
-6.929637
-7.708380
-7.538200
-7.708380
-7.136410
-2.042459
-7.708380
-4.042795
-7.708380
-7.708380
-7.708380
-7.708380
-7.708380
-7.708380
-7.530350
-7.708380
-7.143037
-7.708380
-7.708380
-7.708380
-7.708380
-7.708380
-7.708380
-7.708380
-7.708380
-7.274854
-7.708380
-6.722264
-7.538200
-7.708380
-7.211798
-7.538200
-4.908361
-7.708380
-7.573186
