25194, 9524, 25285, 9930, 77312, 80909, 20085, 62361, 9280, 69738, 38748, 83119, 79234, 35381, 82920, 131411, 80833, 10772, 17430, 72034, 79947, 9405, 83344, 79278
Feature count is 24
Criterion1 result is ObjectIndex = 846, Distance = -0.8685410294023666090194707845, Value = 0.6302021440810710449105668524
Boundary = -0.8442682585401380665787263196
-2.938687
-2.253319
-2.938687
-2.938687
-2.938687
-2.938687
-2.938687
-2.938687
-2.938687
-2.938687
-2.938687
-2.938687
-2.938687
-2.253319
-2.938687
-2.938687
-2.938687
-2.938687
-2.938687
-2.304696
-2.938687
-2.938687
-2.938687
-2.938687
-2.938687
-2.938687
-2.938687
-2.938687
-2.938687
-2.938687
-2.938687
-2.938687
-2.938687
-2.938687
-2.938687
-2.507419
-2.938687
-2.938687
-2.938687
-2.938687
-2.938687
-2.740288
-2.938687
-2.938687
-2.938687
-2.938687
-2.938687
-2.938687
-2.938687
-2.938687
-2.938687
-2.938687
-2.938687
-2.938687
-2.938687
-2.938687
-2.675166
-2.938687
-1.295483
-2.730158
-2.938687
-2.938687
-2.938687
-2.938687
-2.938687
-2.938687
-2.938687
-2.938687
-2.938687
-2.938687
-2.938687
-2.938687
-2.938687
-2.938687
-2.938687
-2.748349
-2.938687
-2.938687
-2.938687
-2.938687
-2.938687
-2.938687
-2.938687
-2.938687
-2.938687
1.801496
-2.253319
-2.938687
-2.938687
-2.938687
-2.938687
-2.938687
-2.938687
-2.938687
-2.938687
-2.938687
-2.938687
-2.938687
-2.938687
-2.938687
-2.938687
-2.938687
-2.733402
-2.938687
-2.938687
-2.938687
-1.816219
-0.333570
-2.938687
-2.938687
-2.938687
-2.938687
-2.938687
-2.938687
-2.938687
-2.938687
-2.938687
-2.938687
-2.938687
-2.938687
-2.938687
-2.938687
-1.322509
-2.938687
-2.938687
-2.938687
-2.938687
-2.938687
-2.938687
-2.938687
-2.938687
-2.938687
-2.938687
-2.938687
-2.938687
-2.938687
-0.522053
-2.938687
-2.938687
-2.938687
-2.938687
-1.559949
-2.253319
-2.938687
-2.938687
-2.938687
-2.938687
-2.938687
-2.938687
-2.938687
-2.938687
-2.938687
-2.938687
-2.938687
-2.938687
-2.938687
-2.938687
-2.938687
-2.730158
-2.938687
-2.938687
-2.938687
-2.733402
-2.938687
-2.938687
-2.938687
-2.938687
-2.333457
-2.938687
-2.938687
-2.938687
-2.938687
-2.938687
-2.938687
-2.938687
-2.938687
-2.938687
-2.938687
-2.067068
-2.938687
-2.938687
-2.938687
-2.938687
-2.938687
-2.938687
-2.938687
-2.938687
-2.938687
-2.938687
-2.938687
-2.938687
-2.938687
-2.938687
-2.938687
-2.938687
-2.938687
-2.938687
-2.938687
-2.938687
-2.938687
-2.938687
-2.938687
-2.938687
-2.938687
-2.938687
-2.938687
-2.938687
-2.938687
-2.938687
-2.938687
-2.938687
-2.938687
-2.938687
-2.938687
-2.938687
-2.938687
-2.938687
-2.938687
-2.938687
-2.938687
-2.938687
-2.938687
-2.728762
-2.938687
-2.649001
-2.938687
-2.938687
-2.938687
-2.938687
-2.067068
-2.938687
-2.938687
-2.938687
-2.675166
-2.938687
-2.938687
-2.938687
-2.938687
-2.067476
-2.523477
-2.938687
-2.938687
-2.938687
-2.938687
-2.938687
-2.938687
-2.938687
-2.938687
-2.938687
-2.938687
-2.938687
-1.936589
-2.938687
-2.938687
-2.938687
-2.938687
-2.938687
-1.034480
-2.938687
-2.938687
-2.938687
-2.938687
-2.938687
-2.938687
-2.938687
-2.938687
-2.938687
-2.938687
-2.938687
-2.938687
-2.938687
-2.938687
-2.938687
-2.938687
-2.938687
-2.938687
-2.938687
-2.938687
-2.938687
-2.938687
-2.938687
-2.938687
-2.938687
-2.938687
-2.938687
-2.938687
-2.938687
-2.938687
-2.938687
-2.938687
-2.938687
-2.938687
-2.938687
-2.938687
-0.275072
-2.938687
-2.938687
-2.938687
-2.938687
-2.938687
-2.938687
-2.938687
-2.938687
-2.938687
-2.938687
-2.938687
-2.938687
-2.938687
-2.938687
-2.938687
-2.938687
-2.938687
-2.938687
-2.938687
-2.938687
-2.938687
-1.075536
-2.263535
-2.938687
-2.938687
-2.938687
-2.938687
-2.938687
-2.938687
-2.938687
-2.938687
-2.938687
-2.938687
-2.938687
-2.938687
-2.938687
-2.938687
-2.938687
-2.938687
-2.938687
-2.253319
-2.938687
-2.938687
-2.938687
-2.938687
-0.885075
-2.938687
-2.938687
-2.938687
-2.938687
-2.938687
-2.938687
-2.938687
-2.938687
-2.938687
-2.938687
-2.938687
-2.938687
-2.938687
-2.938687
-2.938687
-2.938687
-2.938687
-2.938687
-2.938687
-2.938687
-2.938687
-2.938687
-2.938687
-2.938687
-2.675166
-2.938687
-2.938687
-2.938687
-2.938687
-2.938687
-2.938687
-2.938687
-2.938687
-2.938687
-2.938687
-2.938687
-2.938687
-0.819995
-2.938687
-2.938687
-2.938687
-2.740288
-2.938687
-2.938687
-2.938687
-2.938687
-2.938687
-2.938687
-2.512284
-2.938687
-2.938687
-2.938687
-2.938687
-2.938687
-2.938687
-2.938687
-2.938687
-2.938687
-2.938687
-2.938687
-2.938687
-2.938687
-2.938687
-2.938687
-2.938687
-2.938687
-2.938687
-2.938687
-2.938687
-2.938687
-2.938687
-2.938687
-2.938687
-2.938687
-2.938687
-2.187081
-2.938687
-2.938687
-2.938687
-2.187081
-2.938687
-2.938687
-2.938687
-2.938687
-2.938687
-2.938687
-2.938687
-2.938687
-2.938687
-2.938687
-2.938687
-2.938687
-2.938687
-2.938687
-2.938687
-2.938687
-2.938687
-0.032851
-2.751212
-2.938687
-2.938687
-2.938687
-2.938687
-2.938687
-2.044791
-2.938687
0.938687
-2.938687
-2.938687
-2.938687
-2.938687
-2.938687
-2.938687
-2.938687
-2.938687
-2.067883
-2.938687
-2.938687
-2.938687
-2.938687
-2.938687
-2.728762
-2.938687
-2.253319
-2.938687
-2.938687
-2.938687
-2.938687
-2.938687
-2.938687
-2.938687
-2.938687
-2.938687
-2.938687
-2.938687
-2.938687
-2.938687
-2.938687
-2.253319
-2.523477
-2.938687
-2.938687
-2.938687
-2.938687
-2.938687
-2.253319
-2.938687
-2.938687
-2.938687
-2.938687
-2.938687
-2.938687
-2.938687
-2.938687
-2.938687
-2.753251
-1.142290
-2.938687
-2.938687
-2.938687
-2.938687
-2.938687
-2.938687
-2.938687
-2.938687
-2.938687
-2.938687
-2.938687
-1.725704
-1.401009
-2.938687
-2.938687
-2.938687
-2.938687
-1.838109
-2.938687
-2.938687
-2.938687
-2.938687
-2.938687
-2.938687
-2.938687
-2.938687
-2.938687
-2.938687
-2.938687
-2.938687
-2.938687
-2.938687
-2.938687
-2.938687
-2.938687
-2.938687
-2.938687
-2.938687
-2.938687
-2.938687
-2.938687
-2.938687
-2.938687
-2.751212
-2.938687
-2.938687
-2.938687
-2.938687
-1.868669
-2.938687
-2.730158
-2.938687
-2.938687
-2.450602
-1.428766
-2.938687
-2.938687
-2.938687
-2.938687
-2.938687
-2.938687
-2.535003
-2.938687
-2.938687
-2.938687
-2.938687
-2.938687
-2.938687
-1.971536
0.797427
-2.938687
-2.938687
-2.938687
-2.938687
-2.938687
-2.938687
-2.938687
0.825190
-2.938687
-2.938687
-2.938687
-2.938687
-1.385010
-2.938687
-2.938687
-2.938687
-2.938687
-2.675166
-2.938687
-0.818161
-2.938687
-1.812010
-2.938687
-2.938687
-2.938687
-2.938687
-2.938687
-2.938687
-2.443791
-2.938687
-2.938687
-2.938687
-2.938687
-2.938687
-2.938687
-2.938687
-2.938687
-2.938687
-2.938687
-2.938687
-2.938687
-2.938687
-2.938687
-2.938687
-2.938687
-2.938687
-2.938687
-2.938687
-2.938687
-2.938687
-2.938687
-2.938687
-2.938687
-2.938687
-2.938687
-2.938687
-2.938687
-2.938687
-2.044791
-2.730158
-2.938687
-2.938687
-2.938687
-2.938687
-2.938687
-2.938687
-2.938687
-2.938687
-2.938687
-2.938687
-2.938687
-2.938687
-2.938687
-2.938687
-2.938687
-2.938687
-1.981796
-2.938687
-2.938687
-2.938687
-2.938687
-2.938687
-2.938687
-1.182228
-2.938687
-2.938687
-2.938687
-2.938687
-2.938687
-2.938687
-2.938687
-2.938687
-2.938687
-2.938687
-2.938687
-2.938687
-2.938687
-2.938687
-2.938687
-2.938687
-2.938687
-2.938687
-2.938687
-2.938687
-2.938687
-2.938687
-2.938687
-2.938687
-1.784061
-2.938687
-2.938687
-2.187081
-2.938687
-2.938687
-2.938687
-2.938687
-2.938687
-2.938687
-2.938687
-2.938687
-2.938687
-2.938687
-2.938687
-2.938687
-2.938687
-2.938687
-2.938687
-2.938687
-2.938687
-2.938687
-2.938687
-2.938687
-2.938687
-2.938687
-2.938687
-2.938687
-2.938687
-2.938687
-2.200043
-2.938687
-2.938687
-2.938687
-2.938687
-2.938687
-2.938687
-2.938687
-2.938687
-2.938687
-2.938687
-2.938687
-2.938687
-2.938687
-2.938687
-2.938687
-2.938687
-2.938687
-2.938687
-2.938687
-2.938687
-2.034565
-2.938687
-2.938687
-2.938687
-2.938687
-2.938687
-2.938687
-2.938687
-2.938687
-2.938687
-2.938687
-2.938687
-2.938687
-2.938687
-2.938687
-2.938687
-1.100959
-2.938687
-2.938687
-2.938687
-2.938687
-2.938687
-2.938687
-2.938687
-2.938687
-2.938687
-2.938687
-2.938687
-2.938687
-2.938687
-2.938687
-2.938687
-2.938687
-1.971536
-2.938687
-2.938687
-2.938687
-2.938687
-2.938687
-2.938687
-2.938687
-2.004255
-2.938687
-2.938687
-2.938687
-2.938687
-1.373160
-2.938687
-2.253319
-2.938687
-2.938687
-2.938687
-2.938687
-2.253319
-2.938687
-2.938687
-2.938687
-2.938687
-2.938687
-2.938687
-2.938687
-2.938687
-0.664528
-2.938687
-2.515554
-2.938687
-2.938687
-2.938687
-2.938687
-2.938687
-2.938687
-2.938687
-2.938687
-2.938687
-2.938687
-2.938687
-2.938687
-1.181508
-2.938687
-2.938687
-2.938687
-2.938687
-2.938687
-2.938687
-0.573755
-2.938687
-2.938687
-2.938687
-2.938687
-2.938687
-2.938687
-2.938687
-2.938687
-2.938687
-2.459621
-2.938687
-2.938687
-2.938687
-2.938687
-2.938687
-2.938687
-2.938687
-2.938687
-2.938687
-2.938687
-2.938687
-2.938687
-2.938687
-2.938687
-2.938687
-2.938687
-2.938687
-2.728762
-2.938687
0.004721
-2.938687
-2.938687
-2.938687
-2.938687
-0.868541
-2.938687
-2.938687
-2.938687
-2.938687
-2.938687
-2.938687
-2.938687
-2.938687
-2.938687
-2.938687
-2.675166
-2.938687
-2.938687
-2.938687
-2.038715
-2.938687
-2.938687
-2.692855
-2.938687
-2.938687
-2.938687
-2.938687
-2.938687
-2.938687
-2.938687
-2.938687
-2.938687
-2.938687
-2.938687
-2.263535
-2.938687
-2.938687
-2.938687
-2.253319
-2.938687
-2.938687
-2.938687
-2.938687
-2.938687
-2.938687
-2.938687
-2.938687
-2.938687
-2.938687
-2.938687
-2.938687
-2.938687
-2.938687
-2.938687
-2.938687
-2.938687
-2.938687
-2.938687
-2.938687
-2.519301
-1.816219
-2.938687
-2.938687
-2.938687
-2.938687
-2.938687
-2.938687
-2.938687
-2.938687
-2.938687
-2.067476
-2.938687
-2.938687
-2.938687
-2.938687
-2.519301
-2.938687
-2.938687
-2.938687
-2.938687
-2.938687
-2.938687
-2.938687
-2.938687
-2.938687
-2.938687
-2.938687
-2.938687
-2.938687
-2.938687
-2.938687
-2.938687
-2.938687
-2.938687
-2.938687
-2.938687
-2.938687
-2.938687
-2.065845
-2.938687
-2.938687
-2.938687
-2.938687
-2.938687
-2.938687
-2.938687
-2.938687
-2.938687
-2.938687
-2.938687
-1.832489
-2.938687
-2.938687
-2.938687
-2.938687
-2.385480
1.276205
-2.938687
-2.938687
-2.048034
-2.938687
-2.752436
-2.938687
-2.938687
-2.938687
-2.938687
-2.938687
-2.938687
-2.938687
-2.733402
-2.675166
-2.938687
-2.649001
-2.938687
-2.938687
-2.938687
-2.938687
-2.938687
-2.938687
-2.938687
-2.938687
-2.938687
-2.938687
-2.938687
-2.938687
-2.938687
-2.938687
-2.938687
-2.938687
-2.938687
-2.938687
-2.938687
-2.938687
-2.938687
-2.938687
-2.938687
-2.938687
-1.803547
-2.938687
-2.938687
-2.938687
-2.938687
-2.938687
-2.938687
-2.938687
-2.523477
-2.938687
-2.938687
-2.938687
-2.938687
-2.938687
-2.938687
-2.938687
-2.938687
-2.938687
0.241903
-2.938687
-2.938687
-2.938687
-2.938687
-2.938687
-2.938687
-2.281201
-2.938687
-2.938687
-2.938687
-2.733402
-2.938687
-2.728762
-2.938687
-2.187081
-2.938687
-2.675166
-2.938687
-2.938687
-2.938687
-2.938687
-2.530363
-2.938687
-2.938687
-2.938687
-2.938687
-2.727829
-2.253319
-2.938687
-2.938687
-2.938687
-1.816219
-2.938687
-2.938687
-2.938687
-2.938687
-2.659582
-1.579184
-2.938687
-2.938687
-2.938687
-2.938687
-2.938687
-2.938687
-2.938687
-2.938687
-2.938687
-2.938687
-2.938687
-2.938687
-2.938687
-2.067068
-2.938687
-2.938687
-2.938687
-2.938687
-2.938687
-2.938687
-2.938687
-2.938687
-2.649001
-2.938687
-2.938687
-2.938687
-2.938687
-2.938687
-2.938687
-2.512284
-2.938687
-2.938687
-2.938687
-2.938687
-0.669691
-2.938687
-2.938687
-2.938687
-2.938687
-2.938687
-0.391501
-2.938687
-2.938687
-2.938687
-1.329918
-2.938687
-2.938687
-2.938687
-0.247778
-2.938687
-2.938687
-2.938687
-2.938687
-2.938687
-2.938687
-2.938687
-2.938687
-2.649001
-1.964650
-2.938687
-2.938687
-2.938687
-2.938687
-2.938687
-2.938687
-2.938687
-2.938687
-2.938687
-2.938687
-2.723142
-2.740288
-2.938687
-2.938687
-2.938687
-2.938687
-2.938687
-2.938687
-2.938687
-2.938687
-2.938687
-2.938687
-0.701551
-2.938687
-2.938687
-2.938687
-2.938687
-2.938687
-2.938687
-2.938687
-2.938687
-2.938687
-2.938687
-2.938687
-2.938687
-2.938687
-2.938687
-2.938687
-2.649001
-2.938687
-2.938687
-2.938687
-2.938687
-2.938687
-2.938687
-2.938687
-2.938687
-2.938687
-2.938687
-2.938687
-2.938687
0.538070
-1.184460
-2.938687
-2.938687
-2.938687
-2.938687
-2.938687
1.149138
-2.938687
-2.938687
-2.938687
-2.938687
-2.938687
-2.938687
-2.938687
-2.938687
-2.938687
-2.938687
-2.938687
-2.938687
-2.938687
-2.938687
-2.938687
-2.938687
-2.938687
-2.938687
-2.938687
-2.938687
-2.938687
-2.938687
-2.938687
-2.938687
-2.938687
-2.938687
-2.938687
-2.724083
-2.938687
2.565777
-2.938687
-2.938687
-2.253319
-2.938687
-2.938687
-2.938687
-1.838109
-2.938687
-2.938687
-2.938687
-2.938687
-2.938687
-2.938687
-2.938687
-2.938687
-2.938687
-2.938687
-2.938687
-2.938687
-2.139648
-2.938687
-2.938687
-2.938687
-2.938687
-2.938687
-2.938687
-1.838806
-2.938687
-2.938687
-2.938687
-2.938687
-2.938687
-2.938687
0.385043
-2.938687
-2.938687
-2.938687
-2.938687
-2.938687
-2.938687
-2.938687
-2.938687
-2.938687
-2.253319
-2.938687
-2.938687
-2.938687
-2.938687
-2.938687
-2.938687
-2.938687
-2.938687
-2.938687
-2.938687
-0.505985
-2.938687
-2.938687
-2.938687
-2.938687
-2.938687
-2.649001
-1.630782
-2.938687
-2.938687
-2.938687
-2.938687
-2.938687
-2.938687
-2.938687
-1.765234
-2.938687
-2.938687
-2.938687
-2.938687
-2.938687
-2.938687
-2.938687
-2.938687
-2.938687
-2.938687
-1.844063
-2.938687
-2.938687
-2.938687
-2.938687
-2.938687
-2.938687
-2.938687
-2.938687
-2.938687
-2.938687
-2.938687
-2.938687
-2.938687
-2.938687
-2.938687
-2.938687
-2.938687
-2.733402
-2.938687
-2.938687
-2.938687
-1.848153
-2.938687
-2.938687
-2.253319
-2.938687
0.399802
-2.938687
-2.938687
-2.938687
-2.938687
-2.938687
-2.338041
-2.938687
-2.938687
-2.938687
-2.938687
-2.938687
-2.938687
-2.938687
-2.938687
-2.938687
-2.938687
-2.938687
-2.938687
-2.044791
-2.938687
-2.938687
-2.938687
-2.938687
-2.938687
-2.938687
-2.938687
-2.938687
-2.547966
-2.938687
-2.938687
-2.938687
-2.938687
-2.938687
-2.938687
-2.938687
-2.938687
-2.938687
-2.938687
-2.938687
-2.938687
-2.938687
-2.938687
-2.938687
-2.938687
-2.938687
-2.938687
-0.281571
-2.385480
-2.938687
-2.253319
-2.938687
-2.938687
-2.938687
-2.938687
-2.938687
-2.938687
-2.938687
-2.733402
-2.938687
-2.938687
-1.510454
-1.974214
-2.938687
-2.938687
-2.938687
-2.938687
-2.938687
-2.938687
-2.938687
-2.938687
-2.938687
-2.938687
-2.938687
-2.938687
-2.938687
-2.938687
-2.938687
-2.938687
-1.963633
-2.938687
-2.938687
-2.938687
-2.938687
-2.938687
-2.938687
-2.938687
-2.938687
-2.938687
-2.938687
-2.938687
-2.938687
-2.938687
-2.938687
-2.938687
-2.938687
-2.938687
2.365747
-2.938687
-2.938687
-2.938687
-2.938687
-2.938687
-2.730158
-2.938687
-2.938687
-2.938687
-2.938687
-2.938687
-0.739896
-2.938687
-2.938687
-2.938687
-2.938687
-2.938687
-2.938687
-2.938687
-2.938687
-2.938687
-2.938687
-2.649001
-2.938687
-2.938687
-2.938687
-2.938687
-2.938687
-2.938687
0.004033
-2.938687
-2.938687
-2.938687
-2.938687
-2.938687
-2.938687
-2.938687
-2.938687
-2.938687
-2.938687
-2.938687
-2.938687
-2.938687
-2.938687
-2.938687
-2.938687
-2.938687
-2.938687
-2.938687
-2.938687
-2.938687
-2.450602
-2.938687
-2.938687
-2.938687
-2.253319
-2.450602
-2.938687
-2.938687
-2.938687
-2.938687
-2.938687
-2.938687
-2.253319
-2.938687
-2.938687
-2.938687
-2.938687
-2.675166
-2.938687
-2.938687
-2.938687
-2.938687
-2.938687
-2.512284
-2.938687
-2.938687
-2.938687
-2.938687
-2.938687
-2.733402
-2.938687
-2.938687
-2.938687
-2.938687
-2.938687
-2.938687
2.301319
-2.938687
-2.938687
-2.938687
-2.938687
-2.938687
-2.938687
-2.938687
-2.938687
-2.938687
-2.938687
-2.938687
-2.938687
-2.938687
-2.938687
-2.938687
-2.938687
-2.938687
-2.938687
-2.938687
-2.938687
-2.938687
-2.938687
-2.938687
-2.938687
-2.938687
-0.352987
-2.938687
-2.938687
-2.938687
-2.938687
-2.938687
-2.938687
-2.938687
-2.938687
-2.938687
-2.938687
2.258600
-2.938687
-2.728762
-2.938687
-2.938687
-2.938687
-2.938687
-2.938687
-2.938687
-2.938687
-2.938687
-2.938687
-2.727829
-2.938687
-2.938687
-2.938687
-2.938687
-2.938687
-2.938687
-2.938687
-2.938687
-2.938687
-2.938687
-2.938687
-2.938687
-2.728762
-2.938687
-2.938687
-2.938687
-2.938687
-2.938687
-2.938687
-2.938687
-2.938687
-2.938687
-2.938687
-2.938687
-2.938687
-2.938687
-2.938687
-2.753251
-0.060945
-2.938687
-2.938687
-2.938687
-2.938687
-2.938687
-2.938687
-2.938687
-2.938687
-2.938687
-2.938687
-2.938687
-1.833933
-2.938687
-2.938687
-0.434415
-0.000049
-2.938687
-2.938687
-2.938687
-2.938687
-2.938687
-2.938687
-2.938687
-2.938687
-2.938687
-2.938687
-2.938687
-2.938687
-2.938687
-2.938687
-2.938687
-2.938687
-2.938687
-2.733402
-2.938687
-2.938687
-2.723142
-2.938687
-2.938687
-2.938687
-2.938687
-2.938687
-2.938687
-2.938687
-2.938687
-2.938687
-2.938687
-2.938687
-2.938687
-2.938687
-2.938687
-2.938687
-2.938687
-2.938687
-2.938687
-2.253319
-2.938687
-2.938687
-2.938687
-2.938687
-2.938687
-2.938687
-2.938687
-2.938687
-2.938687
-2.938687
-2.938687
1.297115
-2.938687
-2.938687
-2.938687
-2.938687
-2.938687
-2.938687
-2.938687
-2.938687
-2.938687
-2.938687
-2.938687
-2.938687
-2.938687
-2.938687
-2.938687
-2.938687
-2.740288
-2.938687
-2.938687
-2.938687
-2.938687
-2.303755
-2.938687
-2.938687
-0.574164
-2.938687
-2.938687
-2.938687
-2.938687
-2.325078
-2.938687
-2.938687
-2.938687
-2.938687
-2.938687
-2.938687
-2.938687
-2.938687
-2.938687
-2.938687
-2.938687
-2.938687
-2.253319
-2.938687
-2.938687
-2.938687
-2.938687
-2.649001
-2.938687
-2.938687
-2.938687
-2.938687
-2.938687
-2.938687
-2.938687
-2.938687
-2.938687
-2.938687
-2.938687
-2.938687
-2.938687
-2.938687
-2.450602
-2.503820
-2.938687
-2.938687
-2.938687
-2.938687
-1.235186
-2.938687
-2.938687
-2.938687
-2.938687
-2.938687
-2.938687
-2.938687
-2.938687
-2.938687
-2.938687
-2.938687
-2.938687
-2.938687
-2.938687
-2.938687
-2.938687
-2.938687
-2.938687
-2.938687
-2.938687
-1.216308
-2.938687
-2.938687
-2.938687
-2.938687
-2.938687
-2.938687
-2.938687
-2.938687
-2.938687
-2.938687
-2.938687
-2.938687
-2.938687
-2.938687
-2.938687
-2.938687
-2.938687
-2.938687
-2.938687
-2.938687
-2.938687
-2.938687
-2.938687
-2.938687
-2.938687
-2.938687
-2.938687
-2.938687
-2.938687
-2.938687
-2.938687
-2.938687
-2.938687
-2.938687
-2.938687
-2.938687
-2.938687
-2.938687
-2.938687
-0.369073
-2.938687
-2.938687
-2.938687
-2.938687
-2.938687
-2.938687
-1.222607
-2.740288
-2.938687
-2.938687
-2.938687
-2.938687
-2.253319
-2.938687
-2.938687
-2.938687
-2.938687
-2.938687
-2.938687
-2.938687
-0.787446
2.751212
-2.938687
-2.938687
-2.938687
-2.938687
-2.938687
-2.938687
-2.938687
-2.938687
-2.938687
-2.938687
-2.938687
-2.938687
-2.938687
-2.938687
-2.938687
-2.938687
-2.938687
-2.938687
-2.938687
-2.938687
-2.938687
-2.938687
-2.938687
-2.938687
-2.938687
-2.938687
-2.938687
-2.938687
-2.938687
-2.938687
-2.938687
-2.938687
-2.938687
-2.938687
-2.938687
-2.938687
-2.938687
-2.938687
-2.938687
-2.938687
-2.938687
-2.253319
-2.938687
-2.253319
-2.938687
-2.938687
-2.938687
-2.938687
-2.938687
-2.938687
-2.938687
-2.938687
-2.938687
-2.938687
-2.001644
-2.938687
-2.938687
-2.938687
-2.938687
-2.938687
-2.938687
-2.938687
-2.938687
-2.938687
-2.938687
-2.938687
-2.938687
-2.938687
-2.938687
0.179199
-2.938687
-2.724083
-2.938687
-2.938687
-2.938687
-2.938687
-2.938687
-2.938687
-2.938687
-2.938687
-2.938687
-2.938687
-2.938687
-2.938687
0.995940
-2.938687
-2.728762
-2.938687
-2.938687
-2.938687
-2.938687
-2.938687
-2.938687
-2.938687
-2.938687
-2.938687
-2.938687
-2.938687
-2.938687
-2.938687
-2.938687
-2.938687
-2.938687
-2.938687
-2.938687
-2.938687
-2.938687
-2.938687
-2.938687
-2.938687
-2.938687
-2.385480
-2.938687
-2.938687
