80550, 73619, 102464, 132104, 61474, 79359, 80510, 103945, 25479, 24567, 77561, 106428, 79373, 80626, 102460, 55017, 80817, 80305, 131331, 29380, 26952, 27150, 77213, 29224
Feature count is 24
Criterion1 result is ObjectIndex = 194, Distance = -1.2554052689776625483010162769, Value = 0.6317207437732135181696696421
Boundary = -1.2528369851214405843625101008
-2.822677
-2.131335
-2.822677
-2.822677
-2.822677
-2.822677
-2.822677
-2.822677
-2.822677
-2.822677
-2.822677
-2.493729
-2.822677
-2.131335
-2.822677
-2.650482
-2.822677
-2.822677
-2.822677
-2.127917
-2.665925
-2.822677
-2.822677
-2.822677
-2.665925
-2.822677
-2.822677
-2.822677
-2.822677
-2.636018
-2.822677
-2.822677
-2.822677
-2.822677
-2.822677
-2.450316
-2.822677
-2.822677
-2.822677
-2.822677
-2.822677
-2.203598
-2.822677
-2.822677
-2.822677
-2.822677
-2.822677
-2.822677
-2.822677
-2.822677
-2.822677
-2.822677
-2.822677
-2.822677
-2.665925
-2.603520
-2.299419
-2.822677
0.222976
-2.405931
-2.822677
-2.665925
-2.822677
-2.822677
-2.822677
-2.822677
-2.822677
-2.822677
-2.822677
-2.822677
-2.822677
-2.822677
-2.822677
-2.822677
-2.822677
-2.665925
-2.822677
-2.822677
-2.822677
-2.039425
-2.822677
-2.822677
-2.822677
-2.822677
-2.822677
0.982003
-1.300157
-2.822677
-2.822677
-2.822677
-2.822677
-2.822677
-2.665925
-2.822677
-2.822677
-2.822677
-2.415636
-2.822677
-2.650482
-2.822677
-2.822677
-2.822677
-2.822677
-2.089230
-2.822677
-2.822677
-1.398344
-0.224978
-2.822677
-2.822677
-2.822677
-2.822677
-2.822677
-2.822677
-2.650482
-2.562684
-2.822677
-2.822677
-2.665925
-2.822677
-2.822677
-2.822677
-1.169336
-2.822677
-2.822677
-2.822677
-2.628367
-2.822677
-2.822677
-2.665925
-2.822677
-2.822677
-2.822677
-2.822677
-2.822677
-2.822677
-0.786228
-2.822677
-2.822677
-2.493729
-2.822677
-1.274375
-1.912178
-2.822677
-2.665925
-2.822677
-2.822677
-2.822677
-2.822677
-2.308387
-2.822677
-2.822677
-2.822677
-2.822677
-2.822677
-2.822677
-2.822677
-2.822677
-2.634794
-2.822677
-2.822677
-2.637335
-2.583251
-2.822677
-2.822677
-2.822677
-2.822677
-0.970565
-2.822677
-2.822677
-2.822677
-2.822677
-2.822677
-2.822677
-2.822677
-2.665925
-2.665925
-2.822677
-1.696569
-2.822677
-2.822677
-2.822677
-2.822677
-2.822677
-2.822677
-2.822677
-2.443024
-2.822677
-2.822677
-2.822677
-2.822677
-2.822677
-2.822677
-2.822677
-1.255405
-2.822677
-2.822677
-2.822677
-2.665925
-2.822677
-2.822677
-2.822677
-2.822677
-2.822677
-2.822677
-2.822677
-2.822677
-2.822677
-2.822677
-2.822677
-2.822677
-2.822677
-2.822677
-2.665925
-2.822677
-2.822677
-2.822677
-2.665925
-2.822677
-2.822677
-2.822677
-2.822677
-1.336643
-2.822677
-2.480582
-2.822677
-2.822677
-2.822677
-2.822677
-1.912178
-2.822677
-2.822677
-2.822677
-1.974583
-2.822677
-2.822677
-2.822677
-2.822677
-1.974583
-2.299419
-2.822677
-2.637335
-2.822677
-2.822677
-2.822677
-2.822677
-2.822677
-2.822677
-2.822677
-2.822677
-2.665925
-1.580712
-2.822677
-2.665925
-2.822677
-2.822677
-2.822677
-0.795601
-2.822677
-2.822677
-2.650482
-2.822677
-2.822677
-2.822677
-2.822677
-2.822677
-2.822677
-0.320103
-2.822677
-2.822677
-0.965505
-2.822677
-2.822677
-2.822677
-2.822677
-2.822677
-2.131335
-2.822677
-2.822677
-2.822677
-2.822677
-2.822677
-2.822677
-2.822677
-2.650482
-2.822677
-2.822677
-1.696569
-2.665925
-2.822677
-2.822677
-2.822677
-2.822677
-2.822677
-2.822677
-2.822677
-2.822677
-2.665925
-2.822677
-2.822677
-2.822677
-2.822677
-2.822677
-2.822677
-2.822677
-2.822677
-2.822677
-2.822677
-2.822677
-2.822677
-2.637335
-2.822677
-2.493729
-2.822677
-2.822677
-2.822677
-1.666662
-2.456171
-2.665925
-2.822677
-2.822677
-2.822677
-2.822677
-2.822677
-1.959140
-2.822677
-2.665925
-2.822677
-2.822677
-2.822677
-2.822677
-2.822677
-2.822677
-2.822677
-2.822677
-2.131335
-2.822677
-2.822677
-2.822677
-2.822677
-1.372249
-2.822677
-2.822677
-2.822677
-2.650482
-2.822677
-2.822677
-2.822677
-2.822677
-2.822677
-2.822677
-2.822677
-2.822677
-2.822677
-2.822677
-2.822677
-2.822677
-2.822677
-2.822677
-2.822677
-2.822677
-2.822677
-2.822677
-2.822677
-2.822677
-2.822677
-2.822677
-2.822677
-2.822677
-2.822677
-2.822677
-2.822677
-2.822677
-2.822677
-2.822677
-2.822677
-2.822677
-2.650482
-1.250269
-2.822677
-2.822677
-2.822677
-2.480582
-2.822677
-2.822677
-2.822677
-2.822677
-2.822677
-2.822677
-1.945221
-2.822677
-2.822677
-2.822677
-2.822677
-2.822677
-2.822677
-2.822677
-2.822677
-2.822677
-2.055221
-2.822677
-2.822677
-2.822677
-2.628367
-2.822677
-2.822677
-2.822677
-2.822677
-2.822677
-2.822677
-2.665925
-2.822677
-2.822677
-2.822677
-2.637335
-2.822677
-2.665925
-2.665925
-2.822677
-2.822677
-2.607069
-2.822677
-2.822677
-2.822677
-2.822677
-2.822677
-2.822677
-2.822677
-2.822677
-2.822677
-2.822677
-2.822677
-2.822677
-2.822677
-2.822677
-2.822677
-2.822677
-2.822677
1.058656
-2.581125
-2.822677
-2.822677
-2.822677
-2.822677
-2.822677
-2.347075
-2.822677
0.508782
-2.822677
-2.822677
-2.822677
-2.822677
-2.822677
-2.822677
-2.822677
-2.822677
-1.539817
-2.822677
-2.650482
-2.822677
-2.822677
-2.822677
-1.678244
-2.822677
-1.644596
-2.822677
-2.822677
-2.822677
-2.822677
-2.822677
-2.822677
-2.822677
-2.822677
-2.822677
-2.665925
-2.822677
-2.822677
-2.822677
-2.822677
-2.265693
-1.614657
-2.822677
-2.822677
-2.665925
-2.822677
-2.822677
-2.354455
-2.822677
-2.822677
-2.822677
-2.822677
-2.822677
-2.822677
-2.822677
-2.822677
-1.465158
-2.822677
-1.704441
-2.822677
-2.822677
-2.822677
-2.822677
-2.822677
-2.822677
-2.822677
-2.822677
-2.822677
-2.822677
-2.822677
-2.650482
-1.710296
-2.822677
-2.822677
-2.131335
-2.822677
0.028139
-2.822677
-2.131335
-2.665925
-2.822677
-2.822677
-2.665925
-2.607069
-2.822677
-2.822677
-2.822677
-2.822677
-2.822677
-2.822677
-2.822677
-2.822677
-2.822677
-2.822677
-2.822677
-2.822677
-2.822677
-2.822677
-2.822677
-2.822677
-2.822677
-2.822677
-2.603520
-2.822677
-2.665925
-2.822677
-2.822677
-1.323329
-2.822677
-1.750611
-2.822677
-2.822677
-2.480582
-0.971024
-1.307182
-2.822677
-2.822677
-2.822677
-2.822677
-2.822677
0.456327
-2.822677
-2.822677
-2.822677
-2.822677
-2.822677
-2.822677
-1.608077
2.255127
-2.665925
-2.822677
-2.822677
-2.822677
-2.822677
-2.822677
-2.822677
-0.006186
-2.822677
-2.822677
-2.822677
-2.822677
-0.720854
-2.822677
-2.822677
-2.822677
-2.822677
-2.822677
-2.822677
-0.565612
-2.822677
-2.397909
-2.822677
-2.822677
-2.822677
-2.665925
-2.308387
-2.822677
-2.822677
-2.822677
-1.764830
-2.822677
-2.480582
-2.822677
-2.822677
-2.822677
-2.650482
-2.822677
-2.822677
-2.822677
-2.114077
-2.822677
-2.822677
-2.822677
-2.822677
-2.822677
-2.822677
-2.822677
-2.822677
-2.822677
-2.822677
-2.822677
-2.822677
-2.822677
-2.822677
-2.665925
-2.822677
-2.822677
-1.135680
-1.871342
-2.822677
-2.822677
-2.822677
-2.822677
-2.822677
-2.822677
-2.822677
-2.822677
-2.822677
-2.822677
-2.822677
-2.822677
-2.822677
-2.822677
-2.822677
-2.628367
-1.874650
-2.822677
-2.822677
-2.822677
-2.822677
-2.822677
-2.822677
-1.470231
-2.822677
-2.822677
-2.822677
-2.822677
-2.822677
-2.822677
-2.822677
-2.822677
-2.822677
-2.822677
-2.665925
-2.822677
-2.822677
-2.822677
-2.822677
-2.822677
-2.822677
-2.822677
-2.822677
-2.822677
-2.822677
-2.822677
-2.665925
-2.822677
-1.787924
-2.822677
-2.650482
-2.665925
-2.822677
-2.822677
-2.822677
-2.822677
-2.822677
-2.822677
-2.822677
-2.665925
-2.822677
-2.822677
-2.665925
-2.822677
-2.822677
-2.822677
-1.470362
-2.822677
-2.822677
-2.822677
-2.822677
-2.822677
-1.974583
-2.822677
-2.822677
-2.822677
-2.822677
-2.822677
-1.927418
-2.822677
-2.822677
-2.822677
-2.822677
-2.822677
-2.822677
-2.822677
-2.822677
-2.822677
-2.822677
-2.822677
-2.822677
-2.822677
-2.822677
-2.665925
-2.822677
-2.822677
-2.822677
-2.822677
-2.822677
-1.026990
-2.822677
-2.822677
-2.822677
-2.822677
-2.822677
-2.822677
-2.822677
-2.822677
-2.822677
-2.822677
-2.822677
-2.822677
-2.822677
-2.822677
-2.822677
-0.677540
-2.637335
-2.822677
-2.822677
-2.822677
-2.822677
-2.822677
-2.822677
-2.822677
-2.628367
-2.822677
-2.822677
-2.822677
-2.270829
-2.822677
-2.822677
-2.665925
-2.480582
-2.822677
-2.822677
-2.822677
-2.822677
-2.822677
-2.822677
-2.822677
-2.390581
-2.822677
-2.822677
-2.822677
-2.822677
-0.611508
-2.822677
-1.511946
-2.665925
-2.822677
-2.480582
-2.822677
-1.696569
-2.822677
-2.822677
-2.665925
-2.822677
-2.822677
-2.822677
-2.822677
-2.822677
-2.822677
-2.665925
-2.562684
-2.822677
-2.665925
-2.822677
-2.665925
-2.822677
-2.480582
-2.822677
-2.822677
-2.822677
-2.665925
-2.822677
-2.822677
-0.800665
-2.822677
-2.822677
-2.822677
-2.822677
-2.822677
-2.637335
-0.758933
-2.822677
-2.822677
-2.665925
-2.822677
-2.822677
-2.822677
-2.665925
-2.822677
-2.822677
-2.665925
-2.822677
-2.822677
-2.822677
-2.822677
-2.822677
-2.822677
-2.822677
-2.665925
-2.822677
-2.822677
-2.822677
-2.822677
-2.665925
-2.822677
-2.822677
-2.822677
-2.822677
-1.874650
-2.822677
-0.020870
-2.603520
-2.822677
-2.628367
-2.822677
-1.191528
-2.822677
-2.822677
-2.822677
-2.650482
-2.822677
-2.822677
-2.822677
-2.822677
-2.822677
-2.822677
-2.665925
-2.456171
-2.822677
-2.822677
-1.369730
-2.665925
-2.822677
-1.563785
-2.822677
-2.822677
-2.822677
-2.822677
-2.822677
-2.822677
-2.822677
-2.822677
-2.822677
-2.822677
-2.822677
-1.787924
-1.945993
-2.822677
-2.822677
-2.581125
-2.822677
-2.822677
-2.822677
-2.822677
-2.665925
-2.822677
-2.822677
-2.822677
-2.822677
-2.822677
-2.822677
-2.822677
-2.822677
-2.822677
-2.665925
-1.113498
-2.822677
-2.822677
-2.822677
-2.822677
-2.562684
-1.780272
-2.822677
-2.822677
-2.822677
-2.822677
-2.131335
-2.822677
-2.822677
-2.822677
-2.822677
-0.937634
-2.822677
-2.822677
-2.822677
-2.822677
-2.562684
-2.822677
-2.822677
-2.822677
-2.822677
-2.822677
-2.822677
-2.822677
-2.822677
-2.822677
-2.822677
-2.822677
-2.822677
-2.822677
-2.822677
-2.822677
-2.822677
-2.822677
-2.822677
-2.822677
-2.822677
-2.822677
-2.822677
-2.161231
-2.822677
-2.822677
-2.822677
-2.822677
-2.822677
-2.822677
-2.822677
-2.822677
-2.822677
-2.822677
-2.148485
-1.614657
-2.822677
-2.822677
-2.822677
-2.822677
-1.830440
0.948870
-2.822677
-2.822677
-2.131335
-2.822677
-2.822677
-2.822677
-2.822677
-2.822677
-2.822677
-2.479266
-2.822677
-2.822677
-2.822677
-2.637335
-2.665925
-2.450316
-2.822677
-2.665925
-2.822677
-2.822677
-2.822677
-2.822677
-2.822677
-2.665925
-1.959140
-2.822677
-2.822677
-2.603520
-2.822677
-2.822677
-2.822677
-2.665925
-2.822677
-2.822677
-2.822677
-2.650482
-2.822677
-2.822677
-2.822677
-2.822677
-2.573613
-2.822677
-2.822677
-2.822677
-2.822677
-2.665925
-2.822677
-2.822677
-1.917670
-2.822677
-2.665925
-2.822677
-2.822677
-2.822677
-2.822677
-2.822677
-2.822677
-2.822677
0.227395
-2.822677
-2.822677
-2.822677
-2.456171
-2.822677
-2.822677
-0.890139
-2.822677
-2.822677
-2.822677
-2.822677
-2.822677
-1.591014
-2.822677
-2.299419
-2.822677
-2.822677
-2.822677
-2.822677
-2.822677
-2.822677
-1.974583
-2.637335
-2.822677
-2.493729
-2.822677
-2.822677
-1.300157
-2.822677
-2.822677
-2.822677
-0.361003
-2.822677
-2.822677
-2.822677
-2.665925
-1.764830
-2.308387
-2.822677
-2.822677
-2.822677
-2.822677
-2.822677
-2.822677
-2.822677
-2.822677
-2.822677
-2.822677
-2.822677
-2.822677
-2.822677
-1.302196
-2.822677
-2.822677
-2.822677
-2.822677
-2.822677
-2.822677
-2.822677
-2.822677
-2.665925
-2.822677
-2.822677
-2.822677
-2.822677
-2.822677
-2.822677
-1.395674
-2.822677
-2.822677
-2.822677
-2.822677
-0.708671
-2.822677
-2.822677
-2.822677
-2.665925
-2.822677
-0.519858
-2.822677
-2.822677
-2.822677
-1.707198
-2.822677
-2.822677
-2.822677
-2.822677
-2.822677
-2.822677
-2.650482
-2.822677
-2.822677
-2.822677
-2.822677
-2.822677
-2.308387
-2.092779
-2.822677
-2.822677
-2.650482
-2.822677
-2.822677
-2.822677
-2.822677
-2.131335
-2.665925
-2.822677
-2.603520
-2.822677
-2.822677
-2.822677
-2.299419
-2.822677
-2.822677
-2.822677
-2.822677
-2.822677
-2.822677
-2.822677
-1.239608
-2.822677
-2.822677
-2.822677
-2.822677
-2.822677
-2.822677
-2.822677
-2.822677
-2.822677
-2.822677
-2.822677
-2.450316
-2.665925
-2.114077
-2.822677
-2.456171
-2.822677
-2.822677
-2.822677
-2.822677
-2.822677
-2.822677
-2.822677
-2.822677
-2.822677
-2.822677
-2.822677
-2.822677
0.974784
0.442823
-2.493729
-2.822677
-2.822677
-2.822677
-2.822677
1.705195
-2.628367
-2.822677
-2.822677
-2.822677
-2.822677
-2.822677
-2.822677
-2.822677
-2.822677
-2.456171
-2.822677
-2.822677
-2.665925
-2.822677
-2.822677
-2.822677
-2.665925
-2.822677
-2.480582
-2.822677
-2.822677
-2.822677
-2.637335
-2.822677
-2.822677
-2.822677
-2.822677
-1.945993
-2.822677
2.247336
-2.822677
-2.822677
-1.696569
-2.822677
-2.822677
-2.822677
-1.295020
-2.822677
-2.822677
-2.822677
-2.822677
-2.665925
-2.822677
-2.822677
-2.822677
-2.822677
-2.822677
-2.822677
-2.822677
-2.456171
-2.822677
-2.822677
-1.449716
-2.822677
-2.822677
-2.822677
-0.513403
-2.822677
-2.822677
-2.822677
-2.822677
-2.822677
-2.822677
0.547661
-2.822677
-2.822677
-2.822677
-2.822677
-2.822677
-2.822677
-2.822677
-2.822677
-2.822677
-1.729883
-2.822677
-2.456171
-2.665925
-2.822677
-2.822677
-2.822677
-2.822677
-2.665925
-2.822677
-2.603520
-0.620010
-2.822677
-2.822677
-2.822677
-2.822677
-2.822677
-2.665925
-2.607069
-2.822677
-2.822677
-2.822677
-2.200028
-2.822677
-2.822677
-2.822677
-1.974583
-2.822677
-2.822677
-2.822677
-2.822677
-2.822677
-2.822677
-2.822677
-2.822677
-2.822677
-2.822677
-1.946712
-2.822677
-2.822677
-2.822677
-2.822677
-2.822677
-2.822677
-2.822677
-2.822677
-2.822677
-2.822677
-2.822677
-2.822677
-2.822677
-2.822677
-2.822677
-2.822677
-2.822677
-2.634794
-2.822677
-2.822677
-2.822677
-1.406668
-2.822677
-2.665925
-2.387911
-2.822677
-0.505028
-2.822677
-2.822677
-2.822677
-2.822677
-2.822677
-2.131335
-2.822677
-2.822677
-2.822677
-2.822677
-2.822677
-2.822677
-2.822677
-2.822677
-2.822677
-2.822677
-2.822677
-2.822677
-0.643175
-2.822677
-2.822677
-2.822677
-2.822677
-2.822677
-2.822677
-2.822677
-2.822677
-1.349296
-2.822677
-2.822677
-2.822677
-2.822677
-2.822677
-2.822677
-2.822677
-2.822677
-2.822677
-2.822677
-2.822677
-2.822677
-2.822677
-2.822677
-2.822677
-2.822677
-2.822677
-2.308387
0.561521
-2.480582
-2.822677
-1.285884
-2.822677
-2.822677
-2.822677
-2.822677
-2.822677
-2.822677
-2.822677
-2.822677
-2.822677
-2.822677
-0.219763
-0.950338
-2.822677
-2.665925
-2.822677
-2.822677
-2.607069
-2.822677
-2.607069
-2.822677
-2.603520
-2.114077
-2.822677
-2.822677
-2.822677
-2.628367
-2.822677
-2.822677
-1.320718
-2.665925
-2.822677
-2.562684
-2.822677
-2.822677
-2.822677
-2.822677
-2.822677
-2.822677
-2.822677
-2.822677
-2.607069
-2.607069
-2.822677
-2.665925
-2.650482
-2.822677
2.275940
-2.822677
-2.822677
-2.822677
-2.822677
-2.822677
-2.443024
-2.822677
-2.822677
-2.822677
-2.822677
-2.822677
0.005473
-2.822677
-2.665925
-2.822677
-2.822677
-1.912178
-2.822677
-2.822677
-2.822677
-2.822677
-2.822677
-2.822677
-2.822677
-2.822677
-2.822677
-2.822677
-2.822677
-2.822677
-1.209069
-2.822677
-2.299419
-2.480582
-2.822677
-2.822677
-2.665925
-2.603520
-2.650482
-2.822677
-2.822677
-2.822677
-2.822677
-2.822677
-2.822677
-2.822677
-2.822677
-2.665925
-2.822677
-2.665925
-2.607069
-2.822677
-2.822677
-2.637335
-2.822677
-2.822677
-2.131335
-2.822677
-2.822677
-2.822677
-2.822677
-2.822677
-2.822677
-2.650482
-2.183019
-2.822677
-2.822677
-2.822677
-2.270829
-2.480582
-2.822677
-2.822677
-2.822677
-2.822677
-2.822677
-2.387911
-2.822677
-2.822677
-2.822677
-2.822677
-2.822677
-2.665925
-2.822677
-2.822677
-2.822677
-2.822677
-2.822677
-2.822677
2.822677
-2.822677
-2.822677
-2.822677
-2.822677
-2.822677
-2.822677
-2.822677
-2.822677
-2.637335
-2.822677
-2.650482
-2.822677
-2.822677
-2.822677
-2.822677
-2.480582
-2.822677
-2.822677
-2.822677
-2.822677
-2.822677
-2.822677
-2.822677
-2.493729
-2.822677
-0.417348
-2.665925
-2.822677
-2.822677
-2.822677
-2.650482
-2.822677
-2.822677
-2.822677
-2.665925
-2.822677
1.776195
-2.822677
-2.822677
-2.822677
-1.294035
-2.822677
-2.822677
-2.822677
-2.822677
-2.822677
-2.822677
-2.822677
-2.822677
-2.822677
-2.822677
-0.884727
-2.822677
-2.822677
-2.822677
-2.822677
-2.822677
-2.822677
-2.665925
-2.822677
-2.822677
-2.583251
-2.822677
-2.822677
-2.822677
-2.822677
-2.822677
-2.822677
-2.822677
-2.822677
-2.822677
-2.822677
-2.822677
-2.822677
-2.822677
-2.665925
-2.307070
-1.068094
-2.822677
-2.822677
-2.822677
-2.822677
-2.822677
-2.822677
-2.822677
-2.665925
-2.822677
-2.822677
-2.822677
-1.629789
-2.822677
-2.822677
-0.516371
1.378911
-2.665925
-2.822677
-2.822677
-2.822677
-2.665925
-2.822677
-2.665925
-2.822677
-2.822677
-2.822677
-2.822677
-2.822677
-2.822677
-2.665925
-2.822677
-2.822677
-2.822677
-2.822677
-2.822677
-2.822677
-2.665925
-2.822677
-2.822677
-2.426498
-2.822677
-2.822677
-2.822677
-2.665925
-2.822677
-2.822677
-2.822677
-2.822677
-2.822677
-2.822677
-2.822677
-2.822677
-2.822677
-2.822677
-2.822677
-2.822677
-2.822677
-2.822677
-2.822677
-2.822677
-2.822677
-2.822677
-2.665925
-2.822677
-2.822677
-2.822677
-2.822677
1.506263
-2.822677
-2.650482
-2.822677
-2.822677
-2.822677
-2.822677
-2.822677
-2.822677
-2.822677
-2.822677
-2.665925
-2.480582
-2.822677
-2.822677
-2.822677
-2.822677
-2.480582
-2.822677
-2.822677
-2.822677
-2.822677
-2.562684
-2.665925
-2.636018
-0.784883
-2.822677
-2.822677
-2.822677
-2.822677
-1.153947
-2.822677
-2.822677
-2.822677
-2.822677
-2.822677
-2.493729
-2.822677
-2.822677
-2.822677
-2.822677
-2.822677
-2.822677
-1.696569
-2.822677
-2.822677
-2.822677
-2.822677
-1.959140
-2.822677
-2.665925
-2.822677
-2.822677
-2.131335
-2.822677
-2.822677
-2.822677
-2.822677
-2.822677
-2.822677
-2.822677
-2.822677
-2.822677
-2.650482
-2.193321
-2.822677
-2.822677
-2.665925
-2.822677
-1.654494
-2.822677
-2.822677
-2.114077
-2.822677
-2.822677
-2.822677
-2.822677
-2.822677
-2.822677
-2.822677
-2.822677
-2.822677
-2.822677
-2.822677
-2.822677
-2.822677
-2.822677
-2.822677
-2.822677
-2.822677
-1.135680
-2.665925
-2.822677
-2.665925
-2.822677
-2.822677
-2.059993
-2.822677
-2.822677
-2.822677
-2.822677
-2.822677
-2.822677
-2.822677
-2.665925
-2.822677
-2.822677
-2.822677
-2.822677
-2.456171
-2.822677
-2.822677
-2.822677
-2.822677
-2.822677
-2.822677
-2.650482
-2.822677
-2.822677
-2.822677
-2.637335
-2.822677
-2.822677
-2.822677
-2.822677
-2.822677
-2.822677
-2.114077
-2.822677
-2.822677
0.012966
-2.822677
-2.822677
-2.822677
-2.822677
-2.822677
-2.822677
-0.632019
-2.822677
-2.822677
-2.822677
-2.822677
-2.822677
-1.789241
-2.822677
-2.822677
-2.822677
-2.822677
-2.822677
-2.822677
-2.822677
-1.212843
2.388990
-2.822677
-2.603520
-2.822677
-2.822677
-2.822677
-0.893321
-2.822677
-2.822677
-2.822677
-2.822677
-2.822677
-2.822677
-2.822677
-2.822677
-2.822677
-2.822677
-2.665925
-2.822677
-2.665925
-2.822677
-2.822677
-2.822677
-2.822677
-2.822677
-2.822677
-2.822677
-2.822677
-2.822677
-2.822677
-2.665925
-2.822677
-2.822677
-2.822677
-2.822677
-2.636018
-2.637335
-2.822677
-2.822677
-2.822677
-2.822677
-2.822677
-2.131335
-2.822677
-2.231158
-2.822677
-2.822677
-2.822677
-2.822677
-2.822677
-2.822677
-2.822677
-2.822677
-2.822677
-2.665925
-2.822677
-2.822677
-2.822677
-2.822677
-2.822677
-2.822677
-2.822677
-2.822677
-2.822677
-2.822677
-2.822677
-2.822677
-2.822677
-2.822677
-2.822677
-2.205854
-2.822677
-1.971165
-2.822677
-2.822677
-2.822677
-2.822677
-2.822677
-2.822677
-2.822677
-2.822677
-2.822677
-2.822677
-2.822677
-2.822677
1.500038
-2.822677
-2.151062
-2.822677
-2.822677
-2.822677
-2.822677
-2.822677
-2.822677
-2.822677
-2.822677
-2.636833
-2.822677
-2.822677
-2.822677
-2.822677
-2.822677
-2.822677
-2.822677
-2.822677
-2.650482
-2.822677
-2.822677
-2.822677
-2.822677
-2.665925
-2.822677
-2.665925
-2.822677
-2.822677
