13389, 32617, 48633, 35183, 135943, 9341, 47223, 66361, 38275, 9224, 9197, 49742, 23553, 37189, 35308, 20990, 35209, 31434, 16855, 38496, 39394, 35281, 35536, 90536, 17120, 35640, 14287, 9811, 38214, 66558, 28531
Feature count is 31
Criterion1 result is ObjectIndex = 13, Distance = -1.6559518279914234682515517010, Value = 0.6171251024853380418823052579
Boundary = -1.5835078620398229635088396006
-4.079558
-3.184707
-4.079558
-4.079558
-4.079558
-4.079558
-4.079558
-4.079558
-4.079558
-4.079558
-4.079558
-4.079558
-4.079558
-1.655952
-4.079558
-4.079558
-4.079558
-4.079558
-4.079558
-3.861182
-4.079558
-4.079558
-4.079558
-4.079558
-4.079558
-4.079558
-4.079558
-4.079558
-4.079558
-4.079558
-4.079558
-4.079558
-4.079558
-3.790523
-4.079558
-0.628141
-4.079558
-4.079558
-4.079558
-4.079558
-4.079558
-3.277107
-4.079558
-4.079558
-4.079558
-4.079558
-4.079558
-4.079558
-4.079558
-4.079558
-4.079558
-4.079558
-4.079558
-4.079558
-4.079558
-4.079558
-1.318471
-4.079558
-2.166923
-4.079558
-4.079558
-4.079558
-4.079558
-4.079558
-4.079558
-4.079558
-4.079558
-4.079558
-4.079558
-4.079558
-4.079558
-4.079558
-4.079558
-4.079558
-3.745874
-3.203899
-4.079558
-4.079558
-4.079558
-4.079558
-4.079558
-4.079558
-4.079558
-4.079558
-4.079558
3.296934
-3.771949
-4.079558
-4.079558
-4.079558
-4.079558
-4.079558
-4.079558
-4.079558
-4.079558
-4.079558
-4.079558
-4.079558
-4.079558
-4.079558
-4.079558
-4.079558
-2.026057
-4.079558
-4.079558
-4.079558
-4.079558
-3.877038
-4.079558
-4.079558
-3.418033
-4.079558
-4.079558
-4.079558
-3.833418
-4.079558
-4.079558
-4.079558
-4.079558
-4.079558
-4.079558
-4.079558
-4.079558
-4.079558
-4.079558
-4.079558
-4.079558
-4.079558
-4.079558
-4.079558
-4.079558
-4.079558
-4.079558
-4.079558
-3.581555
-4.079558
-2.437449
-4.079558
-4.079558
-3.833418
-4.079558
-2.697670
-4.079558
-4.079558
-4.079558
-3.418033
-4.079558
-4.079558
-3.868700
-4.079558
-4.079558
-4.079558
-4.079558
-4.079558
-4.079558
-4.079558
-4.079558
-4.079558
-3.865423
-4.079558
-4.079558
-4.079558
-3.030967
-4.079558
-4.079558
-4.079558
-4.079558
-4.079558
-4.079558
-4.079558
-3.581555
-4.079558
-4.079558
-4.079558
-4.079558
-4.079558
-4.079558
-4.079558
-3.603456
-4.079558
-4.079558
-4.079558
-4.079558
-4.079558
-4.079558
-4.079558
-4.079558
-4.079558
-4.079558
-4.079558
-4.079558
-4.079558
-4.079558
-4.079558
-3.525809
-4.079558
-4.079558
-4.079558
-3.418033
-4.079558
-4.079558
-4.079558
-4.079558
-4.079558
-4.079558
-4.079558
-4.079558
-4.079558
-4.079558
-4.079558
-4.079558
-4.079558
-4.079558
-4.079558
-4.079558
-4.079558
-4.079558
-4.079558
-4.079558
-4.079558
-4.079558
-4.079558
-2.937475
-4.079558
-2.920031
-4.079558
-4.079558
-4.079558
-4.079558
-3.207100
-4.079558
-4.079558
-4.079558
-3.868700
-4.079558
-4.079558
-4.079558
-4.079558
-3.640257
-3.537810
-4.079558
-4.079558
-4.079558
-4.079558
-4.079558
-4.079558
-4.079558
-4.079558
-4.079558
-4.079558
-3.833418
-0.853371
-4.079558
-4.079558
-4.079558
-4.079558
-4.079558
-2.954255
-4.079558
-4.079558
-4.079558
-4.079558
-4.079558
-4.079558
-4.079558
-4.079558
-4.079558
-4.079558
-4.079558
-4.079558
-0.913889
-4.079558
-4.079558
-4.079558
-4.079558
-4.079558
-2.576645
-4.079558
-4.079558
-4.079558
-4.079558
-4.079558
-4.079558
-4.079558
-4.079558
-4.079558
-4.079558
-4.079558
-3.171893
-4.079558
-4.079558
-4.079558
-4.079558
-4.079558
2.116148
-4.079558
-4.079558
-4.079558
-4.079558
-4.079558
-4.079558
-4.079558
-4.079558
-4.079558
-4.079558
-4.079558
-4.079558
-4.079558
-4.079558
-4.079558
-3.418033
-4.079558
-4.079558
-4.079558
-4.079558
-4.079558
-1.204594
-0.354279
-3.581555
-4.079558
-4.079558
-4.079558
-3.818391
-4.079558
-4.079558
-4.079558
-4.079558
-4.079558
-4.079558
-4.079558
-4.079558
-4.079558
-4.079558
-4.079558
-4.079558
-3.425718
-4.079558
-4.079558
-4.079558
-4.079558
-1.223707
-4.079558
-4.079558
-4.079558
-4.079558
-4.079558
-4.079558
-4.079558
-4.079558
-4.079558
-4.079558
-4.079558
-4.079558
-4.079558
-4.079558
-4.079558
-3.892491
-4.079558
-4.079558
-4.079558
-4.079558
-4.079558
-4.079558
-4.079558
-4.079558
-4.079558
-2.673890
-4.079558
-4.079558
-4.079558
-4.079558
-4.079558
-4.079558
-4.079558
-4.079558
-4.079558
-4.079558
-4.079558
1.459971
-4.079558
-4.079558
-4.079558
-2.743949
-4.079558
-4.079558
-4.079558
-4.079558
-4.079558
-4.079558
-4.079558
-4.079558
-4.079558
-4.079558
-4.079558
-4.079558
-4.079558
-4.079558
-4.079558
-4.079558
-3.736173
-4.079558
-4.079558
-4.079558
-3.277107
-4.079558
-4.079558
-4.079558
-4.079558
-4.079558
-0.884870
-4.079558
-4.079558
-4.079558
-4.079558
-3.074648
-4.079558
-3.171893
-3.581555
-4.079558
-4.079558
-3.662499
-4.079558
-4.079558
-4.079558
-4.079558
-4.079558
-4.079558
-3.833418
-4.079558
-4.079558
-4.079558
-4.079558
-4.079558
-4.079558
-4.079558
-4.079558
-4.079558
-4.079558
2.065941
-2.864266
-4.079558
-4.079558
-4.079558
-4.079558
-4.079558
-3.110425
-4.079558
2.733776
-4.079558
-4.079558
-4.079558
-4.079558
-4.079558
-4.079558
-4.079558
-4.079558
-3.560157
-4.079558
-4.079558
-0.934185
-4.079558
-4.079558
-3.484708
-4.079558
-3.181253
-4.079558
-4.079558
-4.079558
-4.079558
-4.079558
-3.833418
-4.079558
-4.079558
-4.079558
-3.790523
-4.079558
-4.079558
-4.079558
-4.079558
-3.581555
-2.413063
-4.079558
-4.079558
-4.079558
-4.079558
-4.079558
-4.079558
-4.079558
-4.079558
-4.079558
-4.079558
-4.079558
-4.079558
-4.079558
-4.079558
-3.367420
-2.365788
-3.328675
-4.079558
-4.079558
-4.079558
-4.079558
-4.079558
-4.079558
-4.079558
-4.079558
-4.079558
-4.079558
-4.079558
-2.498284
-3.818391
-4.079558
-4.079558
-4.079558
-4.079558
-3.074588
-4.079558
-4.079558
-4.079558
-4.079558
-4.079558
-4.079558
-4.079558
-4.079558
-4.079558
-4.079558
-4.079558
-4.079558
-4.079558
-4.079558
-4.079558
-4.079558
-4.079558
-4.079558
-4.079558
-4.079558
-4.079558
-4.079558
-4.079558
-4.079558
-4.079558
-4.079558
-4.079558
-3.418033
-4.079558
-4.079558
-3.683032
-4.079558
-4.079558
-4.079558
-4.079558
-4.079558
-3.861182
-4.079558
-4.079558
-4.079558
-4.079558
-4.079558
-4.079558
-2.866523
-4.079558
-4.079558
-3.871494
-3.833418
-4.079558
-4.079558
-2.899567
1.435546
-4.079558
-4.079558
-4.079558
-4.079558
-4.079558
-4.079558
-4.079558
-4.079558
-4.079558
-4.079558
-4.079558
-4.079558
-0.251241
-4.079558
-4.079558
-4.079558
-4.079558
-3.135315
-4.079558
-4.079558
-4.079558
-0.337418
-4.079558
-4.079558
-4.079558
-3.418033
-3.833418
-4.079558
-3.640257
-4.079558
-3.833418
-4.079558
-4.079558
-4.079558
-4.079558
-4.079558
-3.622560
-4.079558
-4.079558
-4.079558
-2.384855
-4.079558
-4.079558
-4.079558
-4.079558
-4.079558
-4.079558
1.633055
-4.079558
-4.079558
-4.079558
-4.079558
-4.079558
-4.079558
-4.079558
-3.581555
-4.079558
-4.079558
-4.079558
-3.771949
-4.079558
-4.079558
-4.079558
-4.079558
-4.079558
-4.079558
-4.079558
-4.079558
-4.079558
-4.079558
-3.736173
-4.079558
-4.079558
-4.079558
-4.079558
-4.079558
0.642542
-4.079558
-4.079558
-4.079558
-4.079558
-4.079558
-4.079558
-3.736173
-3.871958
-4.079558
-4.079558
-4.079558
-4.079558
-4.079558
-4.079558
-4.079558
-4.079558
-4.079558
-4.079558
-4.079558
-4.079558
-4.079558
-4.079558
-4.079558
-4.079558
-4.079558
-4.079558
-4.079558
-4.079558
-4.079558
-4.079558
-4.079558
-0.397218
-4.079558
-3.610791
-3.450890
-4.079558
-4.079558
-4.079558
-4.079558
-4.079558
-4.079558
-4.079558
-4.079558
-4.079558
-4.079558
-4.079558
-4.079558
-4.079558
-4.079558
-3.833418
-4.079558
-4.079558
-4.079558
-4.079558
-4.079558
-4.079558
-4.079558
-4.079558
-4.079558
-4.079558
-4.079558
-1.255660
-4.079558
-4.079558
-4.079558
-4.079558
-4.079558
-4.079558
-4.079558
-4.079558
-4.079558
-4.079558
-4.079558
-4.079558
-4.079558
-4.079558
-4.079558
-4.079558
-4.079558
-4.079558
-4.079558
-4.079558
-2.406124
-4.079558
-4.079558
-4.079558
-4.079558
-4.079558
-4.079558
-4.079558
-4.079558
-4.079558
-4.079558
-4.079558
-4.079558
-4.079558
-4.079558
-4.079558
-1.409912
-4.079558
-4.079558
-4.079558
-4.079558
-4.079558
-4.079558
-4.079558
-4.079558
-2.630995
-4.079558
-4.079558
-4.079558
-3.581555
-4.079558
-4.079558
-4.079558
-2.673890
-4.079558
-4.079558
-4.079558
-4.079558
-4.079558
-4.079558
-4.079558
-4.079558
-4.079558
-4.079558
-4.079558
-4.079558
-1.947917
-4.079558
-4.079558
-4.079558
-4.079558
-4.079558
-4.079558
-3.030106
-4.079558
-4.079558
-4.079558
-4.079558
-4.079558
-4.079558
-4.079558
-4.079558
1.690139
-4.079558
-3.581555
-4.079558
-4.079558
-4.079558
-4.079558
-4.079558
-2.488454
-4.079558
-4.079558
-4.079558
-4.079558
-3.833418
-4.079558
-3.867766
-4.079558
-4.079558
-4.079558
-4.079558
-4.079558
-4.079558
0.582278
-4.079558
-4.079558
-4.079558
-4.079558
-4.079558
-4.079558
-4.079558
-4.079558
-4.079558
-3.870099
-4.079558
-4.079558
-4.079558
-4.079558
-4.079558
-4.079558
-4.079558
-3.581555
-4.079558
-4.079558
-4.079558
-4.079558
-4.079558
-4.079558
-4.079558
-4.079558
-4.079558
-3.277107
-4.079558
-3.537406
-4.079558
-4.079558
-3.739925
-4.079558
-2.417750
-4.079558
-4.079558
-4.079558
-4.079558
-4.079558
-4.079558
-4.079558
-4.079558
-4.079558
-4.079558
-2.630995
-4.079558
-4.079558
-4.079558
-3.634713
-4.079558
-4.079558
-1.686773
-4.079558
-4.079558
-4.079558
-4.079558
-4.079558
-4.079558
-4.079558
-4.079558
-4.079558
-4.079558
-4.079558
-0.044169
-4.079558
-4.079558
-4.079558
-2.762331
-4.079558
-4.079558
-4.079558
-4.079558
-4.079558
-2.711966
-4.079558
-4.079558
-4.079558
-4.079558
-4.079558
-4.079558
-4.079558
-4.079558
-4.079558
-1.487832
-4.079558
-4.079558
-4.079558
-4.079558
-4.079558
-2.745287
-4.079558
-4.079558
-4.079558
-4.079558
-4.079558
-4.079558
-4.079558
-4.079558
-4.079558
-3.432193
-4.079558
-4.079558
-4.079558
-4.079558
-4.079558
-4.079558
-4.079558
-4.079558
-4.079558
-3.418033
-4.079558
-4.079558
-4.079558
-4.079558
-4.079558
-4.079558
-4.079558
-4.079558
-4.079558
-4.079558
-4.079558
-4.079558
-4.079558
-4.079558
-4.079558
-4.079558
-4.079558
-2.828816
-4.079558
-4.079558
-3.171893
-4.079558
-4.079558
-4.079558
-4.079558
-4.079558
-4.079558
-4.079558
-4.079558
-2.620663
-4.079558
-4.079558
-4.079558
-4.079558
-3.149978
-2.822807
-4.079558
-4.079558
-1.880799
-4.079558
-4.079558
-4.079558
-4.079558
-4.079558
-4.079558
-3.581555
-4.079558
-4.079558
-4.079558
-3.493785
-4.079558
-3.871958
-4.079558
-4.079558
-4.079558
-4.079558
-4.079558
-4.079558
-4.079558
-4.079558
-4.079558
-4.079558
-4.079558
-4.079558
-4.079558
-4.079558
-4.079558
-4.079558
-4.079558
-4.079558
-4.079558
-4.079558
-4.079558
-4.079558
-4.079558
-4.079558
-3.739925
-4.079558
-3.790523
-4.079558
-4.079558
-4.079558
-4.079558
-4.079558
-3.484708
-4.079558
-4.079558
-4.079558
-4.079558
-4.079558
-4.079558
-4.079558
-4.079558
-4.079558
-1.139686
-4.079558
-4.079558
-4.079558
-2.576645
-4.079558
-4.079558
0.778751
-4.079558
-4.079558
-4.079558
-3.818391
-4.079558
-3.745874
-4.079558
-2.213936
-4.079558
-4.079558
-4.079558
-4.079558
-4.079558
-4.079558
-3.484708
-4.079558
-4.079558
-4.079558
-4.079558
-4.079558
-3.771949
-4.079558
-4.079558
-4.079558
-3.093716
-4.079558
-4.079558
-4.079558
-4.079558
-4.079558
0.841575
-4.079558
-4.079558
-4.079558
-4.079558
-4.079558
-4.079558
-4.079558
-4.079558
-4.079558
-4.079558
-4.079558
-4.079558
-4.079558
-4.079558
-4.079558
-4.079558
-4.079558
-4.079558
-4.079558
-4.079558
-4.079558
-4.079558
-3.790523
-4.079558
-4.079558
-4.079558
-4.079558
-4.079558
-4.079558
-4.079558
-4.079558
-4.079558
-4.079558
-3.581555
0.153972
-4.079558
-4.079558
-4.079558
-4.079558
-4.079558
-3.861182
-4.079558
-4.079558
-4.079558
-2.931929
-4.079558
-4.079558
-4.079558
-0.796088
-4.079558
-4.079558
-3.833418
-4.079558
-4.079558
-4.079558
-4.079558
-4.079558
-3.241431
0.690969
-4.079558
-4.079558
-4.079558
-4.079558
-4.079558
-4.079558
-3.736173
-4.079558
-4.079558
-4.079558
-3.877038
-4.079558
-4.079558
-4.079558
-4.079558
-4.079558
-4.079558
-4.079558
-4.079558
-4.079558
-4.079558
-4.079558
-4.079558
-4.079558
-4.079558
-4.079558
-4.079558
-4.079558
-4.079558
-4.079558
-4.079558
-4.079558
-4.079558
-4.079558
-4.079558
-4.079558
-4.079558
-4.079558
-3.739925
-4.079558
-3.484708
-4.079558
-4.079558
-4.079558
-4.079558
-4.079558
-4.079558
-4.079558
-4.079558
-4.079558
-4.079558
1.468409
-3.649390
-4.079558
-4.079558
-4.079558
-4.079558
-4.079558
1.821992
-4.079558
-4.079558
-4.079558
-4.079558
-4.079558
-4.079558
-4.079558
-4.079558
-4.079558
-4.079558
-4.079558
-4.079558
-4.079558
-4.079558
-4.079558
-4.079558
-4.079558
-4.079558
-4.079558
-4.079558
-4.079558
-4.079558
-3.128998
-4.079558
-4.079558
-4.079558
-4.079558
-3.739925
-4.079558
0.798530
-4.079558
-4.079558
-4.079558
-4.079558
-4.079558
-4.079558
-1.068609
-4.079558
-4.079558
-4.079558
-4.079558
-4.079558
-4.079558
-4.079558
-4.079558
-4.079558
-4.079558
-4.079558
-4.079558
-2.624660
-4.079558
-4.079558
-4.079558
-4.079558
-4.079558
-3.171893
-3.658662
-4.079558
-4.079558
-4.079558
-4.079558
-4.079558
-4.079558
-0.312864
-4.079558
-4.079558
-4.079558
-4.079558
-4.079558
-4.079558
-4.079558
-4.079558
-4.079558
-1.812270
-4.079558
-4.079558
-4.079558
-4.079558
-4.079558
-4.079558
-4.079558
-4.079558
-4.079558
-4.079558
0.024288
-4.079558
-4.079558
-4.079558
-4.079558
-4.079558
-2.920031
-3.345678
-4.079558
-4.079558
-4.079558
-4.079558
-4.079558
-4.079558
-4.079558
-1.813418
-4.079558
-4.079558
-4.079558
-4.079558
-4.079558
-4.079558
-4.079558
-4.079558
-4.079558
-4.079558
-3.157216
-4.079558
-4.079558
-4.079558
-4.079558
-4.079558
-4.079558
-4.079558
-4.079558
-4.079558
-4.079558
-4.079558
-4.079558
-4.079558
-4.079558
-4.079558
-4.079558
-4.079558
-1.801427
-4.079558
-4.079558
-4.079558
-3.379035
-4.079558
-3.581555
-4.079558
-4.079558
3.148211
-4.079558
-4.079558
-4.079558
-4.079558
-4.079558
-3.277107
1.632392
-4.079558
-4.079558
-4.079558
-4.079558
-4.079558
-4.079558
-4.079558
-4.079558
-3.619283
-4.079558
-4.079558
-3.877038
-4.079558
-4.079558
-4.079558
-4.079558
-4.079558
-4.079558
-4.079558
-4.079558
-0.675165
-4.079558
-4.079558
-4.079558
-3.833418
-4.079558
-4.079558
-4.079558
-4.079558
-4.079558
-4.079558
-4.079558
-4.079558
-4.079558
-4.079558
-4.079558
-4.079558
-4.079558
-3.877038
-4.079558
-2.926478
-4.079558
-3.418033
-4.079558
-4.079558
-4.079558
-4.079558
-4.079558
-4.079558
-4.079558
-0.886103
-4.079558
-4.079558
-2.431916
-3.892491
-4.079558
-4.079558
-4.079558
-4.079558
-4.079558
-4.079558
-4.079558
-4.079558
-4.079558
-3.736173
-4.079558
-4.079558
-4.079558
-4.079558
-4.079558
-4.079558
-1.361973
-4.079558
-4.079558
-4.079558
-4.079558
-4.079558
-4.079558
-4.079558
-4.079558
-4.079558
-4.079558
-4.079558
-4.079558
-4.079558
-4.079558
-4.079558
-4.079558
-4.079558
0.787577
-4.079558
-4.079558
-4.079558
-4.079558
-4.079558
-2.961035
-4.079558
-4.079558
-4.079558
-4.079558
-4.079558
-3.385080
-4.079558
-3.581555
-4.079558
-3.581555
-4.079558
-4.079558
-4.079558
-4.079558
-4.079558
-4.079558
-3.418033
-4.079558
-4.079558
-4.079558
-4.079558
-4.079558
-4.079558
2.118262
-4.079558
-3.833418
-4.079558
-4.079558
-4.079558
-3.581555
-4.079558
-3.833418
-3.335415
-4.079558
-4.079558
-4.079558
-4.079558
-4.079558
-4.079558
-4.079558
-4.079558
-4.079558
-4.079558
-4.079558
-4.079558
-1.772402
-3.418033
-4.079558
-4.079558
-3.842777
-3.210433
-4.079558
-4.079558
-4.079558
-4.079558
-4.079558
-4.079558
-3.543354
-4.079558
-4.079558
-4.079558
-4.079558
-2.630995
-4.079558
-4.079558
-4.079558
-4.079558
-4.079558
-4.079558
-4.079558
-4.079558
-4.079558
-3.818391
-4.079558
-4.079558
-4.079558
-4.079558
-4.079558
-4.079558
-4.079558
-4.079558
-0.093119
-4.079558
-4.079558
-4.079558
-4.079558
-4.079558
-4.079558
-4.079558
-4.079558
-4.079558
-4.079558
-4.079558
-4.079558
-4.079558
-4.079558
-4.079558
-4.079558
-4.079558
-4.079558
-4.079558
-4.079558
-4.079558
-4.079558
-4.079558
-4.079558
-4.079558
-0.914409
-4.079558
-4.079558
-4.079558
-4.079558
-4.079558
-4.079558
-4.079558
-4.079558
-4.079558
-4.079558
3.343919
-4.079558
-3.484708
-4.079558
-2.111595
-4.079558
-4.079558
-4.079558
-4.079558
-4.079558
-4.079558
-4.079558
-4.079558
-4.079558
-4.079558
-4.079558
-4.079558
-4.079558
-4.079558
-4.079558
-4.079558
-4.079558
-4.079558
-4.079558
-4.079558
-3.282188
-4.079558
-4.079558
-4.079558
-4.079558
-4.079558
-4.079558
-4.079558
-4.079558
-4.079558
-4.079558
-4.079558
-4.079558
-4.079558
-4.079558
-0.554212
0.999506
-4.079558
-4.079558
-4.079558
-4.079558
-4.079558
-4.079558
-4.079558
-4.079558
-4.079558
-4.079558
-4.079558
-2.366282
-4.079558
-4.079558
-0.432172
-4.079558
-4.079558
-4.079558
-4.079558
-4.079558
-4.079558
-4.079558
-4.079558
-4.079558
-4.079558
-4.079558
-4.079558
-4.079558
-4.079558
-4.079558
-4.079558
-4.079558
-4.079558
-3.156867
-4.079558
-4.079558
-1.901400
-4.079558
-4.079558
-3.277107
-4.079558
-4.079558
-4.079558
-3.833418
-4.079558
-4.079558
-4.079558
-4.079558
-4.079558
-4.079558
-4.079558
-4.079558
-4.079558
-4.079558
-4.079558
-4.079558
-4.079558
-4.079558
-4.079558
-4.079558
-4.079558
-4.079558
-4.079558
-4.079558
-4.079558
-4.079558
-4.079558
2.922399
-4.079558
-4.079558
-4.079558
-4.079558
-3.006510
-4.079558
-4.079558
-3.833418
-4.079558
-4.079558
-3.418033
-1.835763
-4.079558
-4.079558
-4.079558
-4.079558
-2.920031
-4.079558
-4.079558
-4.079558
-4.079558
-4.079558
-4.079558
-3.335415
0.013491
-4.079558
-4.079558
-4.079558
-4.079558
-3.238876
-4.079558
-4.079558
-4.079558
-4.079558
-4.079558
-4.079558
-4.079558
-4.079558
-4.079558
-4.079558
-4.079558
-4.079558
-4.079558
-4.079558
-4.079558
-4.079558
-4.079558
-3.418033
-4.079558
-2.920031
-4.079558
-4.079558
-4.079558
-4.079558
-4.079558
-4.079558
-4.079558
-4.079558
-4.079558
-4.079558
-4.079558
-4.079558
-3.286185
-4.079558
-4.079558
-4.079558
-4.079558
-4.079558
-0.401905
-4.079558
-4.079558
-2.673890
-4.079558
-4.079558
-4.079558
-4.079558
-4.079558
-4.079558
-4.079558
-4.079558
-4.079558
-4.079558
-4.079558
-4.079558
-4.079558
-4.079558
-3.581555
-4.079558
-4.079558
-4.079558
-4.079558
-4.079558
-4.079558
-4.079558
-4.079558
-3.818391
-4.079558
-4.079558
-4.079558
-4.079558
-4.079558
-4.079558
-4.079558
-4.079558
-4.079558
-4.079558
-4.079558
-4.079558
-4.079558
-4.079558
-3.894121
-4.079558
-4.079558
-4.079558
-4.079558
-4.079558
-4.079558
-4.079558
-4.079558
-3.581555
-4.079558
-4.079558
-4.079558
-4.079558
-4.079558
-4.079558
-3.630898
-4.079558
-4.079558
-4.079558
-4.079558
-4.079558
-4.079558
-4.079558
-4.079558
-4.079558
-2.800237
-3.325589
-4.079558
-4.079558
-4.079558
-4.079558
-2.122905
-4.079558
-4.079558
-4.079558
-3.215514
-4.079558
-4.079558
-4.079558
-1.511064
0.369837
-4.079558
-4.079558
-4.079558
-4.079558
-4.079558
-0.328572
-4.079558
-4.079558
-4.079558
-4.079558
-4.079558
-4.079558
-4.079558
-4.079558
-4.079558
-4.079558
-4.079558
-4.079558
-4.079558
-4.079558
-4.079558
-4.079558
-4.079558
-3.181253
-4.079558
-4.079558
-4.079558
-4.079558
-4.079558
-4.079558
-4.079558
-4.079558
-4.079558
-4.079558
-3.581555
-3.418033
-4.079558
-4.079558
-4.079558
-4.079558
-4.079558
-2.705896
-4.079558
-3.771949
-4.079558
-4.079558
-4.079558
-4.079558
-4.079558
-4.079558
-4.079558
-4.079558
-4.079558
-4.079558
-2.045223
-4.079558
-4.079558
-4.079558
-4.079558
-4.079558
-4.079558
-4.079558
-4.079558
-4.079558
-4.079558
-4.079558
-4.079558
-4.079558
-3.871958
-1.033993
-4.079558
-3.877038
-4.079558
-4.079558
-4.079558
-4.079558
-4.079558
-4.079558
-4.079558
-2.920031
-4.079558
-4.079558
-4.079558
-4.079558
-4.079558
-4.079558
-3.335754
-4.079558
-4.079558
-4.079558
-4.079558
-4.079558
-4.079558
-4.079558
-4.079558
-3.581555
-4.079558
-4.079558
-4.079558
-4.079558
-4.079558
-4.079558
-4.079558
-4.079558
-4.079558
-4.079558
-3.833418
-4.079558
-4.079558
-4.079558
-4.079558
-3.532325
-4.079558
-4.079558
