35479, 3305, 17233, 115413, 38329, 93531, 16977, 24024, 31830, 39152, 95504, 123894, 16657, 93528, 4138, 35705, 13079, 35187, 35701, 11077, 35538, 16899, 10499, 17404, 35433, 35548, 58580, 35708, 35809, 35544, 28480, 88308
Feature count is 32
Criterion1 result is ObjectIndex = 727, Distance = -1.3232845708589859655277427414, Value = 0.5812016460396416762183126735
Boundary = -1.3186455807593836809176287067
-3.806431
-2.725647
-3.806431
-3.806431
-3.806431
-3.806431
-3.806431
-3.806431
-3.806431
-3.806431
-3.806431
-3.806431
-3.806431
-2.456145
-3.806431
-3.806431
-3.806431
-3.806431
-3.806431
-3.806431
-3.806431
-3.806431
-3.806431
-3.806431
-3.806431
-3.806431
-3.806431
-3.806431
-3.806431
-3.806431
-3.806431
-3.806431
-3.806431
-3.806431
-3.806431
-2.905169
-3.806431
-3.806431
-3.806431
-3.806431
-3.806431
-3.806431
-3.806431
-3.806431
-3.806431
-3.806431
-3.806431
-3.806431
-3.806431
-3.806431
-3.806431
-3.806431
-3.806431
-3.806431
-3.806431
-3.806431
-2.454486
-3.806431
-2.464209
-3.806431
-3.806431
-3.806431
-3.806431
-3.806431
-3.806431
-3.806431
-3.806431
-3.806431
-3.806431
-3.806431
-3.806431
-3.806431
-3.806431
-3.806431
-3.806431
-3.541729
-3.806431
-3.806431
-3.806431
-3.806431
-3.806431
-3.806431
-3.806431
-3.806431
-3.806431
3.143671
-3.806431
-3.806431
-3.806431
-3.806431
-3.806431
-3.806431
-3.806431
-3.806431
-3.806431
-3.806431
-3.806431
-3.806431
-3.806431
-3.806431
-3.806431
-3.806431
-2.248487
-3.806431
-3.806431
-3.806431
-3.806431
-3.312067
-3.806431
-3.806431
-3.541729
-3.806431
-3.806431
-3.806431
-3.806431
-3.806431
-3.806431
-3.806431
-3.806431
-3.806431
-3.806431
-3.806431
-3.806431
-3.806431
-3.806431
-3.806431
-3.806431
-3.806431
-3.806431
-3.806431
-3.806431
-3.806431
-3.806431
-3.806431
-3.806431
-3.806431
-2.698090
-3.806431
-3.806431
-3.806431
-3.806431
-2.987158
-3.806431
-3.806431
-3.806431
-3.575422
-3.806431
-3.806431
-3.806431
-3.806431
-3.806431
-3.806431
-3.806431
-3.806431
-3.806431
-3.806431
-3.806431
-3.806431
-3.541729
-3.806431
-3.806431
-3.806431
-3.575422
-3.806431
-3.806431
-3.806431
-3.806431
-3.556826
-3.806431
-3.806431
-3.806431
-3.806431
-3.806431
-3.806431
-3.806431
-3.806431
-3.806431
-3.806431
-3.561673
-3.806431
-3.806431
-3.806431
-3.806431
-3.806431
-3.806431
-3.806431
-3.806431
-3.806431
-3.806431
-3.806431
-3.806431
-3.806431
-3.806431
-3.806431
-3.806431
-3.806431
-3.806431
-3.806431
-3.806431
-3.806431
-3.806431
-3.806431
-3.806431
-3.806431
-3.806431
-3.806431
-3.806431
-3.806431
-3.806431
-3.806431
-3.806431
-3.806431
-3.806431
-3.806431
-3.806431
-3.806431
-3.806431
-3.806431
-3.806431
-3.806431
-3.806431
-3.806431
-3.806431
-3.806431
-3.806431
-3.541729
-3.806431
-3.806431
-3.806431
-2.473901
-3.806431
-3.806431
-3.806431
-3.598367
-3.806431
-3.806431
-3.806431
-3.806431
-3.620995
-3.600222
-3.806431
-3.806431
-3.806431
-3.806431
-3.806431
-3.806431
-3.806431
-3.806431
-3.806431
-3.806431
-3.806431
-1.054027
-3.806431
-3.806431
-3.806431
-3.806431
-3.806431
-2.928650
-3.806431
-3.806431
-3.806431
-3.806431
-3.806431
-3.806431
-3.806431
-3.806431
-3.806431
-3.806431
-3.806431
-3.806431
-3.806431
-3.806431
-3.806431
-3.806431
-3.806431
-3.806431
-2.908706
-3.806431
-3.806431
-3.806431
-3.806431
-3.806431
-3.806431
-3.806431
-3.806431
-3.806431
-3.806431
-3.806431
-3.806431
-3.806431
-3.806431
-3.806431
-3.806431
-3.806431
2.562199
-3.806431
-3.806431
-3.806431
-3.806431
-3.806431
-3.806431
-3.806431
-3.806431
-3.806431
-3.806431
-3.806431
-3.806431
-3.806431
-3.806431
-3.806431
-3.806431
-3.806431
-3.806431
-3.806431
-3.806431
-3.806431
-1.807134
-0.509356
-3.806431
-3.806431
-3.806431
-3.806431
-3.806431
-3.806431
-3.806431
-3.806431
-3.806431
-3.806431
-3.806431
-3.806431
-3.806431
-3.806431
-3.806431
-3.806431
-3.806431
-3.173409
-3.806431
-3.806431
-3.806431
-3.806431
-1.568925
-3.806431
-3.806431
-3.806431
-3.806431
-3.806431
-3.806431
-3.806431
-3.806431
-3.806431
-3.806431
-3.806431
-3.806431
-3.806431
-3.806431
-3.806431
-3.806431
-3.806431
-3.806431
-3.806431
-3.806431
-3.806431
-3.806431
-3.806431
-3.806431
-3.806431
-3.620180
-3.806431
-3.806431
-3.806431
-3.806431
-3.806431
-3.806431
-3.806431
-3.806431
-3.806431
-3.806431
-3.806431
0.125862
-3.806431
-3.806431
-3.806431
-2.821673
-3.806431
-3.806431
-3.806431
-3.806431
-3.806431
-3.806431
-3.806431
-3.806431
-3.806431
-3.806431
-3.806431
-3.806431
-3.806431
-3.806431
-3.806431
-3.806431
-3.556826
-3.806431
-3.806431
-3.806431
-3.806431
-3.806431
-3.806431
-3.806431
-3.806431
-3.806431
-3.806431
-3.806431
-3.806431
-3.806431
-3.806431
-3.806431
-3.806431
-3.541729
-3.598831
-3.806431
-3.806431
-3.806431
-3.806431
-3.806431
-3.806431
-3.806431
-3.806431
-3.806431
-3.806431
-3.806431
-3.806431
-3.806431
-3.806431
-3.806431
-3.806431
-3.806431
-3.806431
-3.806431
-3.806431
-0.912673
-3.098927
-3.806431
-3.806431
-3.806431
-3.806431
-3.806431
-3.541729
-3.806431
2.000413
-3.806431
-3.806431
-3.806431
-3.806431
-3.806431
-3.806431
-3.806431
-3.806431
-3.806431
-3.806431
-3.806431
-3.806431
-3.806431
-3.806431
-3.806431
-3.806431
-3.369213
-3.806431
-3.806431
-3.806431
-3.806431
-3.806431
-3.806431
-3.806431
-3.806431
-3.806431
-3.806431
-3.806431
-3.806431
-3.806431
-3.806431
-3.367822
-3.325983
-3.806431
-3.806431
-3.806431
-3.806431
-3.806431
-3.806431
-3.806431
-3.806431
-3.806431
-3.806431
-3.806431
-3.806431
-3.806431
-3.806431
-3.575422
-3.204516
-2.750712
-3.806431
-3.806431
-3.806431
-3.806431
-3.806431
-3.806431
-3.806431
-3.806431
-3.806431
-3.806431
-3.806431
-2.948822
-3.806431
-3.806431
-3.806431
-3.806431
-3.806431
-3.620180
-3.806431
-3.806431
-3.806431
-3.806431
-3.806431
-3.806431
-3.806431
-3.806431
-3.806431
-3.806431
-3.806431
-3.806431
-3.806431
-3.806431
-3.806431
-3.806431
-3.806431
-3.806431
-3.806431
-3.806431
-3.806431
-3.806431
-3.806431
-3.806431
-3.806431
-3.806431
-3.806431
-3.806431
-3.806431
-3.806431
-3.806431
-3.806431
-3.806431
-3.806431
-3.806431
-3.806431
-3.806431
-3.806431
-3.806431
-3.806431
-3.806431
-3.806431
-3.806431
-3.620995
-3.806431
-3.806431
-3.806431
-3.806431
-3.806431
-3.806431
-3.806431
2.886183
-3.806431
-3.806431
-3.806431
-3.806431
-3.806431
-3.806431
-3.806431
-3.806431
-3.806431
-3.806431
-3.806431
-3.806431
-0.182456
-3.806431
-3.806431
-3.806431
-3.806431
-3.806431
-3.806431
-3.806431
-3.806431
-0.175232
-3.806431
-3.806431
-3.806431
-3.567535
-3.806431
-3.806431
-3.378630
-3.806431
-3.806431
-3.806431
-3.806431
-3.806431
-3.806431
-3.806431
-3.806431
-3.806431
-3.806431
-3.806431
-3.406515
-3.806431
-3.806431
-3.806431
-3.806431
-3.806431
-3.806431
1.112704
-3.806431
-3.806431
-3.806431
-3.806431
-3.806431
-3.806431
-3.806431
-3.806431
-3.806431
-3.806431
-3.806431
-3.806431
-3.806431
-3.806431
-3.806431
-3.806431
-3.806431
-3.806431
-3.806431
-3.806431
-3.806431
-3.806431
-3.598831
-3.806431
-3.806431
-3.806431
-3.806431
-3.806431
-2.225605
-3.806431
-3.806431
-3.806431
-3.806431
-3.806431
-3.806431
-3.806431
-3.806431
-3.806431
-3.806431
-3.806431
-3.806431
-3.806431
-3.806431
-3.806431
-3.806431
-3.806431
-3.806431
-3.806431
-3.806431
-3.806431
-3.806431
-3.806431
-3.806431
-3.806431
-3.806431
-3.806431
-3.806431
-3.806431
-3.806431
-3.806431
-2.485921
-3.806431
-3.806431
-3.806431
-3.806431
-3.806431
-3.806431
-3.806431
-3.806431
-3.806431
-3.806431
-3.806431
-3.806431
-3.806431
-3.806431
-3.806431
-3.806431
-3.806431
-3.806431
-3.806431
-3.806431
-3.806431
-3.806431
-3.806431
-3.806431
-3.806431
-3.806431
-3.806431
-3.806431
-3.806431
-2.901511
-3.806431
-3.806431
-3.806431
-3.806431
-3.806431
-3.806431
-3.806431
-3.806431
-3.806431
-3.806431
-3.806431
-3.806431
-3.806431
-3.806431
-3.806431
-3.806431
-3.806431
-3.806431
-3.806431
-3.806431
-1.323285
-3.806431
-3.806431
-3.806431
-3.806431
-3.806431
-3.806431
-3.806431
-3.806431
-3.806431
-3.806431
-3.806431
-3.806431
-3.806431
-3.806431
-3.806431
-2.567751
-3.806431
-3.806431
-3.806431
-3.806431
-3.806431
-3.806431
-3.806431
-3.806431
-3.592766
-3.806431
-3.806431
-3.806431
-3.334129
-3.806431
-3.806431
-3.806431
-2.864224
-3.806431
-3.806431
-3.806431
-3.806431
-3.806431
-3.806431
-3.806431
-3.806431
-3.806431
-3.806431
-3.806431
-3.806431
-3.413970
-3.806431
-3.806431
-3.806431
-3.806431
-3.806431
-3.806431
-3.358669
-3.806431
-3.806431
-3.806431
-3.806431
-3.806431
-3.806431
-3.806431
-3.806431
1.354209
-3.806431
-3.806431
-3.806431
-3.806431
-3.806431
-3.806431
-3.806431
-3.541729
-3.806431
-3.806431
-3.806431
-3.806431
-3.620180
-3.806431
-3.806431
-3.806431
-3.806431
-3.806431
-3.806431
-3.806431
-3.806431
-0.310683
-3.806431
-3.806431
-3.806431
-3.806431
-3.806431
-3.806431
-3.806431
-3.806431
-3.806431
-3.806431
-3.806431
-3.806431
-3.806431
-3.806431
-3.806431
-3.806431
-3.806431
-3.806431
-3.806431
-3.806431
-3.806431
-3.806431
-3.806431
-3.806431
-3.806431
-3.806431
-3.806431
-3.806431
-3.806431
-3.541729
-3.806431
-3.806431
-3.600222
-3.806431
-2.539862
-3.806431
-3.806431
-3.806431
-3.806431
-3.806431
-3.806431
-3.806431
-3.806431
-3.806431
-3.806431
-3.567535
-3.806431
-3.806431
-3.806431
-3.620995
-3.806431
-3.806431
-2.071977
-3.806431
-3.806431
-3.806431
-3.806431
-3.806431
-3.806431
-3.806431
-3.806431
-3.806431
-3.806431
-3.806431
1.714869
-3.806431
-3.806431
-3.806431
-2.497826
-3.806431
-3.806431
-3.806431
-3.806431
-3.806431
-3.806431
-3.806431
-3.806431
-3.806431
-3.806431
-3.806431
-3.806431
-3.806431
-3.806431
-3.806431
-1.180030
-3.806431
-3.806431
-3.806431
-3.806431
-3.806431
-3.806431
-3.806431
-3.806431
-3.806431
-3.806431
-3.806431
-3.806431
-3.806431
-3.806431
-3.806431
-3.806431
-3.806431
-3.806431
-3.806431
-3.806431
-3.806431
-3.806431
-3.806431
-3.806431
-3.806431
-3.575422
-3.806431
-3.806431
-3.806431
-3.806431
-3.806431
-3.806431
-3.806431
-3.806431
-3.806431
-3.806431
-3.806431
-3.806431
-3.806431
-3.806431
-3.806431
-3.806431
-3.806431
-1.570209
-3.806431
-3.806431
-3.806431
-3.806431
-3.806431
-3.806431
-3.806431
-3.806431
-3.806431
-3.806431
-3.806431
-2.605186
-3.806431
-3.806431
-3.806431
-3.806431
-3.333870
-1.990734
-3.806431
-3.806431
-3.600222
-3.806431
-3.806431
-3.806431
-3.806431
-3.806431
-3.806431
-3.806431
-3.806431
-3.806431
-3.806431
-3.806431
-3.806431
-3.806431
-3.806431
-3.806431
-3.806431
-3.806431
-3.806431
-3.806431
-3.806431
-3.806431
-3.806431
-3.806431
-3.806431
-3.806431
-3.806431
-3.806431
-3.806431
-3.806431
-3.806431
-3.806431
-3.806431
-3.806431
-3.806431
-3.806431
-3.806431
-3.806431
-3.350274
-3.806431
-3.806431
-3.806431
-3.806431
-3.806431
-3.806431
-3.806431
-3.806431
-3.806431
-3.806431
-3.806431
-3.806431
-3.806431
-3.806431
-3.806431
-3.806431
-3.806431
-2.563989
-3.806431
-3.806431
-3.806431
-3.293204
-3.806431
-3.806431
-0.388646
-3.806431
-3.806431
-3.806431
-3.806431
-3.806431
-3.806431
-3.806431
-2.957393
-3.806431
-3.806431
-3.806431
-3.806431
-3.806431
-3.806431
-3.413970
-3.806431
-3.806431
-3.806431
-3.806431
-3.806431
-3.541729
-3.806431
-3.806431
-3.806431
-2.335461
-3.806431
-3.806431
-3.806431
-3.806431
-3.806431
-0.526672
-3.806431
-3.806431
-3.806431
-3.806431
-3.806431
-3.806431
-3.806431
-3.806431
-3.806431
-3.806431
-3.806431
-3.806431
-3.806431
-3.806431
-3.806431
-3.806431
-3.806431
-3.806431
-3.806431
-3.806431
-3.806431
-3.806431
-3.806431
-3.806431
-3.806431
-3.806431
-3.806431
-3.806431
-3.806431
-3.806431
-3.806431
-3.806431
-3.806431
-3.806431
-1.627939
-3.806431
-3.806431
-3.806431
-3.806431
-3.806431
-3.311255
-3.806431
-3.806431
-3.806431
-2.725647
-3.806431
-3.806431
-3.806431
-3.806431
-3.806431
-3.806431
-3.806431
-3.806431
-3.806431
-3.806431
-3.806431
-3.806431
-3.592766
-1.210726
-3.806431
-3.806431
-3.806431
-3.806431
-3.806431
-3.806431
-3.806431
-3.806431
-3.806431
-3.806431
-3.806431
-3.806431
-3.806431
-3.806431
-3.806431
-3.806431
-3.806431
-3.806431
-3.806431
-3.806431
-3.806431
-3.806431
-3.806431
-3.806431
-3.806431
-3.806431
-3.806431
-3.806431
-3.806431
-3.806431
-3.806431
-3.806431
-3.806431
-3.806431
-3.806431
-3.806431
-3.806431
-3.806431
-3.806431
-3.806431
-3.806431
-3.806431
-3.806431
-3.806431
-3.806431
-3.806431
-3.806431
-3.806431
-3.806431
-3.806431
-3.806431
0.861060
-3.556826
-3.806431
-3.806431
-3.806431
-3.806431
-3.806431
1.858978
-3.806431
-3.806431
-3.806431
-3.806431
-3.806431
-3.806431
-3.806431
-3.806431
-3.806431
-3.806431
-3.806431
-3.806431
-3.806431
-3.806431
-3.806431
-3.806431
-3.806431
-3.806431
-3.806431
-3.806431
-3.806431
-3.806431
-3.806431
-3.806431
-3.806431
-3.806431
-3.806431
-3.541729
-3.806431
0.724612
-3.806431
-3.806431
-3.806431
-3.806431
-3.806431
-3.806431
-2.087303
-3.806431
-3.806431
-3.806431
-3.806431
-3.806431
-3.806431
-3.806431
-3.806431
-3.806431
-3.806431
-3.806431
-3.806431
-3.198326
-3.806431
-3.806431
-3.806431
-3.806431
-3.806431
-3.806431
-3.598367
-3.806431
-3.806431
-3.806431
-3.806431
-3.806431
-3.806431
0.866536
-3.806431
-3.806431
-3.806431
-3.806431
-3.806431
-3.806431
-3.806431
-3.806431
-3.806431
-2.241992
-3.806431
-3.806431
-3.806431
-3.806431
-3.806431
-3.806431
-3.806431
-3.806431
-3.806431
-3.806431
-0.166505
-3.806431
-3.806431
-3.806431
-3.806431
-3.806431
-3.541729
-3.173232
-3.806431
-3.806431
-3.806431
-3.806431
-3.806431
-3.806431
-3.806431
-2.528126
-3.806431
-3.806431
-3.806431
-3.806431
-3.806431
-3.806431
-3.806431
-3.806431
-3.806431
-3.806431
-3.561673
-3.806431
-3.806431
-3.806431
-3.806431
-3.806431
-3.806431
-3.806431
-3.806431
-3.806431
-3.806431
-3.806431
-3.806431
-3.806431
-3.806431
-3.806431
-3.806431
-3.806431
-2.491446
-3.806431
-3.806431
-3.806431
-3.598831
-3.806431
-3.806431
-3.806431
-3.806431
3.215015
-3.806431
-3.806431
-3.806431
-3.806431
-3.806431
-3.561673
0.057324
-3.806431
-3.806431
-3.806431
-3.806431
-3.806431
-3.806431
-3.806431
-3.806431
-3.598831
-3.806431
-3.806431
-3.806431
-3.806431
-3.806431
-3.806431
-3.806431
-3.806431
-3.806431
-3.806431
-3.806431
-0.476395
-3.806431
-3.806431
-3.806431
-3.806431
-3.806431
-3.806431
-3.806431
-3.806431
-3.806431
-3.806431
-3.806431
-3.806431
-3.806431
-3.806431
-3.806431
-3.806431
-3.806431
-3.600222
-0.599620
-3.806431
-3.806431
-2.746547
-3.806431
-3.806431
-3.806431
-3.806431
-3.806431
-3.806431
-3.806431
-2.248487
-3.806431
-3.806431
-2.566343
-3.561673
-3.806431
-3.806431
-3.806431
-3.806431
-3.806431
-3.806431
-3.806431
-3.806431
-3.806431
-3.806431
-3.806431
-3.806431
-3.806431
-3.806431
-3.806431
-3.806431
-0.550770
-3.806431
-3.806431
-3.806431
-3.806431
-3.806431
-3.806431
-3.806431
-3.806431
-3.806431
-3.806431
-3.806431
-3.806431
-3.806431
-3.806431
-3.806431
-3.806431
-3.806431
-0.754303
-3.806431
-3.806431
-3.806431
-3.806431
-3.806431
-3.575422
-3.806431
-3.806431
-3.806431
-3.806431
-3.806431
-3.523047
-3.806431
-3.806431
-3.806431
-3.806431
-3.806431
-3.806431
-3.806431
-3.806431
-3.806431
-3.806431
-3.594639
-3.806431
-3.806431
-3.806431
-3.806431
-3.806431
-3.806431
0.815494
-3.806431
-3.806431
-3.806431
-3.806431
-3.806431
-3.806431
-3.806431
-3.806431
-3.806431
-3.806431
-3.806431
-3.806431
-3.806431
-3.806431
-3.806431
-3.806431
-3.806431
-3.806431
-3.806431
-3.806431
-3.806431
-3.806431
-3.806431
-3.806431
-3.806431
-3.358669
-3.806431
-3.806431
-3.806431
-3.806431
-3.806431
-3.806431
-3.806431
-3.806431
-3.806431
-3.806431
-3.806431
-3.806431
-3.567535
-3.806431
-3.806431
-3.806431
-3.806431
-3.806431
-3.806431
-3.806431
-3.806431
-3.806431
-3.806431
-3.806431
-3.806431
-3.806431
-3.806431
-3.806431
-3.806431
-3.806431
-3.806431
0.855116
-3.806431
-3.806431
-3.806431
-3.806431
-3.806431
-3.806431
-3.806431
-3.806431
-3.806431
-3.806431
-3.806431
-3.806431
-3.806431
-3.806431
-3.806431
-3.806431
-3.806431
-3.806431
-3.806431
-3.806431
-3.806431
-3.806431
-3.806431
-3.806431
-3.806431
0.430792
-3.806431
-3.806431
-3.806431
-3.806431
-3.806431
-3.806431
-3.806431
-3.806431
-3.806431
-3.806431
3.347679
-3.806431
-3.806431
-3.806431
-3.348007
-3.806431
-3.806431
-3.806431
-3.806431
-3.806431
-3.806431
-3.806431
-3.806431
-3.806431
-3.806431
-3.806431
-3.806431
-3.806431
-3.806431
-3.806431
-3.806431
-3.806431
-3.806431
-3.806431
-3.806431
-3.806431
-3.806431
-3.806431
-3.806431
-3.806431
-3.806431
-3.806431
-3.806431
-3.806431
-3.806431
-3.806431
-3.806431
-3.806431
-3.806431
-3.806431
-0.229813
0.074215
-3.806431
-3.806431
-3.806431
-3.806431
-3.806431
-3.806431
-3.806431
-3.806431
-3.806431
-3.806431
-3.806431
-2.520512
-3.806431
-3.806431
-0.391374
-3.806431
-3.806431
-3.806431
-3.806431
-3.806431
-3.806431
-3.806431
-3.806431
-3.806431
-3.806431
-3.806431
-3.806431
-3.806431
-3.806431
-3.806431
-3.806431
-3.806431
-3.806431
-3.806431
-3.806431
-3.806431
-1.953447
-3.806431
-3.806431
-3.806431
-3.806431
-3.806431
-3.806431
-3.806431
-3.806431
-3.806431
-3.806431
-3.806431
-3.806431
-3.806431
-3.806431
-3.806431
-3.806431
-3.806431
-3.806431
-3.806431
-3.806431
-3.806431
-3.806431
-3.806431
-3.806431
-3.806431
-3.806431
-3.806431
-3.806431
-3.806431
-3.806431
1.316562
-3.806431
-3.806431
-3.806431
-3.806431
-3.564879
-3.806431
-3.806431
-3.806431
-3.806431
-3.806431
-3.806431
-3.575422
-3.806431
-3.806431
-3.806431
-3.806431
-3.336526
-3.806431
-3.806431
-3.806431
-3.806431
-3.806431
-3.806431
-3.598831
-1.177436
-3.806431
-3.806431
-3.806431
-3.806431
-1.934420
-3.806431
-3.806431
-3.806431
-3.806431
-3.806431
-3.806431
-3.806431
-3.806431
-3.806431
-3.806431
-3.806431
-3.806431
-3.806431
-3.806431
-3.806431
-3.806431
-3.806431
-3.806431
-3.806431
-3.806431
-3.806431
-3.806431
-3.806431
-3.806431
-3.806431
-3.806431
-3.806431
-3.806431
-3.806431
-3.806431
-3.806431
-3.806431
-3.592766
-3.806431
-3.806431
-3.806431
-3.806431
-3.806431
1.313800
-3.806431
-3.806431
-3.806431
-3.806431
-3.806431
-3.806431
-3.806431
-3.806431
-3.806431
-3.806431
-3.806431
-3.806431
-3.806431
-3.806431
-3.806431
-3.806431
-3.806431
-3.806431
-3.806431
-3.806431
-3.806431
-3.806431
-3.806431
-3.806431
-3.806431
-3.806431
-3.806431
-3.806431
-3.806431
-3.806431
-3.806431
-3.806431
-3.806431
-3.806431
-3.806431
-3.806431
-3.806431
-3.806431
-3.806431
-3.806431
-3.806431
-3.806431
-3.806431
-3.806431
-3.806431
-3.806431
-3.806431
-3.806431
-3.806431
-3.806431
-3.806431
-3.806431
-3.806431
-3.806431
-3.806431
-3.806431
-3.806431
-3.806431
-3.806431
-3.806431
-3.806431
-3.806431
-3.806431
-3.806431
-3.806431
-3.806431
-3.806431
-3.144065
-3.414785
-3.806431
-3.806431
-3.806431
-3.806431
-3.147152
-3.806431
-3.806431
-3.806431
-3.806431
-3.806431
-3.806431
-3.806431
-1.267366
1.397336
-3.806431
-3.806431
-3.806431
-3.806431
-3.806431
-1.314007
-3.806431
-3.806431
-3.806431
-3.806431
-3.806431
-3.806431
-3.806431
-3.806431
-3.806431
-3.806431
-3.806431
-3.806431
-3.806431
-3.806431
-3.806431
-3.806431
-3.806431
-3.593235
-3.806431
-3.806431
-3.806431
-3.806431
-3.806431
-3.806431
-3.806431
-3.806431
-3.806431
-3.806431
-3.598831
-3.575422
-3.806431
-3.806431
-3.806431
-3.806431
-3.806431
-3.367358
-3.806431
-3.806431
-3.806431
-3.806431
-3.806431
-3.806431
-3.806431
-3.806431
-3.806431
-3.806431
-3.806431
-3.806431
-3.103120
-3.806431
-3.806431
-3.806431
-3.806431
-3.806431
-3.806431
-3.806431
-3.806431
-3.806431
-3.806431
-3.806431
-3.806431
-3.806431
-3.806431
1.360064
-3.806431
-3.806431
-3.806431
-3.806431
-3.806431
-3.806431
-3.806431
-3.806431
-3.806431
-3.806431
-3.806431
-3.806431
-3.806431
-3.806431
-1.182653
-3.806431
-3.806431
-3.806431
-3.806431
-3.806431
-3.806431
-3.806431
-3.806431
-3.806431
-3.806431
-3.367822
-3.806431
-3.806431
-3.806431
-3.806431
-3.806431
-3.806431
-3.806431
-3.806431
-3.806431
-3.806431
-3.806431
-3.806431
-3.806431
-3.806431
-3.806431
-3.806431
-3.806431
-3.806431
