46935, 109254, 73750, 73627, 71042, 20328, 17231, 47055, 133780, 55423, 66906, 8397, 47302, 54826, 13617, 23954, 46757, 55227, 11967, 54841, 47088, 102377, 39678, 23981, 24208, 12068, 72004, 38644, 62271, 29420
Feature count is 30
Criterion1 result is ObjectIndex = 103, Distance = -1.7152082121178939925655802759, Value = 0.7173722560768678130636229733
Boundary = -1.7118044131993202287483817005
-2.861601
-2.677188
-3.775335
-3.775335
-3.775335
-3.775335
-3.775335
-3.443365
-3.775335
-3.775335
-3.775335
-3.607938
-3.607938
-2.680070
-3.044138
-3.607938
-3.775335
-3.590923
-3.775335
-3.592798
-3.775335
-3.775335
-3.775335
-3.775335
-3.775335
-3.775335
-3.775335
-3.775335
-3.775335
-3.530577
-3.775335
-3.775335
-3.775335
-3.607938
-3.775335
-2.533300
-3.775335
-3.775335
-1.663647
-3.775335
-3.775335
-2.094801
-3.775335
-3.775335
-3.775335
-3.775335
-3.775335
-3.590923
-3.775335
-3.775335
-3.775335
-3.775335
-3.775335
-2.692420
-3.443365
-3.775335
-1.313299
-3.775335
-0.317182
-3.611699
-3.775335
-3.590923
-3.775335
-3.775335
-3.775335
-3.775335
-3.775335
-3.775335
-3.775335
-3.775335
-3.775335
-3.775335
-3.775335
-3.775335
-2.699332
-2.793201
-3.775335
-3.775335
-3.775335
-2.193713
-3.775335
-3.775335
-3.775335
-3.775335
-3.775335
1.986117
-3.775335
-3.775335
-3.592798
-3.775335
-3.612546
-3.775335
-3.775335
-3.775335
-2.861601
-3.775335
-3.775335
-3.775335
-3.607938
-3.442519
-3.775335
-3.775335
-1.941708
-1.715208
-3.775335
-3.775335
-2.394711
-1.895644
-3.775335
-3.775335
-3.775335
-3.775335
-3.775335
-3.775335
-2.078181
-3.044138
-3.775335
-3.775335
-2.531414
-3.775335
-3.775335
-3.775335
-2.838854
-3.775335
-3.775335
-1.708401
-3.217800
-3.775335
-3.775335
-3.775335
-3.775335
-2.861601
-3.775335
-3.775335
-3.612546
-3.775335
-1.236613
-3.775335
-3.775335
-1.312106
-3.775335
-2.694204
-3.592798
-3.775335
-3.775335
-3.612546
-3.775335
-3.775335
-3.775335
-3.082480
-3.590923
-3.590923
-3.775335
-3.775335
-3.775335
-3.775335
-3.775335
-3.775335
-3.136721
-3.775335
-3.775335
-3.775335
-2.072637
-3.775335
-3.775335
-3.775335
-3.775335
-2.699332
-3.775335
-3.775335
-3.554138
-3.775335
-3.775335
-3.775335
-3.775335
-3.775335
-3.590923
-3.775335
-2.499778
-3.775335
-3.775335
-3.775335
-3.775335
-3.775335
-3.775335
-3.775335
-2.711322
-3.775335
-3.775335
-3.775335
-3.775335
-3.775335
-3.775335
-3.775335
-2.625804
-3.775335
-3.775335
-3.775335
-2.526909
-3.775335
-3.775335
-3.775335
-2.876741
-3.775335
-3.775335
-3.775335
-3.775335
-3.775335
-3.775335
-3.775335
-3.775335
-3.775335
-3.775335
-3.360762
-3.775335
-3.775335
-3.775335
-3.775335
-3.775335
-3.775335
-3.775335
-3.775335
-1.430447
-3.524398
-3.606155
-3.607938
-3.775335
-3.775335
-3.775335
-2.682316
-3.775335
-3.775335
-3.775335
-2.078181
-3.775335
-3.775335
-3.775335
-3.775335
-2.662746
-2.352129
-3.264497
-3.277879
-3.775335
-3.612546
-3.775335
-3.611699
-3.775335
-3.775335
-3.775335
-3.775335
-3.611699
-0.655351
-3.775335
-3.775335
-3.775335
-3.775335
-3.775335
-1.308236
-3.775335
-3.775335
-3.607938
-3.775335
-3.775335
-3.775335
-3.775335
-3.775335
-3.775335
-0.103014
-3.775335
-3.775335
-1.579885
-3.775335
-3.044138
-3.775335
-3.775335
-3.524398
-3.044138
-3.607938
-3.775335
-3.775335
-3.775335
-3.775335
-3.775335
-3.775335
-3.266892
-3.775335
-3.775335
-2.020762
-2.976775
-3.775335
-3.775335
-3.775335
-3.775335
-3.775335
0.097741
-3.775335
-3.775335
-3.590923
-3.775335
-3.775335
-3.775335
-3.044138
-3.775335
-3.775335
-3.775335
-3.775335
-3.775335
-3.775335
-3.775335
-3.597926
-3.606155
-3.775335
-2.876741
-3.775335
-3.606155
-3.044138
-0.063261
-2.621509
-3.182528
-3.775335
-3.775335
-3.775335
-3.592798
-3.775335
-3.179592
-3.775335
-3.611699
-3.775335
-3.775335
-3.775335
-3.775335
-3.775335
-3.775335
-3.775335
-3.775335
-2.859726
-3.775335
-3.775335
-3.775335
-3.775335
-0.729564
-3.607938
-3.775335
-3.775335
-3.430529
-3.775335
-3.775335
-3.775335
-3.775335
-3.775335
-3.775335
-3.775335
-3.590923
-3.775335
-3.775335
-3.430529
-3.775335
-3.775335
-3.413513
-3.775335
-3.775335
-3.775335
-3.775335
-3.775335
-3.775335
-2.527756
-3.303201
-3.775335
-3.775335
-3.775335
-3.775335
-3.775335
-3.775335
-3.775335
-3.775335
-3.775335
-3.775335
-2.424902
-0.370369
-3.775335
-3.775335
-3.775335
-2.712168
-3.775335
-3.775335
-3.607938
-3.775335
-3.775335
-3.775335
-1.643368
-3.775335
-3.775335
-3.775335
-3.775335
-3.775335
-3.775335
-3.775335
-3.775335
-3.775335
-3.386832
-3.775335
-3.775335
-3.775335
-2.876741
-3.775335
-3.775335
-3.775335
-3.775335
-3.775335
-0.958837
-3.611699
-3.775335
-3.607938
-3.775335
-3.606155
-3.775335
-2.519527
-3.775335
-3.775335
-3.430009
-2.525023
-3.775335
-3.775335
-3.775335
-3.775335
-3.775335
-3.775335
-3.607938
-3.775335
-3.775335
-3.775335
-3.775335
-3.775335
-3.775335
-3.775335
-3.775335
-3.775335
-3.775335
-0.226531
-3.590306
-3.607938
-3.775335
-3.775335
-3.775335
-3.775335
-3.462292
-3.775335
0.501573
-3.775335
-3.775335
-3.775335
-3.775335
-3.775335
-3.775335
-3.775335
-3.590923
-3.592798
-3.775335
-3.445149
-1.093427
-3.775335
-3.775335
-2.861601
-3.775335
-1.192564
-3.775335
-3.775335
-3.775335
-3.775335
-3.775335
-3.775335
-3.775335
-3.775335
-3.775335
-3.775335
-3.775335
-3.775335
-3.775335
-2.424902
-2.799380
-0.950284
-3.775335
-3.775335
-3.775335
-3.607938
-3.775335
-3.775335
-3.775335
-3.387658
-3.775335
-3.775335
-3.590923
-3.775335
-3.775335
-3.775335
-2.336320
-3.241094
-1.897214
-3.775335
-3.775335
-3.775335
-3.775335
-3.775335
-3.775335
-3.775335
-3.775335
-3.775335
-3.775335
-3.775335
-2.456624
-2.701824
-3.606155
-3.775335
-3.438757
-3.775335
-0.587984
-3.775335
-3.590923
-3.775335
-3.775335
-3.775335
-3.611699
-2.692420
-3.775335
-3.775335
-3.775335
-3.775335
-3.775335
-3.775335
-3.775335
-3.775335
-3.590923
-3.775335
-3.775335
-3.775335
-3.775335
-3.775335
-3.607938
-3.775335
-3.775335
-3.775335
-3.592798
-3.775335
-2.712168
-3.592798
-3.775335
-2.377354
-3.775335
-2.684191
-3.775335
-3.775335
-3.095316
-3.454725
-2.100346
-3.612546
-3.775335
-3.775335
-3.775335
-3.775335
-0.425195
-3.775335
-3.775335
-2.861601
-3.524398
-3.775335
-3.775335
-2.640197
1.670050
-3.775335
-3.775335
-3.775335
-3.775335
-3.775335
-3.775335
-3.775335
-3.775335
-3.775335
-3.775335
-3.775335
-3.597926
0.158204
-3.775335
-3.606155
-3.775335
-3.775335
-2.881349
-3.775335
0.400983
-3.775335
-1.815967
-3.775335
-3.775335
-3.775335
-3.095316
-2.809378
-3.775335
-1.744505
-3.775335
-2.625804
-3.775335
-3.264497
-3.775335
-3.775335
-3.775335
-3.194212
-3.775335
-3.775335
-3.775335
-2.614953
-3.775335
-3.775335
-3.775335
-3.775335
-3.607938
-3.775335
-3.775335
-3.775335
-3.775335
-3.775335
-3.775335
-3.775335
-3.775335
-3.775335
-3.258106
-3.775335
-3.775335
-2.861601
-1.325851
-3.590923
-3.775335
-3.775335
-3.775335
-3.775335
-3.590923
-3.775335
-3.775335
-3.387658
-3.775335
-3.524398
-3.775335
-3.775335
-3.775335
-3.775335
-3.360762
-0.872733
-3.592798
-3.775335
-3.775335
-3.775335
-3.775335
-3.775335
-2.769578
-3.193365
-3.775335
-3.775335
-3.775335
-3.775335
-3.775335
-3.775335
-3.775335
-3.775335
-3.775335
-3.775335
-3.775335
-3.775335
-3.775335
-3.775335
-3.775335
-3.775335
-3.775335
-3.775335
-3.775335
-3.775335
-2.525023
-3.590923
-3.775335
0.852932
-3.775335
-2.625804
-2.344371
-3.775335
-3.775335
-3.775335
-3.775335
-3.775335
-3.775335
-3.775335
-3.427286
-3.775335
-3.775335
-3.775335
-3.775335
-3.775335
-3.775335
-2.284758
-3.775335
-3.775335
-3.775335
-3.775335
-3.775335
-3.357001
-3.775335
-3.775335
-3.775335
-3.775335
-3.775335
-1.620217
-3.775335
-3.775335
-3.607938
-3.775335
-3.775335
-3.607938
-3.775335
-3.775335
-3.775335
-3.775335
-3.775335
-3.775335
-3.775335
-3.775335
-3.427286
-3.775335
-3.775335
-3.775335
-3.775335
-3.775335
-2.483360
-3.775335
-2.456624
-3.775335
-3.775335
-3.775335
-3.607938
-3.775335
-3.775335
-3.775335
-3.775335
-3.611699
-3.775335
-3.775335
-3.775335
-3.775335
-1.190808
-3.775335
-3.775335
-3.607938
-3.775335
-3.775335
-3.775335
-3.775335
-3.775335
-2.682316
-3.775335
-3.611699
-3.775335
-3.058442
-3.775335
-3.775335
-3.775335
-2.028914
-3.775335
-3.775335
-3.607938
-3.775335
-3.775335
-3.775335
-3.775335
-3.556013
-3.775335
-3.259981
-3.775335
-3.607938
-1.526761
-3.775335
-2.273048
-3.775335
-3.775335
-3.612546
-3.775335
-3.230975
-3.775335
-3.775335
-3.775335
-3.775335
-3.775335
-3.607938
-3.775335
-3.775335
-0.847405
-3.590923
-1.519579
-3.775335
-3.590923
-3.592798
-2.677188
-3.775335
-3.112599
-3.775335
-3.775335
-3.775335
-3.775335
-3.524398
-3.775335
-2.694204
-3.775335
-3.775335
-3.775335
-3.590923
-3.775335
-3.524398
-0.352170
-3.775335
-3.775335
-3.590923
-3.775335
-3.775335
-3.775335
-3.264497
-3.775335
-3.775335
-3.221321
-3.775335
-3.775335
-3.775335
-3.775335
-3.775335
-3.775335
-3.775335
-3.258106
-3.775335
-3.775335
-3.775335
-3.775335
-3.775335
-3.775335
-3.775335
-3.775335
-3.775335
-1.607555
-3.775335
0.248083
-2.646996
-3.775335
-2.536542
-3.775335
-1.230914
-3.775335
-2.793201
-3.775335
-3.775335
-3.197973
-3.775335
-3.775335
-3.775335
-3.775335
-3.775335
-2.364119
-3.597926
-3.775335
-3.775335
-2.346385
-3.775335
-3.775335
-1.345052
-3.775335
-3.775335
-3.775335
-3.775335
-3.775335
-3.775335
-3.592798
-3.775335
-3.775335
-3.775335
-3.775335
-0.357852
-2.544771
-3.775335
-3.775335
-1.028379
-3.775335
-3.775335
-3.775335
-3.775335
-3.775335
-2.682316
-3.775335
-3.775335
-3.775335
-3.597926
-3.775335
-3.775335
-3.775335
-3.775335
-3.612546
-3.775335
-3.775335
-3.775335
-3.775335
-3.775335
-3.775335
-2.203530
-3.775335
-3.775335
-3.775335
-3.775335
-3.597926
-3.775335
-3.775335
-3.775335
-3.607938
-3.029513
-3.775335
-3.775335
-3.775335
-3.775335
-3.560731
-3.775335
-3.775335
-3.775335
-3.775335
-3.775335
-3.775335
-3.775335
-3.775335
-3.775335
-3.391348
-3.775335
-3.775335
-3.775335
-3.775335
-3.775335
-3.775335
-3.775335
-3.775335
-3.611699
-3.775335
-2.607439
-3.775335
-2.692420
-3.775335
-2.531414
-3.060582
-3.775335
-3.775335
-3.775335
-3.775335
-3.775335
-3.775335
-3.775335
-3.562607
0.277359
-3.775335
-3.775335
-3.775335
-3.775335
-2.241817
-0.370022
-3.775335
-3.775335
-2.682316
-3.775335
-2.509791
-3.775335
-3.775335
-3.775335
-3.775335
-3.129475
-3.775335
-3.775335
-3.554138
-3.775335
-3.611699
-3.430009
-3.775335
-3.775335
-3.775335
-3.775335
-3.775335
-3.775335
-3.775335
-3.590923
-2.096065
-3.775335
-3.775335
-3.425401
-3.413513
-3.775335
-3.775335
-3.612546
-3.775335
-3.775335
-3.775335
-3.357001
-3.775335
-3.775335
-3.775335
-3.775335
-1.876601
-3.775335
-3.592798
-3.775335
-3.775335
-3.775335
-3.775335
-2.861601
-2.499778
-3.775335
-3.775335
-3.775335
-3.775335
-3.775335
-3.775335
-3.775335
-3.775335
-3.775335
-0.367740
-3.775335
-1.990250
-3.775335
-3.303201
-3.775335
-3.775335
0.585666
-3.775335
-3.775335
-3.775335
-3.044138
-3.775335
-1.895682
-3.775335
-3.166448
-3.775335
-2.881349
-3.611699
-3.775335
-3.775335
-3.775335
-2.694204
-3.775335
-3.775335
-3.524398
-3.590923
-3.775335
-2.684191
-3.775335
-3.775335
-3.775335
-1.347929
-3.775335
-3.775335
-3.775335
-3.611699
-3.430529
-1.408890
-3.775335
-3.775335
-3.775335
-3.775335
-3.775335
-3.775335
-3.775335
-3.775335
-3.775335
-3.044138
-3.775335
-3.775335
-3.775335
-2.179168
-3.775335
-3.775335
-3.775335
-3.775335
-3.775335
-3.775335
-3.775335
-3.775335
-3.597926
-3.775335
-3.775335
-3.775335
-3.775335
-3.775335
-3.775335
-3.592798
-3.607938
-3.775335
-3.775335
-3.443365
-1.272564
-3.775335
-3.775335
-3.775335
-3.611699
-3.775335
-0.740737
-3.775335
-3.775335
-3.775335
-2.303825
-3.775335
-3.775335
-3.775335
-0.378042
-3.775335
-3.775335
-2.456624
-3.775335
-3.775335
-3.775335
-3.775335
-3.775335
-1.401532
-1.010666
-3.775335
-3.775335
-3.775335
-3.775335
-3.775335
-3.775335
-3.462292
-3.775335
-3.775335
-3.775335
-2.488919
-3.607938
-3.775335
-3.775335
-3.246116
-3.775335
-3.775335
-3.775335
-3.775335
-3.775335
-3.775335
-3.775335
-1.572213
-3.775335
-3.192428
-3.775335
-3.775335
-2.529631
-3.775335
-3.775335
-3.775335
-3.775335
-3.775335
-3.260736
-3.612546
-3.590923
-3.612546
-3.775335
-2.367361
-3.775335
-2.861601
-3.775335
-3.775335
-3.775335
-3.775335
-3.775335
-3.775335
-3.775335
-3.775335
-3.775335
-3.775335
1.350950
-0.066578
-3.607938
-3.775335
-3.775335
-3.775335
-3.775335
1.076673
-2.713105
-3.775335
-3.607938
-3.775335
-3.775335
-3.775335
-3.775335
-3.775335
-3.775335
-2.703939
-3.590923
-3.775335
-3.607938
-3.775335
-3.775335
-3.775335
-3.611699
-3.775335
-3.115090
-3.775335
-3.775335
-3.775335
-2.461231
-3.775335
-3.360762
-3.775335
-3.775335
-2.255946
-3.775335
3.058674
-3.775335
-3.775335
-3.775335
-3.607938
-3.775335
-3.775335
-2.312712
-3.607938
-3.775335
-3.775335
-3.597926
-3.448910
-3.775335
-3.775335
-3.775335
-3.775335
-3.597926
-3.775335
-3.462292
-1.780753
-3.775335
-3.775335
-3.430529
-3.775335
-3.775335
-3.524398
-1.133717
-3.775335
-3.775335
-3.775335
-3.775335
-3.611699
-3.775335
1.525670
-3.775335
-3.775335
-3.775335
-3.775335
-3.775335
-3.775335
-3.775335
-3.590923
-3.775335
-2.495657
-3.775335
-3.445149
-3.775335
-3.775335
-3.775335
-3.775335
-3.775335
-3.588269
-3.775335
-3.044138
0.271528
-3.775335
-3.775335
-3.775335
-3.775335
-3.775335
-2.904550
-3.256709
-3.607938
-3.443365
-3.775335
-3.775335
-3.775335
-3.775335
-3.775335
-2.299379
-3.775335
-3.775335
-3.430529
-3.607938
-3.775335
-3.775335
-3.775335
-3.775335
-3.607938
-3.775335
-2.262112
-3.775335
-3.775335
-3.775335
-3.775335
-3.775335
-3.775335
-3.425401
-3.775335
-3.775335
-3.775335
-3.775335
-2.859726
-3.775335
-3.775335
-3.384957
-3.775335
-3.775335
-2.572004
-3.775335
-3.775335
-3.775335
-1.358188
-3.775335
-3.775335
-3.044138
-3.775335
1.109971
-3.775335
-3.775335
-3.775335
-3.775335
-3.044138
-2.499778
-0.472337
-3.775335
-3.775335
-3.775335
-3.775335
-3.611699
-3.775335
-3.775335
-3.775335
-2.624021
-3.775335
-3.775335
-0.783308
-3.607938
-3.775335
-3.775335
-3.775335
-3.590923
-3.775335
-3.775335
-3.607938
-1.236012
-3.775335
-3.775335
-3.775335
-3.554138
-3.775335
-3.775335
-2.424902
-3.775335
-3.775335
-3.775335
-3.775335
-3.775335
-3.775335
-3.775335
-3.775335
-3.775335
-3.775335
-2.262615
-0.240206
-1.927420
-3.607938
-1.986694
-3.775335
-3.775335
-3.775335
-3.590923
-3.775335
-3.775335
-3.775335
-1.941708
-3.775335
-3.775335
-1.036188
-2.155580
-3.408385
-3.239204
-3.775335
-3.775335
-3.044138
-3.775335
-3.775335
-3.775335
-2.861601
-3.221321
-3.775335
-3.775335
-3.775335
-3.139565
-3.775335
-3.445149
-0.404636
-3.775335
-3.775335
-3.044138
-3.775335
-3.775335
-3.775335
-3.775335
-3.775335
-3.775335
-3.775335
-3.448910
-2.861601
-3.775335
-3.775335
-3.611699
-3.775335
-3.775335
1.804469
-3.775335
-3.775335
-3.775335
-3.775335
-3.775335
-1.390965
-2.861601
-3.554138
-3.775335
-3.775335
-3.775335
-1.060207
-2.861601
-3.590923
-3.775335
-3.775335
-2.861601
-3.775335
-3.775335
-3.775335
-3.775335
-3.775335
-3.303201
-3.775335
-3.775335
-3.775335
-3.775335
-3.775335
-3.775335
0.574461
-3.775335
-3.015955
-2.364119
-3.775335
-3.413513
-3.258952
-3.775335
-2.448395
-3.606155
-3.775335
-3.775335
-2.861601
-3.775335
-3.775335
-3.775335
-3.775335
-3.427286
-3.775335
-3.590923
-3.775335
-3.775335
-1.798115
-3.590923
-3.775335
-3.775335
-2.499778
-2.186944
-3.607938
-3.775335
-3.775335
-3.775335
-3.775335
-3.434290
-2.861601
-3.775335
-3.775335
-3.775335
-2.361387
-2.526909
-3.775335
-3.554138
-3.775335
-3.524398
-3.524398
-3.378193
-3.775335
-3.775335
-3.775335
-2.876741
-3.775335
-3.448910
-3.775335
-3.775335
-3.775335
-3.775335
-3.775335
-3.775335
1.145358
-3.775335
-3.775335
-3.775335
-3.775335
-3.775335
-3.775335
-3.775335
-3.775335
-3.606155
-3.775335
-3.430529
-3.775335
-3.775335
-3.775335
-3.775335
-3.611699
-3.775335
-3.775335
-3.775335
-3.443365
-3.775335
-3.775335
-3.775335
-2.998940
-3.775335
-1.092709
-3.611699
-3.775335
-3.775335
-3.775335
-2.699332
-3.775335
-3.775335
-3.775335
-3.590923
-3.775335
1.773151
-3.775335
-2.265857
-3.775335
-1.581177
-3.775335
-3.775335
-3.775335
-3.775335
-3.775335
-3.775335
-3.775335
-3.560731
-3.775335
-3.775335
-2.219617
-2.861601
-3.775335
-3.775335
-3.775335
-3.775335
-3.775335
-3.775335
-3.775335
-3.775335
-2.509791
-3.775335
-3.775335
-3.775335
-3.775335
-3.607938
-3.607938
-3.775335
-3.775335
-3.775335
-3.775335
-3.775335
-3.775335
-3.775335
-3.611699
-1.769532
-0.741011
-3.775335
-3.775335
-3.775335
-3.775335
-3.775335
-3.775335
-3.775335
-3.590923
-3.775335
-3.607938
-3.775335
-0.755931
-3.775335
-3.775335
0.404202
-0.742877
-3.775335
-3.775335
-3.775335
-3.775335
-3.590923
-3.775335
-3.554138
-3.775335
-3.775335
-3.775335
-3.775335
-3.775335
-3.775335
-3.775335
-3.775335
-3.775335
-3.775335
-2.682316
-3.775335
-3.775335
-1.878365
-3.775335
-3.775335
-2.861601
-3.775335
-3.775335
-3.775335
-3.607938
-3.775335
-3.775335
-3.775335
-3.775335
-3.775335
-3.775335
-3.775335
-3.775335
-3.775335
-3.775335
-3.775335
-2.020762
-3.775335
-3.775335
-3.775335
-3.775335
-3.775335
-3.775335
-3.611699
-3.430009
-3.524398
-3.775335
-3.775335
1.494732
-3.775335
-2.699332
-3.775335
-3.775335
-2.292833
-3.775335
-3.775335
-2.572004
-3.775335
-3.775335
-3.095316
-3.015487
-3.775335
-3.775335
-3.607938
-3.775335
-2.051076
-3.775335
-3.607938
-3.775335
-3.044138
-1.881619
-3.775335
-3.499265
-1.023291
-3.775335
-3.775335
-3.775335
-3.775335
-0.739795
-3.775335
-3.775335
-3.775335
-3.775335
-3.775335
-3.430529
-3.775335
-3.775335
-3.775335
-3.775335
-3.775335
-3.775335
-2.861601
-3.775335
-3.592798
-3.775335
-3.775335
-3.430529
-3.775335
-2.700491
-3.775335
-3.775335
-3.044138
-3.775335
-3.775335
-3.775335
-3.775335
-3.775335
-3.775335
-3.775335
-3.775335
-3.775335
-2.064408
-2.311509
-3.775335
-3.775335
-3.606155
-3.775335
0.080233
-3.775335
-3.775335
-1.724588
-3.775335
-3.775335
-3.775335
-3.775335
-3.775335
-3.775335
-3.775335
-3.775335
-3.775335
-3.775335
-3.775335
-3.775335
-3.775335
-2.861601
-3.606155
-3.775335
-3.775335
-1.869237
-3.611699
-3.775335
-3.611699
-3.775335
-3.775335
-2.284758
-3.775335
-3.775335
-3.775335
-3.775335
-3.775335
-3.264497
-3.775335
-3.775335
-3.775335
-3.775335
-3.607938
-3.775335
-3.430529
-3.775335
-3.612546
-3.775335
-3.775335
-3.775335
-3.775335
-3.607938
-3.607938
-3.775335
-3.775335
-3.775335
-3.775335
-3.775335
-3.775335
-3.775335
-3.775335
-3.775335
-1.302002
-3.775335
-3.775335
-0.389194
-3.775335
-3.775335
-3.775335
-3.775335
-3.775335
-3.775335
-0.998208
-2.342975
-3.590923
-3.775335
-3.775335
-3.775335
-2.412925
-3.775335
-3.775335
-3.775335
-2.073554
-3.775335
-3.775335
-3.775335
-3.775335
2.777289
-3.775335
-2.607439
-3.775335
-3.775335
-3.775335
-0.250454
-3.775335
-3.775335
-3.775335
-3.607938
-3.775335
-3.775335
-3.775335
-3.775335
-3.775335
-3.775335
-3.775335
-3.775335
-3.611699
-3.775335
-3.775335
-3.775335
-3.775335
-3.044138
-3.775335
-3.775335
-3.775335
-3.775335
-3.775335
-3.612546
-3.775335
-3.775335
-3.775335
-3.775335
-3.048352
-3.134020
-3.775335
-3.775335
-3.775335
-3.775335
-3.775335
-0.654274
-3.775335
-2.684191
-3.590923
-3.775335
-3.775335
-3.775335
-3.775335
-3.592798
-3.775335
-3.775335
-3.775335
-3.428133
-2.900280
-3.775335
-3.775335
-3.775335
-3.775335
-3.775335
-3.775335
-3.775335
-3.775335
-3.775335
-3.775335
-3.775335
-3.775335
-3.775335
-3.775335
-0.289097
-3.775335
-2.350763
-3.607938
-3.775335
-3.775335
-3.775335
-3.775335
-3.775335
-3.775335
-3.044138
-3.775335
-3.607938
-3.775335
-3.607938
-0.381874
-3.775335
-1.283100
-3.775335
-3.775335
-3.775335
-3.775335
-3.775335
-3.775335
-3.611699
-3.775335
-3.499265
-3.775335
-3.775335
-3.775335
-3.775335
-3.775335
-3.775335
-3.775335
-3.775335
-3.607938
-3.775335
-3.357001
-3.775335
-3.775335
-3.611699
-3.607938
-2.177821
-3.775335
-3.775335
