===== FindNoisyObjects Started at 10/27/2021 14:53:42
13601
5499
2454
24
12778
10062
11454
4078
8230
7466
13570
3122
7490
4253
5495
13584
3111
7434
42
2077
3930
13582
13265
23
5626
3256
2064
13160
13578
9795
13608
7432
7407
3059
3166
7429
13464
7436
2893
13530
3093
8923
3348
7473
7386
13523
7447
7444
3976
13445
3921
3947
2039
11128
3039
7442
7449
13533
3872
7433
7481
13520
7441
7460
3943
13579
7448
11564
7454
2857
13500
3117
3261
13562
13571
13588
2044
2885
13589
7443
7453
3158
13575
5515
13481
13566
9865
3106
10049
2089
8810
13568
2295
10064
3904
7480
7430
13551
7439
5650
13346
13517
13544
7435
3246
7458
7917
3065
7459
13493
7417
3028
7400
1780
1555
38
13596
13564
5504
13569
3063
10051
10016
13590
4023
7734
5498
1472
13521
13558
3172
13609
7471
1693
5505
13503
2179
7438
13603
7457
7437
13524
3910
7478
7440
12665
12415
9727
13489
13548
13529
7431
13605
7446
7452
13498
9141
5556
13598
5516
4148
7465
1791
13537
5502
1935
7470
3875
9052
2035
5523
12659
1758
13597
3891
8833
5664
13450
7500
10045
5686
7576
1699
3885
9492
13607
7450
3873
7445
13422
13585
3936
7462
1709
13556
1798
5506
13594
12655
13312
13573
5644
13453
5646
213
7463
5716
79
5573
7456
13610
13467
13507
7512
2332
3900
10012
2048
13587
3992
10060
1630
2345
13502
4073
13549
7496
12514
13547
2040
3912
13559
5641
3083
3072
2621
1844
1866
5627
3104
12925
13116
12505
7506
9601
1601
2027
67
13525
13390
13604
13553
7476
3971
13593
3927
7560
13248
12933
2813
5510
4132
1738
9433
13586
7423
13246
12873
1861
13595
7493
1456
13550
4462
13158
3270
7479
3307
5925
12948
13519
3035
7483
12943
7428
2969
12848
13552
10009
2080
7533
0
7474
5946
2047
7426
5731
6035
7609
1923
13574
10037
1838
7411
3874
7882
3266
3882
3299
13072
9242
3184
373
9254
13576
1782
4114
13187
5705
7530
1651
12969
5929
1694
8699
7517
13301
13026
9876
13089
3254
9907
1625
2029
9686
8587
9831
9307
2021
5810
13281
13515
13322
2049
7499
9569
13352
4275
5616
13528
210
13386
455
9976
9972
3871
9531
13472
13415
8604
7531
4551
7538
6967
3314
13321
3982
3896
7643
7488
2031
1985
13465
7451
666
7660
469
7527
2008
7789
9695
3933
4245
197
12570
12771
9043
7495
13179
1972
3951
3902
5692
13075
3331
3937
12469
13538
13518
8886
2024
3888
3991
11473
5774
2023
3876
13509
13480
13599
7548
4461
1904
9008
13505
1895
3889
7133
13514
1896
2542
6459
9369
1919
7520
4139
3926
11601
5518
7486
8486
3965
7013
3931
13379
5519
13600
8280
6954
13488
5566
6982
4497
8177
7492
3338
6983
3939
3892
5819
6128
3962
13592
10039
293
7283
5856
1984
2208
3330
7529
2025
3999
2262
13261
2174
7588
4270
7469
1922
3995
4003
2349
2339
13229
4028
7472
7700
4320
10063
9045
2013
401
2438
8490
4142
7414
2355
7494
7485
8237
1914
2196
7468
7311
2219
13512
2448
4024
7484
7307
7546
2338
13583
8452
6418
2620
4055
7288
8184
7211
2191
2334
306
2375
4199
7524
4137
7076
7536
8154
2395
4340
7415
7244
6822
12318
7491
4394
4422
7565
10058
4620
4300
4658
5823
2306
6491
2226
2363
12983
9957
4269
12945
645
432
4192
2068
4608
12795
2546
8056
4653
2595
7129
4505
2557
2610
2619
2050
4147
12649
7374
2526
4009
2161
3969
4357
3990
2038
4477
4042
8691
4649
4882
7582
13032
2646
12911
2018
6215
2087
4471
4905
2308
1983
4917
3878
7539
2783
2581
4238
2476
5151
12970
5540
1969
4830
4889
1961
12940
5158
5270
13113
7507
7528
12938
4662
5058
5262
5245
7331
7359
13186
12826
7665
7513
7537
5525
13033
7510
7535
9526
5452
12758
442
7572
2544
2822
5119
7551
7482
4932
7519
12775
4198
2119
13165
13441
13264
2591
12875
2696
4996
13156
7580
2074
4583
5429
7634
13245
8871
632
2590
5127
2536
7564
2538
4575
2513
6399
2659
7575
7610
2082
7521
2095
7635
7332
7063
7337
13220
2991
9830
7545
13451
13215
7347
2676
2840
7266
13362
13302
13269
9604
13357
7422
13172
7554
7515
7617
2235
13046
13309
13196
2873
13378
5123
2804
7541
13253
2996
7146
9990
7552
13274
13409
6259
13308
13306
13460
7562
3886
7557
7544
5604
9660
7399
13424
2781
2007
13469
7589
1990
9529
7509
5876
13466
13426
2845
2032
8134
1035
10021
13430
2083
13332
2108
839
9898
13545
1168
7581
13486
13342
706
7574
13423
2945
13271
412
13351
13449
7631
13474
13447
13305
13477
13479
13384
13389
13546
7615
13494
5511
13541
7597
13435
13334
13448
13411
7596
6330
13417
3917
13522
7601
7758
3879
6427
1030
2011
9890
13513
1388
891
6837
6521
1338
13485
13535
2076
7737
3935
7802
2138
7602
13490
7770
2019
7642
3898
9971
7662
9904
13531
7671
2160
13536
1402
6624
7502
13565
7595
7765
3932
8049
2016
7728
368
7651
13439
7779
7926
1147
7750
3894
7997
7646
7578
7889
13602
7830
13323
2124
7729
8028
7667
7701
8070
2009
8117
7522
7890
2582
7931
7850
7593
13508
2192
7607
6654
7748
3883
7687
7637
7990
7611
7688
7408
2828
7731
7695
7854
2201
2114
7866
2028
1197
7772
7978
7979
7908
7663
1447
7867
13540
7677
7816
5527
7784
8311
7732
7681
7669
7648
13555
1334
1111
7911
7957
7632
7690
8195
5606
7698
7771
1315
1999
7711
1303
8077
7724
7760
7703
7775
13542
8122
7767
7714
7745
7862
7657
7598
===== FindNoisyObjects Ended at 10/27/2021 14:53:43
===== FindNoisyObjects Started at 10/27/2021 23:48:17
7466
10062
12778
11454
13584
2454
13601
5499
24
7490
13570
13578
8230
3122
7434
13160
4253
4078
42
13582
3256
3930
2064
5626
5495
3111
13265
13530
13608
7432
3059
2077
3348
7407
9795
23
13523
7429
13533
7447
7436
3921
2893
3976
8923
13445
13579
2039
7442
7444
3166
7473
13464
7386
7448
13520
11128
13589
7441
3947
7449
7433
3039
5515
13562
3093
13571
13500
13551
3872
11564
7454
13575
3943
7481
3904
2044
9865
2295
2089
7443
13568
3117
13517
8810
3261
7460
2857
13544
13481
7480
3158
13566
13346
10049
13603
1780
13590
7453
2885
7917
13588
5650
7435
7430
7439
2179
3106
5505
10064
3065
13493
3246
10016
7437
7458
3028
7417
7438
7734
10051
4023
13564
13569
7459
13596
5498
7400
1472
5504
7478
38
1693
3072
3910
12665
3063
13556
13605
3172
3875
13529
13498
4148
13503
13489
1555
9727
7440
12415
1758
13524
13558
3885
3104
1709
13609
13594
13548
7452
3083
8833
7431
13521
9492
13453
7446
13573
5644
7470
13597
9141
7457
1935
7471
13450
13607
5556
10045
5716
12655
13585
12514
9052
5686
13610
12873
13537
13422
5664
7445
7465
13549
13467
3873
2813
5523
7450
7576
5516
13312
3307
13604
13547
7500
3299
1791
5502
7456
7462
13595
1798
2035
2621
5573
12659
2332
7426
7463
3035
13502
3266
1844
67
5646
13586
7476
3891
3254
1601
12933
3184
13507
13593
13587
5641
79
12505
1699
13598
12925
5627
5506
13390
10060
2048
7423
5510
13248
7560
13553
1866
13525
1630
12948
7428
3270
9601
213
4073
7512
7496
3936
10012
3912
13519
7506
3900
1923
1861
2047
9433
0
2345
3992
3882
3971
12848
5705
1456
2040
2080
5946
13515
4132
13246
9695
7530
7479
13552
7533
2969
13116
6035
9976
3874
12969
2027
7411
1838
3927
12943
13574
210
7488
13158
5616
7493
13576
1738
10009
13072
7474
3338
13089
3314
13550
13559
7499
5810
1651
3330
13301
13322
8587
2049
5731
5925
4462
13026
13281
2029
3331
7660
10037
9569
9254
13321
7483
9876
9307
4114
13187
9531
3982
1985
9907
7609
13528
7531
1782
3871
9242
4275
7882
5929
9972
13415
7517
8886
8699
13472
7643
7451
13229
2021
13179
666
9831
7520
1694
7789
13075
13386
5774
3889
8604
1972
9045
13352
373
8177
1625
12570
3926
12771
9686
455
5819
12469
1895
11473
11601
3876
5856
13480
13465
3892
13261
7529
6967
5566
3896
3931
8691
1896
7548
2008
6418
3939
6822
7527
3933
2023
7495
5692
1919
1984
1904
3888
9043
5518
7700
9369
7538
4003
3902
469
7492
3937
3965
13488
197
8237
8486
13505
4551
9008
4028
7133
2031
4497
6459
3962
2024
13512
8280
6954
2338
2363
3991
2191
2262
2349
13538
13600
7013
4461
2395
8452
2161
7311
401
10058
2476
7486
6128
2219
3999
13592
13583
6982
2306
13514
6983
2646
2226
13599
4245
432
2334
13518
7283
2025
4055
5519
8490
10039
13509
2208
2308
4142
3951
293
7211
7472
2174
2355
7588
9526
3995
2196
2375
7414
2581
8056
10063
7485
7415
7491
2013
2448
2619
2620
5823
12318
12795
7307
13379
7536
1922
7582
8154
4139
7484
7288
7244
4608
2339
7468
8184
2542
4471
4009
2610
13032
7519
3969
3990
6491
1914
4042
7331
4300
5525
4024
4477
4882
4147
2538
7374
2038
4238
12911
4505
4357
4137
2676
2783
7359
12945
645
12983
2087
1983
4620
8871
4653
2050
9957
2822
7539
4658
4932
7528
7565
7469
12649
2546
2595
4192
7665
2068
12775
4340
2557
2438
7332
7494
4269
4905
7546
7129
2526
4422
13033
4198
4270
4394
2018
5270
4199
306
13113
12826
4662
2591
2544
7535
5245
1969
7513
7634
5540
4996
632
4575
13253
2119
9529
7580
4917
7610
12938
5123
5452
13186
7524
4320
4830
7076
7482
7521
12970
2840
2590
2082
2804
12875
2513
2095
7635
13156
6215
7337
12940
5158
7564
5429
5151
7063
7510
3878
9898
1961
2873
7575
7522
5058
9990
442
7347
7266
7399
6399
9604
7545
4889
13451
7572
5127
13245
13196
2991
2009
4649
2945
7146
13220
5262
7515
13215
5119
2845
7551
2659
2781
2536
9830
7537
2235
4583
3935
9904
2996
7422
7595
13046
12758
891
7554
7617
13165
13269
7408
6259
7552
7562
13308
7507
13264
2114
13384
2828
3886
3879
13334
7596
6837
2582
2108
13305
9660
9890
13417
13426
13389
2696
7541
7602
13302
13172
13378
9971
13486
13441
2074
13469
13545
13362
7765
7632
7802
13424
1030
8134
7758
13466
7557
2007
1402
13342
13536
1035
5876
13565
706
13449
1990
13522
10021
13271
5511
1168
13357
7611
13460
13439
13423
7544
3917
13351
7509
13490
13508
13541
7589
7581
7574
412
7631
7862
839
2083
13447
7657
13332
5606
7597
7601
2028
13477
7737
13448
2032
5527
1999
13546
13479
13474
13430
13411
13535
7598
1338
13274
13309
1303
13435
7771
2201
8049
13540
13306
2192
13555
13409
7703
13485
7615
13494
13602
5604
8077
13531
13513
7714
1147
6521
6654
8028
8070
7770
13542
13323
7607
7931
7728
7997
7578
8311
7593
7748
2076
7651
7850
7779
1388
1447
7784
7908
7750
7662
1197
7695
7978
7663
7731
7502
7669
7698
368
7729
1315
7990
6427
7866
7642
7732
7646
2016
7767
2138
3932
7867
7687
7957
1111
7667
7854
8117
7681
7701
7688
7890
2124
7637
7677
3894
7979
2011
6330
2019
3883
7772
3898
1334
7816
7911
2160
6624
7830
7690
7671
7724
7760
7926
7775
8195
7889
8122
7648
7745
7711
===== FindNoisyObjects Ended at 10/27/2021 23:48:18
===== FindNoisyObjects Started at 10/27/2021 23:53:50
3111
8230
10062
13584
5499
4078
12778
2454
24
13601
4253
3122
13578
13570
7466
5495
13582
3256
13160
2077
7490
11454
42
5626
3059
23
7434
7429
7447
13265
2893
3093
2064
13530
3930
7436
3348
7473
3166
7441
9795
13533
8923
3261
7442
13523
7432
3039
3976
7444
13445
7449
13464
7386
3921
3947
2039
7448
2857
13579
13520
13589
5515
2295
3943
11564
2044
13562
13566
3158
13481
3117
11128
7481
3872
13575
13571
7460
7407
13608
13517
2089
7435
3106
13603
13500
13568
10064
2885
7453
9865
5650
13493
3065
13590
3904
8810
13596
5504
3246
7430
13588
7439
7443
13551
13346
7438
13569
7433
1555
10049
7458
5505
13544
7454
7437
3172
3910
10016
7480
1780
2179
7417
13564
13489
3063
5498
3028
7734
7459
13609
7400
1693
12665
13521
38
13548
10051
7917
5644
13558
7478
3072
4148
13605
5556
4023
13498
3104
13529
1472
7471
2813
7452
9141
13556
9727
3875
7446
7440
7457
13537
3035
7470
13607
12659
12415
5516
2621
7426
13594
3885
13453
5523
13503
7450
3083
9052
3307
7463
7500
5664
13573
12514
7431
1709
5506
13597
7423
3873
13450
5716
7445
5686
13467
13312
7465
9492
1935
8833
3936
7456
1758
3900
13585
13549
13524
10060
2332
7512
79
3266
5646
7576
1791
10045
7496
2035
10012
1798
213
13610
13507
12655
3912
7560
5502
7476
13502
3891
2048
7462
13390
1699
67
13593
5573
2345
1630
13598
12873
5641
1738
3299
12925
13547
7506
3927
13604
13519
7533
13595
5510
13248
3992
3184
3314
13422
1844
2969
13525
3882
1866
9601
13553
7428
0
4132
2040
4462
13559
13246
12848
7493
13587
1601
13586
3971
5627
7483
7609
7530
1861
9433
13158
2080
13552
12969
7488
7479
1456
4073
13116
210
10037
8699
13089
8587
9254
13322
3254
9307
4114
5705
9976
5731
9242
12943
7882
5929
3270
5946
1694
9695
12933
6035
13187
7474
2027
455
12505
7451
7531
9686
13574
9831
13301
9876
373
7411
13072
3338
9531
9569
3931
9907
12948
1838
7517
2021
2029
1923
3330
1651
1625
13026
12469
2047
12570
13386
3871
11473
13179
5810
13576
3874
12771
13281
7499
13075
3896
3892
1782
13528
3937
4275
7538
13515
7548
7700
469
4551
5518
5616
2008
3888
13480
6967
401
1985
4497
13352
7643
7789
9369
7527
13465
10009
8486
7495
9008
5774
9972
1984
13472
3331
3939
8604
2025
1895
8177
666
3999
3902
432
4003
7588
1896
2023
3951
4028
1919
9043
6954
11601
13321
2049
3933
8691
3982
3965
13229
13261
5519
13415
13505
13518
8886
3876
8237
3889
7660
3926
2161
9045
7520
7492
4461
7468
2646
2031
3962
7485
13514
2191
2024
2395
13509
7486
13538
197
13512
10058
2174
6982
3991
2306
6983
7133
2226
7283
1972
1904
293
7529
10039
7546
7013
2208
5566
3995
13550
8452
4245
2334
7288
7244
6459
1922
5925
6128
8490
7211
7524
12795
2339
7491
3990
12318
7484
4024
8184
7472
10063
2013
5819
2262
2448
8154
6418
4055
4199
13599
4320
6822
7494
8056
2219
13488
12649
2018
2338
2542
7536
4139
2438
2363
4137
4009
12945
4394
4142
2595
4147
7414
4300
7374
9957
2557
12940
13600
7415
4653
1914
4608
12826
4658
4505
2610
306
4662
4932
2546
4198
7519
4583
5540
12970
12911
7076
12938
4882
13379
5823
645
8280
5692
7331
13156
5856
2476
2308
7359
4192
13592
4905
2783
2349
7565
2619
7311
3969
2538
4340
442
13032
4422
7572
4269
9526
2355
4649
4830
5158
4620
2196
4270
4917
5058
4889
4042
2620
5127
2375
13113
7582
12775
7537
7469
6215
8871
2822
13172
7507
5270
13220
4357
2038
2659
7129
2068
13215
7408
7545
5452
7539
13441
13186
2582
13033
2840
2696
2119
7510
7528
13451
2526
2828
5119
7307
1969
7535
12983
2536
7266
12875
13046
2087
4477
7332
2581
1983
5429
4471
13583
13269
7580
7521
7665
4238
7399
7063
7575
13253
6491
7635
13165
7564
9660
13264
13308
2050
2845
4996
3878
7554
13306
13196
5525
2781
5245
2873
2804
7482
2676
7337
13378
5151
2074
2991
839
3935
1168
9604
2513
7597
13342
7146
2945
9904
7515
7513
7574
13423
7617
1961
7347
6259
7601
412
9529
13384
13389
9898
9890
1990
4575
3917
7595
3879
13426
13435
13362
13245
7422
13334
7522
8134
9971
13357
13447
13417
706
5123
2544
6399
2082
13309
2095
13565
2009
5262
7589
13274
9830
7596
13546
13409
7552
2235
13545
10021
5606
13479
7544
5604
13602
13411
13469
13474
7551
13351
12758
7634
13449
1035
1030
2591
1388
632
13485
1338
2028
7562
7610
3886
13477
2083
2590
13305
2032
13424
6427
13490
13535
13430
13302
2996
13540
7615
13555
13541
2201
13494
13439
2016
13531
6837
13513
7737
3894
2192
2124
13466
13448
6330
13536
2019
1402
6654
7541
13522
9990
7631
7671
7611
3883
13460
7830
7728
3898
7866
1303
7908
7578
7926
7646
1999
5527
7593
2160
7632
7714
7850
13323
7748
2108
2007
13332
7703
7667
368
7979
13542
7931
7602
13508
7765
13486
891
13271
2011
2114
6624
7701
6521
7862
7889
7698
7890
7779
7767
7688
5511
7657
7770
7990
2076
8195
8117
7711
7598
7729
1315
7509
7502
7802
5876
7911
7557
7695
7651
7663
7745
7581
1334
7758
2138
1447
7760
3932
7690
7662
7750
7978
7637
7607
7731
8077
7732
7775
7687
1111
7867
8122
8311
7669
8070
7784
7772
7648
7997
7957
7771
7642
7677
8049
7681
7816
8028
1197
7724
7854
1147
===== FindNoisyObjects Ended at 10/27/2021 23:53:51
