2
3
5
9
20
22
43
44
95
101
103
105
107
157
158
161
174
196
208
216
253
276
359
375
387
408
437
468
496
530
535
559
568
592
615
630
653
655
677
695
718
726
775
795
811
865
867
943
950
961
971
1011
1012
1038
1050
1057
1064
1067
1070
1078
1084
1164
1166
1201
1210
1280
1295
1299
1304
1323
1324
1332
1337
1346
1352
1387
1391
1411
1412
1415
1419
1425
1440
1450
1462
1502
1522
1528
1537
1556
1566
1584
1597
1621
1629
1642
1659
1662
1667
1774
1827
1846
1875
1876
1891
1900
1913
1928
1946
1956
1964
1975
1977
1987
1994
1995
1996
2006
2010
2020
2022
2026
2030
2037
2041
2042
2043
2052
2053
2054
2056
2062
2066
2070
2072
2073
2075
2078
2081
2084
2088
2091
2098
2099
2100
2111
2112
2116
2117
2120
2122
2125
2128
2129
2134
2136
2139
2144
2145
2153
2154
2155
2163
2164
2166
2177
2180
2197
2203
2214
2217
2218
2220
2227
2230
2236
2241
2242
2244
2245
2246
2249
2250
2258
2269
2270
2273
2276
2282
2290
2293
2296
2298
2299
2300
2303
2312
2318
2319
2324
2337
2341
2342
2350
2367
2372
2380
2394
2399
2410
2413
2430
2431
2434
2435
2436
2439
2453
2464
2467
2470
2471
2483
2484
2486
2491
2510
2519
2533
2540
2548
2551
2555
2566
2573
2593
2605
2616
2617
2648
2651
2653
2663
2665
2666
2668
2689
2700
2709
2710
2724
2732
2736
2742
2748
2749
2751
2774
2790
2795
2797
2800
2802
2805
2810
2824
2827
2834
2835
2846
2854
2858
2866
2872
2883
2897
2901
2904
2910
2919
2921
2930
2935
2937
2938
2944
2946
2970
2977
2984
3000
3019
3030
3042
3049
3073
3086
3099
3114
3115
3130
3145
3159
3160
3161
3168
3179
3181
3189
3200
3202
3215
3220
3223
3225
3238
3242
3264
3267
3269
3274
3275
3278
3279
3284
3292
3294
3313
3319
3324
3325
3326
3332
3333
3349
3351
3352
3356
3362
3368
3426
3427
3434
3880
3884
3895
3903
3906
3908
3911
3913
3916
3918
3919
3925
3929
3934
3940
3941
3944
3945
3948
3949
3952
3953
3963
3964
3968
3972
3978
3981
3984
3985
3987
3988
3993
3994
3998
4004
4006
4012
4013
4016
4018
4019
4020
4021
4032
4034
4036
4037
4038
4041
4046
4047
4049
4052
4053
4058
4059
4060
4065
4067
4069
4071
4072
4074
4075
4077
4079
4080
4088
4090
4092
4095
4097
4100
4101
4104
4107
4117
4121
4127
4130
4133
4136
4151
4152
4166
4169
4170
4177
4178
4179
4188
4195
4196
4203
4205
4210
4215
4216
4224
4239
4243
4256
4261
4262
4266
4271
4279
4289
4290
4293
4301
4316
4331
4352
4353
4364
4365
4375
4378
4383
4406
4423
4431
4449
4451
4452
4470
4478
4498
4517
4518
4522
4524
4527
4534
4537
4544
4553
4556
4581
4604
4605
4622
4633
4640
4642
4646
4668
4677
4681
4686
4695
4699
4715
4718
4722
4745
4747
4749
4761
4764
4789
4794
4799
4804
4819
4821
4827
4836
4839
4840
4843
4855
4857
4862
4865
4868
4875
4879
4885
4900
4903
4931
4948
4951
4953
4964
4981
5000
5002
5007
5043
5050
5072
5082
5093
5107
5108
5141
5168
5171
5172
5173
5176
5179
5185
5197
5200
5207
5272
5279
5298
5312
5316
5322
5332
5334
5356
5373
5379
5393
5413
5416
5423
5426
5440
5443
5451
5464
5489
5491
5501
5507
5508
5509
5520
5526
5533
5534
5543
5544
5547
5548
5549
5552
5612
5618
5620
5621
5643
5651
5668
5694
5699
5786
5846
5857
5877
5887
5900
5907
5956
5966
6011
6025
6041
6099
6117
6120
6160
6184
6195
6257
6306
6307
6314
6331
6419
6461
6486
6487
6500
6503
6509
6510
6565
6572
6591
6599
6608
6609
6630
6631
6633
6639
6640
6649
6657
6670
6680
6706
6714
6734
6738
6740
6744
6747
6790
6872
6912
6921
6935
6966
6994
7038
7069
7080
7084
7088
7131
7138
7149
7162
7165
7169
7184
7193
7205
7212
7218
7223
7239
7243
7245
7265
7268
7279
7281
7282
7291
7300
7304
7306
7310
7313
7322
7323
7334
7336
7338
7356
7357
7367
7370
7371
7385
7395
7401
7403
7412
7418
7420
7477
7487
7498
7503
7505
7523
7534
7542
7547
7550
7553
7558
7561
7563
7579
7584
7585
7586
7587
7592
7599
7600
7606
7616
7624
7625
7626
7627
7628
7629
7636
7638
7641
7644
7652
7654
7656
7661
7670
7673
7675
7676
7678
7680
7682
7683
7686
7691
7692
7693
7699
7705
7706
7716
7717
7718
7719
7721
7726
7727
7730
7733
7739
7742
7743
7746
7747
7749
7752
7754
7756
7761
7762
7764
7768
7774
7776
7777
7782
7790
7791
7793
7794
7795
7796
7803
7804
7807
7810
7811
7815
7817
7819
7823
7826
7829
7831
7832
7835
7837
7840
7843
7845
7846
7851
7852
7858
7860
7863
7864
7865
7868
7871
7877
7879
7881
7885
7886
7888
7891
7897
7910
7912
7916
7922
7924
7927
7930
7938
7941
7942
7943
7944
7949
7960
7961
7962
7965
7967
7980
7981
7986
7994
7995
7998
7999
8001
8002
8006
8009
8010
8011
8013
8015
8017
8020
8021
8022
8023
8024
8026
8030
8031
8034
8039
8040
8041
8042
8043
8046
8050
8053
8057
8059
8060
8061
8063
8067
8069
8071
8074
8078
8079
8082
8083
8087
8088
8090
8091
8095
8098
8102
8104
8111
8114
8116
8120
8128
8129
8130
8132
8133
8135
8137
8141
8147
8150
8151
8152
8157
8158
8159
8166
8167
8175
8179
8181
8183
8186
8192
8193
8197
8202
8204
8205
8210
8217
8220
8223
8229
8238
8240
8241
8242
8253
8254
8259
8262
8267
8271
8272
8275
8277
8288
8293
8294
8300
8309
8313
8319
8324
8335
8339
8354
8363
8367
8373
8376
8378
8400
8407
8409
8411
8433
8435
8445
8456
8458
8460
8466
8473
8480
8485
8496
8503
8514
8534
8537
8542
8546
8547
8548
8563
8573
8641
8645
8659
8660
8665
8713
8736
8748
8801
8806
8830
8843
8858
8865
8911
8928
8930
8981
9073
9076
9113
9117
9120
9122
9170
9187
9198
9260
9279
9284
9302
9319
9386
9387
9390
9401
9403
9422
9446
9461
9486
9495
9499
9504
9516
9528
9530
9542
9546
9564
9602
9622
9629
9638
9648
9677
9690
9706
9724
9725
9729
9739
9749
9758
9768
9784
9797
9807
9808
9814
9821
9825
9840
9848
9855
9859
9864
9869
9871
9872
9910
9916
9920
9923
9931
9939
9941
9954
9958
9963
9965
9967
9974
9978
9979
9986
9988
9989
9991
9993
9997
10000
10001
10006
10008
10011
10013
10015
10018
10019
10022
10023
10024
10025
10026
10027
10028
10029
10030
10031
10032
10033
10035
10036
10038
10040
10041
10047
10048
10057
10342
10422
10443
10689
10928
10931
10957
11034
11222
11257
11389
11459
11505
11523
11551
11552
11561
11623
11669
11741
11788
11815
11855
11877
11895
11933
11956
11983
12026
12029
12035
12041
12043
12048
12059
12065
12066
12109
12113
12120
12132
12152
12194
12202
12214
12227
12247
12250
12265
12280
12288
12294
12325
12333
12384
12396
12401
12429
12450
12451
12452
12462
12481
12484
12486
12495
12506
12507
12509
12513
12520
12522
12526
12528
12529
12531
12539
12542
12551
12562
12567
12571
12576
12579
12596
12604
12606
12609
12610
12614
12617
12624
12638
12640
12647
12648
12652
12658
12662
12666
12668
12674
12688
12701
12705
12710
12711
12713
12714
12715
12718
12721
12722
12723
12724
12725
12728
12729
12731
12733
12736
12739
12740
12744
12745
12749
12750
12770
12779
12780
12785
12788
12790
12793
12797
12798
12803
12804
12806
12807
12810
12811
12815
12816
12825
12838
12844
12845
12852
12858
12860
12861
12864
12867
12885
12898
12901
12905
12909
12910
12914
12921
12926
12927
12928
12934
12935
12936
12942
12944
12946
12947
12949
12953
12954
12958
12959
12964
12965
12966
12971
12976
12977
12978
12986
12989
12995
12996
13001
13002
13003
13004
13006
13007
13011
13013
13015
13018
13020
13022
13023
13024
13025
13028
13031
13034
13035
13037
13039
13040
13041
13049
13054
13060
13063
13067
13070
13071
13073
13076
13077
13078
13090
13095
13096
13097
13099
13100
13101
13107
13110
13112
13114
13117
13119
13123
13124
13125
13126
13128
13130
13137
13139
13143
13144
13146
13147
13148
13150
13151
13153
13159
13162
13164
13166
13167
13170
13171
13177
13180
13181
13182
13184
13192
13195
13197
13199
13201
13203
13207
13208
13210
13212
13219
13223
13225
13228
13231
13232
13233
13234
13236
13243
13244
13249
13252
13255
13259
13262
13263
13266
13270
13276
13279
13280
13283
13284
13287
13288
13289
13290
13296
13297
13298
13299
13300
13303
13317
13324
13335
13337
13338
13339
13340
13341
13343
13347
13350
13353
13354
13355
13356
13358
13359
13366
13367
13370
13371
13372
13373
13376
13381
13383
13385
13391
13394
13395
13397
13399
13400
13403
13408
13413
13414
13416
13418
13420
13421
13427
13428
13432
13433
13434
13437
13438
13443
13452
13455
13458
13459
13461
13468
13470
13473
13475
13476
13483
13484
13496
13506
13510
13526
13557
13567
13606
