===== FindNoisyObjects Started at 11/16/2021 6:10:19 PM
0
23
24
38
42
67
79
197
210
213
293
306
368
373
401
412
432
442
455
456
469
586
599
626
632
645
649
666
706
758
765
771
803
839
891
917
934
935
947
1024
1030
1032
1035
1079
1111
1147
1149
1168
1197
1229
1276
1301
1303
1311
1315
1334
1335
1338
1342
1345
1388
1402
1429
1447
1456
1472
1532
1546
1555
1583
1601
1625
1630
1651
1665
1693
1694
1699
1706
1709
1712
1738
1758
1780
1782
1791
1798
1812
1817
1836
1838
1844
1856
1861
1865
1866
1882
1895
1896
1904
1914
1919
1922
1923
1935
1959
1961
1969
1972
1976
1981
1983
1984
1985
1990
1999
2007
2008
2009
2011
2013
2016
2018
2019
2021
2023
2024
2025
2027
2028
2029
2031
2032
2035
2038
2039
2040
2044
2046
2047
2048
2049
2050
2059
2061
2064
2068
2074
2076
2077
2080
2082
2083
2087
2089
2095
2108
2109
2114
2119
2124
2138
2160
2161
2174
2175
2179
2186
2191
2192
2196
2200
2201
2208
2213
2219
2223
2226
2235
2262
2295
2306
2308
2314
2332
2334
2338
2339
2344
2345
2349
2355
2363
2375
2395
2438
2442
2448
2454
2460
2476
2498
2513
2526
2536
2538
2542
2544
2546
2549
2557
2576
2581
2582
2590
2591
2595
2610
2619
2620
2621
2645
2646
2659
2676
2691
2696
2723
2746
2781
2783
2804
2813
2822
2828
2840
2845
2857
2873
2881
2885
2893
2918
2945
2968
2969
2991
2996
3021
3028
3035
3039
3059
3063
3065
3072
3078
3083
3093
3104
3106
3111
3117
3122
3150
3158
3166
3172
3184
3246
3254
3255
3256
3261
3263
3266
3270
3299
3307
3314
3330
3331
3338
3347
3348
3871
3872
3873
3874
3875
3876
3877
3878
3879
3881
3882
3883
3885
3886
3888
3889
3891
3892
3893
3894
3896
3898
3899
3900
3902
3904
3907
3910
3912
3915
3917
3921
3922
3923
3926
3927
3930
3931
3932
3933
3935
3936
3937
3939
3943
3947
3951
3959
3962
3965
3969
3971
3973
3975
3976
3982
3983
3990
3991
3992
3995
3999
4003
4009
4010
4023
4024
4028
4042
4043
4055
4073
4078
4114
4132
4137
4139
4142
4147
4148
4167
4185
4189
4192
4194
4198
4199
4238
4245
4252
4253
4254
4269
4270
4275
4282
4285
4300
4320
4326
4340
4347
4349
4357
4377
4394
4403
4418
4422
4461
4462
4471
4477
4497
4505
4532
4551
4575
4583
4603
4608
4620
4649
4653
4658
4662
4678
4690
4830
4860
4873
4882
4889
4905
4917
4920
4932
4987
4996
5058
5066
5119
5123
5127
5151
5158
5245
5262
5270
5350
5352
5368
5429
5452
5495
5498
5499
5502
5504
5505
5506
5510
5511
5515
5516
5518
5519
5523
5525
5527
5529
5537
5539
5540
5545
5556
5561
5564
5566
5573
5604
5605
5606
5616
5626
5627
5641
5644
5646
5650
5664
5686
5692
5705
5716
5723
5731
5763
5774
5794
5810
5819
5823
5839
5856
5876
5915
5920
5925
5929
5930
5946
6035
6040
6082
6128
6145
6215
6254
6259
6323
6330
6399
6418
6427
6459
6491
6521
6562
6566
6614
6624
6654
6712
6716
6748
6822
6828
6837
6883
6917
6920
6954
6967
6982
6983
6992
7013
7063
7076
7119
7129
7133
7146
7210
7211
7244
7258
7266
7283
7288
7307
7311
7327
7331
7332
7337
7339
7340
7347
7359
7374
7386
7399
7400
7407
7408
7411
7414
7415
7417
7422
7423
7426
7428
7429
7430
7431
7432
7433
7434
7435
7436
7437
7438
7439
7440
7441
7442
7443
7444
7445
7446
7447
7448
7449
7450
7451
7452
7453
7454
7455
7456
7457
7458
7459
7460
7461
7462
7463
7465
7466
7467
7468
7469
7470
7471
7472
7473
7474
7476
7478
7479
7480
7481
7482
7483
7484
7485
7486
7488
7489
7490
7491
7492
7493
7494
7495
7496
7499
7500
7501
7502
7504
7506
7507
7509
7510
7511
7512
7513
7514
7515
7516
7517
7519
7520
7521
7522
7524
7525
7526
7527
7528
7529
7530
7531
7532
7533
7535
7536
7537
7538
7539
7540
7541
7543
7544
7545
7546
7548
7551
7552
7554
7557
7560
7562
7564
7565
7567
7569
7571
7572
7573
7574
7575
7576
7578
7580
7581
7582
7588
7589
7590
7593
7595
7596
7597
7598
7601
7602
7603
7604
7607
7609
7610
7611
7613
7614
7615
7617
7618
7620
7621
7623
7631
7632
7633
7634
7635
7637
7639
7642
7643
7646
7648
7650
7651
7653
7655
7657
7660
7662
7663
7664
7665
7666
7667
7669
7671
7672
7674
7677
7679
7681
7684
7685
7687
7688
7690
7695
7696
7698
7700
7701
7702
7703
7708
7710
7711
7712
7714
7715
7720
7724
7728
7729
7731
7732
7734
7736
7737
7738
7740
7745
7748
7750
7751
7755
7758
7760
7763
7765
7767
7770
7771
7772
7773
7775
7778
7779
7784
7786
7789
7801
7802
7806
7812
7814
7816
7820
7821
7830
7836
7849
7850
7854
7856
7859
7862
7866
7867
7870
7882
7889
7890
7892
7899
7900
7902
7904
7905
7907
7908
7911
7917
7923
7926
7929
7931
7932
7933
7935
7950
7954
7957
7963
7966
7968
7978
7979
7984
7985
7990
7997
8016
8028
8033
8038
8049
8056
8068
8070
8077
8089
8092
8096
8100
8117
8122
8134
8154
8155
8156
8177
8184
8188
8191
8195
8196
8198
8227
8230
8233
8237
8260
8274
8280
8285
8287
8311
8317
8330
8343
8351
8356
8390
8394
8404
8414
8452
8459
8477
8486
8490
8541
8572
8587
8604
8669
8676
8691
8699
8735
8810
8833
8871
8886
8890
8894
8923
8937
9008
9025
9028
9043
9045
9052
9057
9130
9141
9154
9224
9236
9242
9254
9307
9369
9393
9396
9428
9433
9456
9492
9501
9510
9526
9529
9531
9558
9569
9601
9604
9660
9686
9695
9727
9761
9783
9792
9795
9802
9830
9831
9865
9876
9886
9890
9892
9898
9904
9907
9934
9955
9957
9968
9971
9972
9976
9990
9992
10005
10007
10009
10012
10016
10020
10021
10037
10039
10043
10044
10045
10049
10050
10051
10053
10054
10056
10058
10059
10060
10061
10062
10063
10064
11128
11224
11454
11473
11564
11601
11832
11998
12001
12038
12056
12119
12189
12208
12234
12244
12273
12274
12306
12318
12337
12359
12413
12415
12469
12474
12479
12489
12505
12510
12514
12540
12544
12550
12568
12570
12574
12603
12605
12618
12645
12649
12655
12659
12665
12697
12702
12708
12720
12757
12758
12761
12763
12771
12775
12778
12795
12799
12812
12820
12822
12826
12842
12848
12857
12873
12875
12884
12899
12911
12915
12918
12925
12933
12938
12940
12943
12945
12948
12961
12963
12969
12970
12972
12973
12983
12985
12991
12997
13005
13010
13016
13017
13026
13032
13033
13046
13072
13075
13081
13083
13084
13089
13102
13105
13113
13116
13118
13132
13134
13138
13142
13149
13152
13154
13156
13158
13160
13165
13172
13178
13179
13186
13187
13196
13200
13213
13215
13220
13229
13242
13245
13246
13248
13251
13253
13254
13261
13264
13265
13269
13271
13274
13277
13278
13281
13285
13286
13292
13301
13302
13305
13306
13308
13309
13312
13314
13315
13316
13319
13320
13321
13322
13323
13330
13332
13333
13334
13342
13346
13351
13352
13357
13360
13362
13364
13365
13374
13375
13378
13379
13384
13386
13387
13389
13390
13392
13396
13404
13407
13409
13411
13415
13417
13422
13423
13424
13425
13426
13430
13435
13436
13439
13440
13441
13445
13447
13448
13449
13450
13451
13453
13460
13462
13463
13464
13465
13466
13467
13469
13472
13474
13477
13479
13480
13481
13485
13486
13488
13489
13490
13492
13493
13494
13495
13497
13498
13499
13500
13502
13503
13504
13505
13507
13508
13509
13511
13512
13513
13514
13515
13517
13518
13519
13520
13521
13522
13523
13524
13525
13527
13528
13529
13530
13531
13532
13533
13535
13536
13537
13538
13540
13541
13542
13544
13545
13546
13547
13548
13549
13550
13551
13552
13553
13555
13556
13558
13559
13561
13562
13563
13564
13565
13566
13568
13569
13570
13571
13572
13573
13574
13575
13576
13578
13579
13580
13582
13583
13584
13585
13586
13587
13588
13589
13590
13592
13593
13594
13595
13596
13597
13598
13599
13600
13601
13602
13603
13604
13605
13607
13608
13609
13610
===== FindNoisyObjects Ended at 11/16/2021 6:10:19 PM
