8489, 12832, 57897, 10483, 21211, 19596, 57860, 64276, 20150, 65195, 57608, 88858, 20265, 52110, 23039, 2638, 20036, 12836, 20028, 17613, 65075, 57594, 21084, 20262, 19613, 64226, 58236, 22436, 88898, 8747, 57639, 15824, 2408, 60381, 13288, 19975, 63089, 19405, 10299, 20635, 27477, 20142, 8465, 19173, 63828, 39192, 21025, 48105, 19751, 9117, 11125, 19777, 42389, 20972, 18517, 64271, 60539, 63471, 57863, 20872, 20133, 66127, 9439, 19414, 18912, 20205, 13016, 21321, 19416, 23075, 2428, 65625, 19401, 8641, 74233, 13284, 66000, 24666, 17422, 8363, 19089, 12864, 57681, 21414, 68086, 24887
Feature count is 86
Criterion1 result is ObjectIndex = 668, Distance = -8.274270317221037373422143346, Value = 0.7981393596588765114814900799
-10.828677
-9.962982
-10.828677
-10.828677
-10.828677
-10.828677
-10.828677
-10.828677
-10.828677
-10.828677
-9.192676
-10.828677
-10.828677
-10.828677
-10.828677
-10.828677
-10.828677
-10.828677
-10.828677
-10.828677
-10.828677
-10.828677
-10.828677
-9.731752
-10.828677
-10.828677
-10.828677
-10.828677
-10.828677
-10.828677
-10.828677
-10.828677
-10.828677
-10.828677
-10.828677
-10.828677
-10.828677
-10.828677
-10.828677
-10.828677
-10.828677
-10.620819
-10.828677
-8.911440
-10.828677
-10.828677
-10.828677
-10.828677
-10.828677
-10.828677
-10.828677
-10.828677
-10.828677
-10.828677
-10.828677
-10.828677
-10.619501
-10.828677
-10.828677
-10.828677
-10.828677
-10.828677
10.206409
-10.828677
-10.828677
-10.828677
-10.828677
-10.828677
-10.828677
-10.828677
-10.828677
-10.828677
-10.828677
-10.828677
-10.828677
-10.828677
-9.114900
-10.828677
-10.828677
-10.828677
-10.828677
-9.051582
-10.828677
-9.468762
-10.828677
-10.828677
-10.828677
-10.828677
-10.828677
-10.828677
-10.828677
-10.828677
-10.828677
-10.828677
-10.828677
-10.828677
-9.970936
-10.828677
-10.828677
-10.828677
-10.828677
-10.828677
-10.828677
-10.828677
-10.433940
-10.828677
-8.383606
-10.828677
-9.872671
-10.828677
-10.828677
-10.828677
-10.828677
-10.828677
-10.553690
-10.828677
-10.828677
-10.828677
-10.828677
-10.828677
-10.828677
-10.828677
-10.828677
-10.828677
-10.588374
-10.828677
-10.828677
-10.828677
-10.828677
-10.828677
-10.828677
-10.828677
-10.828677
-10.828677
-10.828677
-10.828677
-10.828677
-10.828677
-10.828677
-10.828677
-10.828677
-10.828677
-10.828677
-10.828677
-9.962982
-10.828677
-10.828677
-10.828677
-10.828677
-10.828677
-10.828677
-10.828677
-10.828677
-10.828677
-10.828677
-10.828677
-10.828677
-10.828677
-10.828677
-10.828677
-10.828677
-10.828677
-10.828677
-10.828677
-10.828677
-10.828677
-10.828677
-10.828677
-9.784184
-10.828677
-10.828677
-10.828677
-10.828677
-10.828677
-10.828677
-10.828677
-10.828677
-10.828677
-10.828677
-10.828677
-10.828677
-10.828677
-9.221870
-10.828677
-10.828677
-10.828677
-10.828677
-10.308250
-10.828677
-10.828677
-10.828677
-10.624103
-10.828677
-10.828677
-5.779723
-10.828677
-10.828677
-10.828677
-9.962982
-10.828677
-10.828677
-10.828677
-10.828677
-10.828677
-10.828677
-10.828677
-10.828677
-10.828677
-10.828677
-10.828677
-10.828677
-2.493181
-10.828677
-10.828677
-10.828677
-10.828677
-10.828677
-10.828677
-10.828677
-10.828677
-10.828677
-10.828677
-10.828677
-10.828677
-10.828677
-10.828677
-9.115554
-9.649117
-10.828677
-10.828677
-10.828677
-10.828677
-10.828677
-10.828677
-10.828677
-10.828677
-10.828677
-10.828677
-10.828677
-10.828677
-10.828677
-10.828677
-10.828677
-9.190450
-10.828677
-10.828677
-10.828677
-10.828677
-10.828677
-10.828677
-10.828677
-10.828677
-10.828677
-10.828677
-10.828677
-10.828677
-10.828677
-10.828677
-10.828677
-10.828677
-10.828677
-10.828677
-10.828677
-10.828677
-10.828677
-10.828677
-10.828677
-10.828677
-10.828677
-4.343997
-10.828677
-10.828677
-10.828677
-10.828677
-10.828677
-10.828677
-10.828677
-10.828677
-10.828677
-10.828677
-10.828677
-10.828677
-10.588374
-10.828677
-10.828677
-10.828677
-10.828677
-10.828677
-10.828677
-4.801385
-10.828677
-10.828677
-10.828677
-10.828677
-10.828677
-9.962982
-10.828677
-10.828677
-10.828677
-10.828677
-10.828677
-10.828677
-10.828677
-10.828677
-10.828677
-10.828677
-10.828677
-10.828677
-5.680372
-9.368354
-10.828677
-10.828677
-10.828677
-10.588374
-10.828677
7.312674
-10.828677
-10.828677
-10.828677
-10.828677
-10.828677
-10.828677
-10.828677
-5.463883
-10.828677
-10.828677
-10.828677
-9.239406
-10.828677
-10.828677
-10.828677
-10.828677
-10.828677
-10.828677
-10.828677
-10.828677
-10.828677
-9.962982
-10.624103
-10.828677
-10.828677
-10.828677
-10.828677
-10.513818
-10.828677
-10.828677
-10.828677
-10.828677
-10.828677
-10.828677
-10.828677
-10.828677
-10.828677
-10.828677
-10.828677
-10.828677
-10.828677
-10.294764
-10.274737
-10.828677
-10.828677
-10.828677
-10.828677
-10.828677
-10.828677
-10.828677
-10.828677
-10.828677
-10.828677
-10.828677
-10.828677
-10.828677
-10.828677
-10.828677
-10.828677
-10.828677
-10.828677
-10.828677
-10.828677
-10.828677
-10.828677
-10.828677
-10.828677
-10.828677
-10.620819
-10.828677
-10.828677
-10.828677
-9.119041
-10.828677
-10.828677
-10.828677
-10.828677
-10.828677
-10.828677
-10.828677
-10.828677
-10.828677
-10.828677
-10.828677
4.678245
-10.828677
-10.828677
-10.828677
-10.828677
-10.828677
-3.717073
-10.828677
-10.828677
-8.041494
-10.828677
-10.828677
-10.828677
-10.138133
-8.105809
-10.828677
-10.828677
-10.828677
-10.828677
-10.828677
-10.828677
-10.828677
-10.828677
-10.828677
-10.828677
-10.828677
-10.828677
-10.828677
-10.828677
-10.828677
-10.828677
-10.828677
1.020523
-10.828677
-10.828677
-10.828677
-10.828677
-10.828677
-10.828677
-10.828677
-10.828677
-10.828677
-10.828677
-10.828677
-10.828677
-10.828677
-10.828677
-10.828677
-10.828677
-10.828677
-10.620160
-10.828677
-10.828677
-10.828677
-7.775217
-10.828677
-10.828677
-10.828677
-9.722761
-10.828677
-10.828677
-10.828677
-10.828677
-10.828677
-10.828677
-10.828677
-10.828677
-10.828677
-10.828677
-10.828677
-10.828677
-9.755125
-10.828677
-10.828677
-10.828677
-10.828677
-10.828677
-10.828677
-10.828677
-10.828677
-10.828677
-10.828677
-10.828677
-10.828677
-10.828677
-10.828677
-10.828677
-10.828677
-10.828677
-10.828677
-10.828677
-10.828677
-10.828677
-10.828677
-10.828677
-10.620819
-10.828677
-10.828677
-10.828677
-10.828677
-10.828677
-10.828677
-10.828677
-10.828677
-10.828677
-10.828677
-10.828677
-10.828677
-6.700512
-10.828677
-10.828677
-10.828677
-10.828677
-10.828677
-10.828677
-10.828677
-10.828677
-10.828677
-10.828677
-9.321791
-10.828677
-10.828677
-10.828677
-10.828677
-10.828677
-10.828677
-10.828677
-10.828677
-10.828677
-10.828677
-10.828677
-9.962982
-10.828677
-10.828677
-10.828677
-10.588374
-10.828677
-10.828677
-10.828677
-10.828677
-10.622792
-10.828677
-10.828677
-10.828677
-9.784184
-10.828677
-10.828677
-10.828677
-10.828677
-10.828677
-10.828677
-1.808830
-10.828677
-10.828677
-10.828677
-10.828677
-10.828677
-10.828677
-10.828677
-10.828677
-10.828677
-10.828677
-10.828677
-10.828677
-10.828677
-10.307944
-10.828677
-10.828677
-10.828677
-10.828677
-9.224443
-10.828677
-10.828677
-10.828677
-10.828677
-10.828677
-10.828677
-10.828677
-10.828677
-10.828677
-10.828677
-10.828677
-10.828677
-10.828677
-8.922661
-10.828677
-10.828677
-9.548581
-10.828677
-10.828677
-10.828677
-10.828677
-10.828677
-10.828677
-10.828677
-10.828677
-10.828677
-10.828677
-10.624103
-10.828677
-9.755783
-10.828677
-10.828677
-10.828677
-10.828677
-10.828677
-10.828677
-9.442575
-10.828677
-10.828677
-9.755783
-10.828677
-10.828677
-10.828677
-10.828677
-10.828677
-10.828677
-10.828677
-10.828677
-10.828677
-10.828677
-10.828677
-10.828677
-8.249520
-10.828677
-10.828677
-10.828677
-10.828677
-10.828677
-10.828677
-10.828677
-10.828677
-10.828677
-10.828677
-10.828677
-10.828677
-10.828677
-10.828677
-10.828677
-10.828677
-10.828677
-10.828677
-10.828677
-10.828677
-10.828677
-10.828677
-10.828677
-10.828677
-10.828677
-10.828677
-10.828677
-10.828677
-10.828677
-10.828677
-9.514163
-10.828677
-10.828677
-10.828677
-10.828677
-10.828677
-10.828677
-10.828677
-10.514811
-10.828677
-10.828677
-10.828677
-10.828677
-9.962982
-8.274270
-10.828677
-10.433940
-10.828677
-10.828677
-10.828677
-10.828677
-10.828677
-10.828677
-10.828677
-10.828677
-10.828677
-10.828677
-10.828677
-10.828677
-10.828677
-10.828677
-10.828677
-10.828677
-10.828677
-10.828677
-10.828677
-10.828677
-10.828677
-10.828677
-10.828677
-10.828677
-10.828677
-9.546118
-10.022280
-10.828677
-10.828677
-10.828677
-10.828677
-10.828677
-10.828677
-10.828677
-10.828677
-10.828677
-9.042875
-10.828677
-10.828677
-10.828677
-9.962982
-6.047014
-10.828677
-10.828677
-10.828677
-10.828677
-10.828677
-10.828677
-10.828677
-10.650442
-10.828677
-10.828677
-10.828677
-10.828677
-10.828677
-10.828677
-10.828677
-10.828677
-10.828677
-10.828677
-10.621477
-10.828677
-10.828677
-10.828677
-8.635407
-10.828677
-10.828677
-10.828677
-10.828677
-6.789886
-10.828677
-10.828677
-10.828677
-10.828677
-10.828677
-10.828677
-10.828677
-10.828677
-10.828677
-10.828677
-10.828677
-10.828677
-10.828677
-10.828677
-10.828677
-10.828677
-10.828677
-10.828677
-10.828677
-10.828677
-8.738087
-10.828677
-10.828677
-10.828677
-8.492560
-10.828677
-10.828677
-10.828677
-10.174631
-10.828677
-4.692614
-10.828677
-10.828677
-10.828677
-10.828677
-10.622135
-6.995179
-10.828677
-10.828677
-10.828677
-10.828677
-10.828677
-10.828677
-10.828677
-10.828677
-10.828677
-10.828677
-10.828677
-10.828677
-10.828677
-10.828677
-10.828677
-10.828677
-10.828677
-7.836533
-10.828677
-10.828677
-10.828677
-10.828677
-10.828677
-10.828677
-10.828677
-10.828677
-10.828677
-10.828677
-10.828677
-10.828677
-10.828677
-10.828677
-10.828677
-10.828677
-10.828677
-10.828677
6.875847
-7.649917
-10.828677
-10.828677
-10.828677
9.221770
-10.828677
-10.828677
-10.828677
-10.828677
-10.828677
-10.828677
-10.828677
-10.828677
-10.828677
-10.828677
-10.828677
-10.828677
-10.828677
-10.828677
-10.828677
-10.828677
-9.755783
-10.828677
2.830392
-10.828677
-10.828677
-10.828677
-10.828677
-10.828677
-8.858462
-10.828677
-10.828677
-10.828677
-10.828677
-10.828677
-10.828677
-10.828677
-10.621477
-10.828677
-10.828677
-10.828677
-10.828677
-10.200943
-10.828677
-10.828677
-10.828677
-10.828677
-10.828677
-7.690809
-10.828677
-10.828677
-10.828677
-10.828677
-10.828677
-9.755125
-10.828677
-10.828677
-10.828677
-10.828677
-10.828677
-10.828677
-10.828677
-10.828677
-8.401900
-10.828677
-10.828677
-10.828677
-10.266952
-10.828677
-10.828677
-10.828677
-10.828677
-10.828677
-9.962982
-10.828677
-10.828677
-10.828677
-10.828677
-10.828677
-10.828677
-10.828677
-10.828677
-10.828677
-10.828677
-10.828677
-10.828677
-10.828677
-8.907378
-10.828677
-10.828677
-10.070813
-10.828677
-10.828677
-2.289572
-10.828677
-10.828677
-1.468884
-10.828677
-10.828677
-10.828677
-10.622135
-10.828677
-10.828677
-10.828677
-10.828677
-10.828677
-10.828677
-10.828677
-10.828677
-6.989533
-10.828677
-10.828677
-10.828677
-10.828677
-10.828677
-10.828677
-10.828677
-10.828677
-10.828677
-10.828677
-10.828677
-10.828677
-10.828677
-2.849600
-10.622135
-10.828677
-10.828677
-10.828677
-10.828677
-10.828677
-10.828677
-8.762807
-10.619501
-10.828677
-10.828677
-10.828677
-10.828677
-10.828677
-10.828677
-10.828677
-10.828677
-10.620160
-10.828677
-10.828677
-10.828677
-10.828677
-7.973756
-10.828677
-10.828677
-10.828677
-10.828677
-10.828677
-10.828677
-10.828677
-10.828677
-10.828677
-10.828677
-10.828677
-10.828677
-10.828677
-10.828677
3.063164
-10.828677
-10.828677
-10.828677
-10.828677
-10.828677
-10.828677
-10.828677
-7.948510
-10.828677
-10.828677
-10.828677
-10.828677
-10.828677
-9.962982
-10.828677
-10.828677
-10.828677
-10.828677
-3.633297
-10.828677
-10.828677
-10.828677
-10.828677
-10.828677
-10.828677
-10.828677
-10.828677
-10.828677
-10.828677
-10.828677
-10.828677
-10.828677
-10.828677
-10.828677
-10.828677
-10.828677
-10.828677
-10.828677
-10.828677
-10.828677
-10.828677
-10.828677
-10.828677
-10.828677
-10.828677
-10.828677
-10.828677
-10.828677
-10.828677
-10.828677
-10.828677
-10.828677
-10.828677
-10.828677
-10.828677
-10.828677
-10.828677
3.784570
-10.828677
-10.828677
-10.828677
-10.828677
-10.828677
-10.828677
-10.828677
-10.828677
-10.828677
-10.828677
-10.828677
-10.828677
-10.828677
-10.828677
-10.828677
-10.828677
-10.828677
-10.828677
-2.671279
-10.828677
-10.828677
-10.828677
-10.828677
-10.828677
-10.828677
-10.828677
10.104972
-10.828677
-10.828677
-10.828677
-10.828677
-10.828677
-10.828677
-10.828677
-10.828677
-10.828677
-10.624103
-10.828677
-10.828677
-10.828677
-10.828677
-10.828677
-10.828677
-10.828677
-10.828677
-10.828677
-10.828677
-10.828677
-10.828677
-10.828677
-10.828677
-10.828677
-10.828677
-8.700470
-2.707731
-10.828677
-10.828677
-10.828677
-10.828677
-10.828677
-10.828677
-10.828677
-10.022728
-8.120077
-5.284563
-10.828677
-10.828677
-10.828677
-10.828677
-10.828677
-10.828677
-10.828677
-10.828677
-10.828677
-10.828677
-10.828677
-10.828677
-10.828677
-10.828677
-10.828677
-9.962982
-10.828677
-10.828677
-10.828677
-10.828677
-10.828677
-10.828677
-10.828677
-10.828677
-10.828677
-10.828677
-10.828677
-10.828677
-10.828677
-10.828677
-10.828677
-10.828677
-10.828677
-10.828677
-10.828677
-10.828677
-0.234932
-10.828677
-10.828677
-10.588374
-10.828677
-10.828677
-10.828677
-10.828677
-10.828677
-10.828677
-10.828677
-10.828677
-10.828677
-10.828677
-10.828677
-10.828677
-10.828677
-10.828677
-10.828677
-9.962982
-10.649878
-10.828677
-10.828677
-10.828677
-10.828677
-10.828677
-10.828677
-10.828677
-10.828677
-10.828677
-10.828677
-10.828677
-10.828677
-10.828677
-10.828677
-10.828677
-10.828677
-10.828677
-10.828677
-10.828677
-10.828677
-10.828677
-10.828677
-10.828677
-10.828677
-10.828677
-10.828677
-10.828677
-10.828677
-10.828677
-8.467002
-10.828677
-10.828677
-10.828677
-10.828677
-10.828677
-10.828677
-10.828677
-10.828677
-10.828677
-10.828677
-10.828677
-10.828677
-10.586849
-10.828677
-10.828677
-10.828677
-10.828677
-10.828677
-10.828677
-10.828677
-10.828677
-10.828677
-10.828677
-10.828677
-10.828677
-10.828677
-10.828677
-10.828677
-10.828677
-10.828677
-10.828677
-10.828677
-10.828677
-10.828677
-10.828677
-10.828677
-10.828677
-5.730197
-10.828677
-10.828677
-10.828677
-10.828677
-10.622792
-10.294764
-10.828677
-9.962982
-10.828677
-10.828677
-10.828677
-10.828677
-10.828677
-6.426358
1.923766
-10.828677
-10.828677
-8.072195
-10.828677
-10.828677
-10.828677
-10.828677
-10.828677
-10.828677
-10.828677
-10.828677
-10.828677
-10.828677
-10.828677
-10.828677
-10.828677
-10.828677
-10.828677
-10.828677
-10.828677
-10.828677
-10.828677
-10.828677
-10.828677
-9.719625
-10.828677
-10.828677
-10.828677
-10.828677
-10.828677
-10.828677
-10.828677
-10.828677
-10.828677
-10.828677
-9.962982
-10.828677
-10.828677
-10.828677
-10.828677
-10.828677
-10.828677
-10.828677
-10.828677
-10.828677
-5.949579
-10.624103
-10.828677
-10.828677
-10.828677
-10.828677
-10.828677
-10.828677
-10.828677
-10.828677
-10.828677
-2.592571
-10.828677
-10.828677
-10.828677
-10.828677
-10.828677
-10.828677
-10.828677
-10.828677
-10.828677
-10.828677
-10.828677
-10.828677
-10.828677
-10.828677
-10.828677
-10.828677
-10.828677
-10.828677
-10.828677
