12914, 8519, 26772, 26934, 16007, 20143, 57696, 2592, 19614, 22562, 39181, 16057, 2839, 22564, 19599, 21368, 22391, 52093, 20983, 20146, 57935, 19770, 64143, 42443, 8600, 65193, 73837, 25679, 12515, 17511, 20245, 16246, 22612, 57951, 27422, 66119, 18088, 20282, 2384, 24753, 13440, 52114, 17735, 20243, 16760, 21301, 24880, 65057, 57612, 8041, 22294, 22366, 20930, 22624, 52191, 19459, 48980, 20856, 9002, 22680, 57972, 15821, 64100, 60363, 16422, 20033, 7970, 57697, 5712, 21262, 67458, 12799, 12395, 66112, 44370, 8262, 22665, 19385, 64731, 64398, 57939, 758, 58028, 8752, 65263, 2194, 20020, 8612, 66084, 85895, 17582, 18392, 19325, 19028, 12720, 18934, 9204, 16580, 20135, 27617, 57866, 17579, 8772, 22744, 41452, 21068, 19571, 24556, 13236, 19402, 11128, 17682, 22434, 24821, 41700, 18944, 24943, 65042, 8278, 21433, 20838, 57691, 13080, 64195, 42432, 19468, 13448, 57642, 64761, 19540, 9291, 57766, 20238, 8629
Feature count is 134
Criterion1 result is ObjectIndex = 43, Distance = -14.030568069781070664367905619, Value = 0.7655627953128553441859815091
-17.620157
-16.367535
-17.620157
-17.620157
-17.620157
-17.620157
-17.620157
-17.620157
-17.620157
-17.620157
-16.130719
-17.620157
-17.620157
-17.620157
-16.486777
-17.620157
-17.620157
-17.620157
-17.620157
-17.416892
-17.620157
-17.620157
-17.620157
-16.779306
-17.620157
-17.620157
-17.620157
-17.620157
-17.620157
-17.620157
-17.620157
-17.620157
-17.620157
-17.620157
-17.620157
-17.620157
-17.620157
-17.620157
-17.620157
-17.620157
-17.382133
-16.302499
-17.620157
-14.030568
-17.620157
-17.620157
-17.620157
-17.620157
-17.620157
-17.620157
-17.620157
-17.620157
-17.620157
-17.620157
-17.620157
-17.620157
-17.620157
-17.620157
-17.620157
-17.620157
-17.620157
-17.620157
16.495583
-17.414928
-17.620157
-17.620157
-17.620157
-17.620157
-17.620157
-17.620157
-17.620157
-17.414928
-17.620157
-17.620157
-17.620157
-17.620157
-12.293163
-17.620157
-17.620157
-17.620157
-17.419500
-12.599144
-17.620157
-17.209696
-17.620157
-17.620157
-17.620157
-17.620157
-17.620157
-17.620157
-17.620157
-17.620157
-17.620157
-17.620157
-17.620157
-17.620157
-16.352558
-17.620157
-17.620157
-17.620157
-17.620157
-17.620157
-17.620157
-17.620157
-17.620157
-17.620157
-9.486777
-17.620157
-14.092083
-17.620157
-17.620157
-17.382133
-17.620157
-17.620157
-17.345170
-17.620157
-17.620157
-17.620157
-17.620157
-17.620157
-17.620157
-17.620157
-17.620157
-17.620157
-17.414928
-17.413615
-16.703822
-17.620157
-16.716725
-17.620157
-17.620157
-17.620157
-17.620157
-17.620157
-16.571448
-17.620157
-17.620157
-17.620157
-17.620157
-17.620157
-17.620157
-17.620157
-17.620157
-17.620157
-17.620157
-17.620157
-17.620157
-17.620157
-17.620157
-17.620157
-17.620157
-17.620157
-17.620157
-17.620157
-17.620157
-17.620157
-17.620157
-17.620157
-17.620157
-17.620157
-17.620157
-17.620157
-17.620157
-17.620157
-17.620157
-17.620157
-17.620157
-17.620157
-16.366221
-17.620157
-16.576040
-16.506926
-17.620157
-17.620157
-17.620157
-17.620157
-17.620157
-17.620157
-17.620157
-17.620157
-17.620157
-17.620157
-15.619976
-17.620157
-17.620157
-17.620157
-17.620157
-13.285833
-17.620157
-17.620157
-17.620157
-16.682329
-17.620157
-17.620157
-11.850571
-17.620157
-17.620157
-17.620157
-16.779306
-17.620157
-17.620157
-17.620157
-17.620157
-17.620157
-17.620157
-17.620157
-17.620157
-17.620157
-17.620157
-17.620157
-17.620157
-3.933793
-17.620157
-17.620157
-17.620157
-17.620157
-17.620157
-17.620157
-17.620157
-17.620157
-17.620157
-17.620157
-17.620157
-17.620157
-17.620157
-17.620157
-15.196036
-15.422240
-17.383647
-17.620157
-17.620157
-17.620157
-17.620157
-17.620157
-17.620157
-17.620157
-17.620157
-17.620157
-16.779306
-17.620157
-17.620157
-17.620157
-17.620157
-12.806126
-17.620157
-17.620157
-17.620157
-17.620157
-17.620157
-17.620157
-17.620157
-17.620157
-17.620157
-17.620157
-17.620157
-17.620157
-17.620157
-17.620157
-17.620157
-17.620157
-17.620157
-17.620157
-17.620157
-17.620157
-17.620157
-17.620157
-17.620157
-17.620157
-17.620157
-5.361055
-17.620157
-16.542796
-17.620157
-17.620157
-17.620157
-17.105341
-17.620157
-17.620157
-17.620157
-17.620157
-17.620157
-17.620157
-17.381374
-17.620157
-17.620157
-17.620157
-17.620157
-17.620157
-17.620157
-7.241632
-17.620157
-17.620157
-17.620157
-17.383647
-17.620157
-16.779306
-17.620157
-17.620157
-17.620157
-17.620157
-17.620157
-17.620157
-17.620157
-17.620157
-17.620157
-17.620157
-17.620157
-17.620157
-6.816268
-15.466535
-17.620157
-17.620157
-17.620157
-16.022856
-17.620157
12.209527
-17.620157
-17.620157
-17.620157
-17.620157
-17.380615
-17.620157
-17.620157
-10.301939
-17.620157
-17.345170
-17.620157
-15.110721
-17.620157
-17.620157
-17.620157
-17.620157
-17.620157
-17.620157
-17.620157
-17.620157
-17.620157
-16.547989
-16.573420
-17.620157
-17.620157
-17.620157
-17.620157
-17.110620
-17.620157
-17.620157
-17.620157
-16.902290
-17.108661
-16.779306
-17.620157
-17.620157
-17.620157
-17.620157
-17.620157
-17.620157
-17.620157
-16.260877
-16.556023
-17.620157
-17.620157
-17.620157
-16.573420
-17.620157
-17.620157
-17.620157
-17.620157
-17.620157
-17.620157
-17.107904
-17.620157
-17.620157
-17.620157
-17.620157
-17.620157
-17.620157
-17.620157
-17.620157
-17.620157
-17.620157
-17.414928
-17.620157
-17.620157
-17.620157
-16.961356
-17.620157
-17.620157
-17.620157
-11.930960
-17.620157
-17.620157
-17.620157
-17.620157
-17.620157
-16.779306
-17.620157
-16.779306
-17.620157
-17.620157
-17.382133
12.084951
-17.620157
-17.620157
-17.620157
-17.620157
-17.620157
-8.829388
-17.620157
-17.620157
-8.468422
-17.620157
-17.620157
-16.467419
-16.864401
-8.380486
-17.620157
-17.620157
-17.620157
-17.620157
-16.230153
-17.620157
-17.620157
-17.620157
-17.620157
-17.620157
-17.620157
-17.620157
-17.620157
-17.620157
-17.620157
-17.620157
-17.620157
3.179132
-17.620157
-17.620157
-17.620157
-17.620157
-17.620157
-17.620157
-17.620157
-17.620157
-17.620157
-17.382891
-17.620157
-17.620157
-17.620157
-17.620157
-17.620157
-17.382891
-17.620157
-17.620157
-17.620157
-17.620157
-17.620157
-10.379066
-17.620157
-17.620157
-17.620157
-13.457388
-17.620157
-17.620157
-17.620157
-17.620157
-17.620157
-17.620157
-17.620157
-17.620157
-17.620157
-17.620157
-17.620157
-17.620157
-13.667845
-17.620157
-17.620157
-17.416238
-17.620157
-17.620157
-17.620157
-17.620157
-17.620157
-17.620157
-17.620157
-17.620157
-17.620157
-17.620157
-17.620157
-17.620157
-17.414928
-17.620157
-17.620157
-17.620157
-17.620157
-17.620157
-17.620157
-17.620157
-17.180382
-17.620157
-17.620157
-17.620157
-17.620157
-17.620157
-17.620157
-17.620157
-17.620157
-17.620157
-17.620157
-17.620157
-17.620157
-11.119676
-17.620157
-17.620157
-17.620157
-17.620157
-17.620157
-17.620157
-17.620157
-17.620157
-17.620157
-17.620157
-12.331069
-17.620157
-17.620157
-17.620157
-17.620157
-17.620157
-17.620157
-17.620157
-17.620157
-17.620157
-17.620157
-17.620157
-17.178214
-17.620157
-17.620157
-17.620157
-17.216235
-17.620157
-17.620157
-17.620157
-16.539003
-17.620157
-17.620157
-17.620157
-17.620157
-16.332666
-17.620157
-17.620157
-17.620157
-17.620157
-17.620157
-17.620157
-2.887236
-17.620157
-17.382891
-17.620157
-17.620157
-17.620157
-17.620157
-17.620157
-16.333981
-17.620157
-17.620157
-17.620157
-17.620157
-17.620157
-16.036140
-17.620157
-17.620157
-17.620157
-17.620157
-12.995132
-17.620157
-17.620157
-17.620157
-17.620157
-17.620157
-17.382133
-17.620157
-17.620157
-17.620157
-17.620157
-17.620157
-17.620157
-17.620157
-9.524687
-17.036011
-16.779306
-15.562777
-17.620157
-17.620157
-17.620157
-17.620157
-17.620157
-17.620157
-17.620157
-17.620157
-17.620157
-17.620157
-15.130776
-17.620157
-16.469391
-17.620157
-17.620157
-17.620157
-17.620157
-17.620157
-17.620157
-10.542766
-17.620157
-17.620157
-15.613711
-17.620157
-17.620157
-17.620157
-17.620157
-16.779306
-17.620157
-17.620157
-17.620157
-17.620157
-17.620157
-17.620157
-17.620157
-13.886981
-17.620157
-17.620157
-17.620157
-17.620157
-17.271395
-17.620157
-17.620157
-17.620157
-17.620157
-17.620157
-17.620157
-15.881491
-17.620157
-17.620157
-17.105341
-17.620157
-17.620157
-17.620157
-17.620157
-17.620157
-17.620157
-17.620157
-17.620157
-17.620157
-17.620157
-17.620157
-17.620157
-17.620157
-17.620157
-17.620157
-15.890072
-17.620157
-17.620157
-17.620157
-17.620157
-17.620157
-17.620157
-17.620157
-17.104027
-17.620157
-17.620157
-17.620157
-17.620157
-16.779306
-11.611882
-17.620157
-16.779306
-17.620157
-17.620157
-17.620157
-17.620157
-17.416892
-17.207730
-17.620157
-17.620157
-17.416238
-17.620157
-17.620157
-17.620157
-17.620157
-17.620157
-17.620157
-17.620157
-16.779306
-17.620157
-17.620157
-17.620157
-17.620157
-17.620157
-17.620157
-17.620157
-17.620157
-17.175691
-16.065195
-17.620157
-17.620157
-17.620157
-17.620157
-17.414272
-17.620157
-17.620157
-17.620157
-17.620157
-11.757985
-17.620157
-16.779306
-17.620157
-17.349508
-3.342610
-17.620157
-17.620157
-17.620157
-17.620157
-17.620157
-17.620157
-17.620157
-17.413615
-17.620157
-17.620157
-17.620157
-17.620157
-16.779306
-17.620157
-17.620157
-17.620157
-17.620157
-17.620157
-16.866455
-17.620157
-17.620157
-17.620157
-14.237151
-17.620157
-17.620157
-17.620157
-17.620157
-7.901197
-17.620157
-17.620157
-17.620157
-17.620157
-17.620157
-17.620157
-17.620157
-17.620157
-17.069630
-17.620157
-17.620157
-17.620157
-17.620157
-17.620157
-17.620157
-17.620157
-17.141025
-17.620157
-17.620157
-17.620157
-13.135634
-17.620157
-17.620157
-17.620157
-15.870062
-17.620157
-17.620157
-17.620157
-16.059910
-17.620157
-6.392334
-17.620157
-17.620157
-17.620157
-17.620157
-17.416238
-12.410835
-17.620157
-17.620157
-17.620157
-17.620157
-17.620157
-17.620157
-17.620157
-17.620157
-17.620157
-17.620157
-17.620157
-17.620157
-17.620157
-17.620157
-17.620157
-17.620157
-17.620157
-12.800947
-17.620157
-17.620157
-17.620157
-17.620157
-17.620157
-17.620157
-17.620157
-17.620157
-17.620157
-17.620157
-17.620157
-17.620157
-17.620157
-17.620157
-17.620157
-17.620157
-17.620157
-17.620157
9.030480
-11.366055
-17.620157
-17.620157
-17.620157
14.597779
-17.620157
-17.620157
-17.620157
-17.620157
-17.620157
-17.620157
-17.620157
-17.620157
-17.383647
-17.620157
-17.620157
-17.419500
-17.620157
-17.620157
-17.620157
-17.620157
-16.779306
-17.620157
9.836847
-17.620157
-17.620157
-17.620157
-17.620157
-17.620157
-13.554276
-17.620157
-17.620157
-17.620157
-17.620157
-17.620157
-17.620157
-17.383647
-16.572764
-17.620157
-17.620157
-17.620157
-17.620157
-16.274496
-17.620157
-17.620157
-17.620157
-17.620157
-17.620157
-6.454099
-17.620157
-17.620157
-17.620157
-17.620157
-17.620157
-16.779306
-17.620157
-17.620157
-17.620157
-17.620157
-17.620157
-17.620157
-17.620157
-17.620157
-12.071180
-17.620157
-17.620157
-17.620157
-16.336053
-17.620157
-17.620157
-17.620157
-17.414928
-17.620157
-16.334638
-17.620157
-17.620157
-17.620157
-17.620157
-17.620157
-15.977251
-16.999633
-17.620157
-17.620157
-17.620157
-17.620157
-17.620157
-17.620157
-13.752937
-17.620157
-17.620157
-14.695750
-17.620157
-17.419500
-0.165479
-17.620157
-16.999633
-0.776162
-17.620157
-17.620157
-17.620157
-17.416238
-17.620157
-17.346910
-17.620157
-17.620157
-17.620157
-17.620157
-17.620157
-17.620157
-8.804257
-17.620157
-17.620157
-17.620157
-17.620157
-17.620157
-17.620157
-17.620157
-17.620157
-17.620157
-17.620157
-17.620157
-17.620157
-16.779306
-6.871505
-17.620157
-17.620157
-16.779306
-17.620157
-17.620157
-17.620157
-17.620157
-11.162660
-15.918478
-16.795298
-17.620157
-17.620157
-17.620157
-17.620157
-17.620157
-17.620157
-17.620157
-17.620157
-17.620157
-17.620157
-17.620157
-17.620157
-14.032476
-17.620157
-17.620157
-17.348643
-17.620157
-17.620157
-17.620157
-17.620157
-17.620157
-17.620157
-17.620157
-17.620157
-17.620157
-17.620157
-17.620157
3.027837
-17.620157
-17.381374
-17.620157
-17.620157
-17.620157
-17.620157
-17.620157
-11.890856
-17.620157
-17.383647
-17.620157
-17.419500
-17.620157
-17.620157
-17.620157
-17.620157
-17.620157
-17.620157
-3.827674
-17.620157
-17.620157
-17.382133
-17.620157
-17.620157
-17.620157
-17.620157
-17.620157
-17.620157
-17.620157
-17.620157
-17.620157
-17.620157
-17.620157
-17.620157
-17.620157
-17.620157
-17.620157
-17.620157
-16.779306
-16.541282
-17.620157
-17.620157
-17.414272
-17.620157
-17.620157
-17.620157
-17.620157
-17.620157
-17.620157
-17.620157
-17.414272
-17.620157
-17.620157
-17.620157
-17.620157
-17.620157
-17.620157
7.809713
-17.620157
-17.620157
-17.620157
-17.620157
-17.620157
-17.620157
-17.620157
-17.620157
-17.620157
-17.620157
-17.620157
-17.620157
-17.620157
-17.620157
-17.620157
-17.620157
-17.620157
-17.620157
-4.099596
-17.620157
-17.620157
-17.620157
-17.620157
-17.620157
-17.620157
-17.620157
14.048671
-17.620157
-17.620157
-17.620157
-17.620157
-17.620157
-17.620157
-17.141025
-17.620157
-17.620157
-17.346041
-17.620157
-17.620157
-17.620157
-17.620157
-17.620157
-17.620157
-17.620157
-17.620157
-17.620157
-17.620157
-17.620157
-17.620157
-17.620157
-17.620157
-17.620157
-17.620157
-14.553187
-4.074038
-17.620157
-17.620157
-17.620157
-17.620157
-17.620157
-17.620157
-17.620157
-14.808732
-13.290903
-7.847129
-17.620157
-17.620157
-17.620157
-17.620157
-17.620157
-17.620157
-17.620157
-17.620157
-17.620157
-17.620157
-17.620157
-17.620157
-17.620157
-17.620157
-17.620157
-17.270287
-17.620157
-17.620157
-17.620157
-17.620157
-17.620157
-17.620157
-17.620157
-17.620157
-17.620157
-17.620157
-17.620157
-17.620157
-17.620157
-17.620157
-17.620157
-17.620157
-17.620157
-17.620157
-17.620157
-17.620157
1.871762
-17.620157
-17.620157
-16.260877
-17.620157
-17.620157
-17.620157
-17.620157
-17.620157
-17.620157
-17.620157
-16.779306
-17.620157
-17.620157
-17.620157
-17.620157
-17.414272
-17.620157
-17.416892
-15.167621
-15.884152
-17.620157
-17.620157
-17.620157
-17.620157
-17.620157
-17.620157
-17.620157
-17.620157
-17.620157
-17.178868
-17.620157
-17.620157
-17.620157
-17.620157
-17.620157
-17.620157
-17.620157
-17.620157
-17.620157
-17.620157
-17.620157
-17.620157
-17.620157
-17.620157
-17.030394
-17.620157
-17.620157
-17.620157
-17.620157
-10.021852
-17.620157
-16.779306
-17.620157
-17.620157
-17.620157
-17.620157
-17.620157
-17.620157
-17.620157
-17.620157
-17.620157
-17.620157
-17.271395
-17.414272
-17.620157
-17.620157
-17.620157
-17.620157
-17.620157
-17.620157
-17.620157
-17.620157
-17.620157
-17.620157
-17.620157
-17.620157
-17.620157
-17.620157
-17.620157
-17.620157
-17.620157
-17.620157
-17.620157
-17.620157
-17.620157
-17.620157
-17.620157
-10.417137
-17.620157
-17.620157
-17.620157
-17.620157
-15.751803
-16.327823
-17.620157
-16.575386
-17.620157
-17.620157
-17.620157
-17.620157
-17.620157
-13.349496
5.275568
-17.620157
-17.620157
-13.616088
-17.620157
-17.620157
-17.620157
-17.620157
-17.620157
-17.620157
-17.620157
-17.620157
-17.620157
-16.779306
-17.620157
-17.620157
-17.620157
-17.620157
-17.620157
-17.620157
-17.416892
-17.620157
-17.620157
-17.620157
-17.620157
-16.700096
-17.620157
-17.419500
-17.620157
-17.620157
-17.620157
-17.620157
-17.620157
-17.620157
-17.620157
-17.620157
-17.176349
-17.620157
-17.620157
-17.620157
-17.620157
-17.620157
-17.620157
-17.620157
-17.620157
-17.620157
-7.865742
-17.412958
-17.620157
-17.620157
-17.620157
-17.620157
-17.413615
-17.620157
-17.620157
-17.620157
-17.620157
-3.941599
-17.620157
-17.620157
-17.620157
-17.620157
-17.620157
-17.620157
-17.620157
-17.382133
-17.620157
-17.620157
-17.620157
-17.620157
-17.620157
-17.620157
-17.620157
-17.620157
-17.419500
-17.620157
-17.620157
