26745, 8597, 26716, 12876, 12540, 67367, 57725, 12676, 9147, 19101, 8392, 39393, 8611, 8461, 13794, 10546, 8303, 57599, 22678, 13303, 18877, 12712, 24767, 58744, 19517, 24891, 50215, 52124, 19610, 39475, 25909, 66116, 44492, 19766, 60217, 805, 22674, 39546, 21551, 57679, 8440, 25923, 44268, 20836, 19343, 65726, 16241, 19398, 19453, 24717, 19521, 57623, 64377, 13307, 58615, 48257, 20029, 13745, 19673, 2634, 64369, 22457, 8989, 17704, 8459, 21412, 13346, 64201, 24872, 21411, 58627, 63268, 64372, 18092, 19087, 24774, 86259, 25653, 12834, 19690, 58152, 23555, 24602, 66313, 23582, 24816, 62207, 41622, 67986, 2664, 18119, 8404, 18705, 24857, 52090, 42441, 82974, 10100, 20978, 19103, 12568, 67216, 9373, 13268, 52047, 8607, 64355, 18106, 12468, 57844, 67473, 22572, 27273, 2833, 22308, 63183, 11342, 12545, 19018, 64352, 20815, 58125, 2586, 19098, 20888, 57847, 14033, 18154, 50320, 20745, 19707, 18269, 19616, 8575, 20993, 26862
Feature count is 136
Criterion1 result is ObjectIndex = 905, Distance = -14.809797317594270686415615621, Value = 0.7407370651973168334088128419
-17.950882
-16.982830
-17.950882
-17.950882
-17.950882
-17.950882
-17.950882
-17.950882
-17.950882
-17.950882
-14.952513
-17.950882
-17.950882
-17.950882
-17.302952
-17.950882
-17.950882
-17.950882
-17.950882
-17.950882
-17.950882
-17.950882
-17.950882
-16.431048
-17.950882
-17.950882
-17.950882
-17.950882
-17.950882
-17.950882
-17.950882
-17.950882
-17.950882
-17.950882
-17.950882
-17.950882
-17.950882
-17.950882
-17.950882
-17.950882
-17.950882
-16.651385
-17.950882
-10.719609
-17.188059
-17.950882
-17.950882
-17.950882
-17.950882
-17.950882
-17.950882
-17.950882
-17.950882
-17.950882
-17.950882
-17.950882
-17.950882
-17.650717
-17.950882
-17.950882
-17.950882
-17.950882
16.430414
-17.950882
-17.950882
-17.950882
-17.950882
-17.950882
-17.950882
-17.950882
-17.950882
-17.950882
-17.950882
-17.950882
-17.950882
-17.950882
-14.225585
-17.950882
-17.950882
-17.950882
-17.715127
-13.485801
-17.950882
-17.046040
-17.950882
-17.950882
-17.950882
-17.950882
-17.950882
-17.950882
-17.950882
-17.950882
-17.950882
-17.950882
-17.273838
-17.950882
-17.513565
-17.950882
-17.950882
-17.950882
-17.950882
-17.950882
-17.950882
-17.950882
-17.950882
-17.950882
-7.636243
-17.950882
-13.159604
-17.950882
-17.950882
-17.950882
-17.950882
-17.950882
-17.713615
-17.950882
-17.950882
-17.950882
-17.950882
-17.950882
-17.950882
-17.950882
-17.950882
-17.950882
-17.714372
-17.950882
-16.613899
-17.950882
-17.102504
-17.950882
-17.950882
-17.950882
-17.950882
-17.950882
-15.659824
-17.950882
-17.950882
-17.950882
-17.950882
-17.950882
-17.950882
-17.950882
-17.950882
-17.950882
-17.362772
-17.950882
-17.950882
-17.950882
-17.950882
-17.950882
-17.950882
-17.950882
-17.950882
-17.950882
-17.950882
-17.950882
-17.950882
-17.950882
-17.950882
-17.950882
-17.950882
-17.715127
-17.950882
-17.950882
-17.950882
-17.950882
-17.950882
-17.950882
-15.220312
-17.950882
-17.514219
-15.904476
-17.950882
-17.553459
-17.950882
-17.950882
-17.950882
-17.950882
-17.950882
-17.950882
-17.950882
-17.950882
-15.116253
-17.950882
-17.950882
-17.950882
-17.950882
-13.119477
-17.950882
-17.950882
-17.950882
-16.424791
-17.950882
-17.950882
-13.039993
-17.950882
-17.950882
-17.950882
-17.188059
-17.950882
-17.950882
-17.950882
-17.950882
-17.950882
-17.950882
-17.950882
-17.950882
-17.950882
-17.950882
-17.950882
-17.950882
-0.101420
-17.950882
-17.950882
-17.950882
-17.950882
-17.950882
-17.950882
-17.950882
-17.950882
-17.950882
-17.950882
-17.950882
-17.950882
-17.950882
-17.950882
-10.751647
-12.135412
-17.746962
-17.950882
-17.950882
-17.950882
-17.950882
-17.950882
-17.950882
-17.950882
-17.950882
-17.950882
-16.444602
-17.950882
-17.950882
-17.950882
-17.950882
-10.526508
-17.950882
-17.950882
-17.950882
-17.950882
-17.950882
-17.950882
-17.950882
-17.950882
-17.950882
-17.950882
-17.188059
-17.950882
-17.950882
-17.950882
-17.950882
-17.950882
-17.950882
-17.950882
-17.950882
-17.950882
-17.950882
-17.950882
-17.950882
-17.950882
-17.950882
-6.347999
-17.950882
-16.981517
-17.950882
-17.950882
-17.950882
-17.513565
-17.950882
-17.950882
-17.950882
-17.950882
-17.950882
-17.950882
-16.592113
-17.950882
-17.950882
-17.950882
-17.950882
-17.950882
-17.950882
-7.518388
-17.950882
-17.950882
-17.950882
-17.754116
-17.950882
-17.950882
-17.754116
-17.950882
-17.950882
-17.950882
-17.950882
-17.950882
-17.950882
-17.950882
-17.950882
-17.950882
-17.950882
-17.950882
-1.880722
-13.976195
-17.950882
-17.950882
-17.950882
-15.043715
-17.950882
11.509660
-17.950882
-17.950882
-17.950882
-17.950882
-16.983485
-17.950882
-17.950882
-11.345793
-17.950882
-17.950882
-17.950882
-13.331203
-17.950882
-17.950882
-17.950882
-17.950882
-17.950882
-17.950882
-17.950882
-17.950882
-17.950882
-15.891401
-16.980537
-17.950882
-17.950882
-17.950882
-17.950882
-17.483228
-17.950882
-17.950882
-17.950882
-17.747616
-16.411808
-15.739523
-17.950882
-17.950882
-17.950882
-17.950882
-17.950882
-17.950882
-17.950882
-15.813064
-16.224381
-17.950882
-17.950882
-17.950882
-17.104677
-17.950882
-17.950882
-17.950882
-17.950882
-17.950882
-17.950882
-17.745652
-17.950882
-17.950882
-17.950882
-17.950882
-17.950882
-17.950882
-17.950882
-17.950882
-17.950882
-17.950882
-17.746308
-17.950882
-17.950882
-17.950882
-15.090500
-17.950882
-17.950882
-17.950882
-14.402171
-17.950882
-17.950882
-17.950882
-17.950882
-17.950882
-17.103367
-17.950882
-17.950882
-17.950882
-17.950882
-16.677824
10.585706
-17.950882
-17.950882
-17.950882
-17.950882
-17.950882
-9.174593
-17.950882
-17.950882
-6.076149
-17.950882
-17.950882
-17.950882
-16.400017
-7.649555
-17.950882
-17.950882
-17.950882
-17.950882
-16.248511
-17.950882
-17.950882
-17.950882
-17.950882
-17.950882
-17.950882
-17.950882
-17.754116
-17.950882
-17.950882
-17.950882
-17.950882
1.462195
-17.950882
-17.950882
-17.950882
-17.950882
-17.950882
-17.950882
-17.950882
-17.950882
-17.543043
-17.714372
-17.950882
-17.950882
-17.950882
-17.950882
-17.950882
-17.715882
-17.950882
-17.950882
-17.950882
-17.950882
-17.950882
-9.757143
-17.950882
-17.950882
-17.950882
-14.366725
-17.950882
-17.950882
-17.950882
-17.950882
-17.950882
-17.950882
-17.950882
-17.950882
-17.950882
-17.950882
-17.950882
-17.950882
-10.443909
-17.950882
-17.950882
-17.950882
-17.950882
-17.950882
-17.950882
-17.950882
-17.950882
-17.950882
-17.950882
-17.950882
-17.950882
-17.950882
-17.950882
-17.950882
-17.650717
-17.950882
-17.950882
-17.188059
-17.950882
-17.950882
-17.950882
-17.950882
-16.048429
-17.950882
-17.950882
-17.950882
-17.950882
-17.950882
-17.950882
-17.950882
-17.950882
-17.950882
-17.950882
-17.950882
-17.950882
-12.631997
-17.950882
-17.950882
-17.950882
-17.950882
-17.950882
-17.950882
-17.950882
-17.950882
-17.950882
-17.950882
-10.108206
-17.950882
-17.950882
-17.950882
-17.950882
-17.950882
-17.950882
-17.950882
-17.188059
-17.950882
-17.746308
-17.950882
-16.576944
-17.950882
-17.950882
-17.950882
-16.738028
-17.950882
-17.950882
-17.188059
-15.267795
-16.843301
-17.950882
-17.950882
-17.950882
-14.946545
-17.950882
-17.950882
-17.950882
-17.950882
-17.950882
-17.950882
-3.597597
-17.950882
-17.950882
-17.950882
-17.950882
-17.950882
-17.950882
-17.950882
-17.131812
-17.950882
-17.950882
-17.950882
-17.950882
-17.950882
-14.654664
-17.950882
-17.950882
-17.950882
-17.950882
-11.375123
-17.950882
-17.950882
-17.950882
-17.950882
-17.950882
-17.950882
-17.950882
-17.950882
-17.754116
-17.950882
-17.950882
-17.950882
-17.950882
-12.247916
-17.482384
-17.950882
-14.811860
-17.950882
-17.950882
-17.950882
-17.950882
-17.950882
-17.950882
-17.950882
-17.950882
-17.950882
-17.950882
-17.642932
-17.950882
-15.479204
-17.950882
-17.950882
-17.950882
-17.950882
-17.950882
-17.950882
-8.856658
-17.748270
-17.950882
-15.477794
-17.950882
-17.950882
-17.950882
-17.950882
-17.950882
-17.950882
-17.950882
-17.950882
-17.950882
-17.950882
-17.950882
-17.950882
-14.733220
-17.950882
-17.950882
-17.950882
-17.950882
-16.578263
-17.950882
-17.950882
-17.950882
-17.950882
-17.950882
-17.950882
-16.735930
-17.950882
-17.950882
-17.513565
-17.950882
-17.950882
-17.950882
-17.950882
-17.950882
-17.950882
-17.950882
-17.950882
-17.950882
-17.950882
-17.950882
-17.950882
-17.950882
-17.950882
-17.950882
-14.175522
-17.950882
-17.650717
-17.950882
-17.950882
-17.950882
-17.950882
-17.748270
-15.914698
-17.950882
-17.950882
-17.950882
-17.950882
-17.431976
-8.015149
-17.950882
-16.231808
-17.950882
-17.543696
-17.950882
-17.950882
-17.950882
-17.950882
-17.646839
-17.950882
-17.950882
-17.950882
-17.950882
-17.950882
-17.950882
-17.950882
-17.950882
-17.950882
-17.950882
-17.950882
-17.950882
-17.950882
-17.950882
-17.950882
-17.950882
-17.950882
-17.950882
-17.246719
-16.528968
-17.950882
-17.950882
-17.950882
-17.950882
-17.950882
-17.950882
-17.950882
-17.950882
-17.950882
-9.642615
-17.950882
-17.950882
-17.950882
-16.197255
-5.501330
-17.950882
-17.950882
-17.950882
-17.950882
-17.950882
-17.746962
-17.950882
-17.188059
-17.950882
-17.188059
-17.950882
-17.950882
-17.950882
-17.950882
-17.950882
-17.950882
-17.950882
-17.950882
-17.408158
-17.950882
-17.950882
-17.950882
-13.759848
-17.950882
-17.950882
-17.950882
-17.718139
-7.608084
-17.950882
-17.950882
-17.950882
-17.950882
-17.950882
-17.950882
-17.950882
-17.950882
-17.236401
-17.950882
-17.950882
-17.950882
-17.950882
-17.950882
-17.950882
-17.950882
-17.482384
-17.950882
-17.950882
-17.950882
-10.106937
-17.950882
-17.950882
-17.950882
-13.676168
-17.950882
-17.950882
-17.950882
-15.326383
-17.950882
-4.135292
-17.950882
-17.950882
-17.950882
-17.950882
-17.950882
-8.901308
-17.950882
-17.950882
-17.950882
-17.950882
-17.754116
-17.950882
-17.950882
-17.950882
-17.043555
-17.950882
-17.950882
-17.950882
-17.950882
-17.950882
-17.950882
-17.950882
-17.950882
-13.337884
-17.950882
-17.950882
-17.188059
-17.950882
-17.950882
-17.950882
-17.950882
-17.950882
-17.950882
-17.950882
-17.950882
-17.950882
-17.950882
-17.950882
-17.950882
-17.950882
-17.950882
-17.950882
8.959231
-12.640411
-17.950882
-17.950882
-17.950882
12.584506
-17.950882
-17.950882
-17.950882
-17.950882
-17.950882
-17.950882
-17.950882
-17.950882
-17.750225
-17.950882
-17.950882
-17.716635
-17.950882
-17.950882
-17.950882
-17.950882
-17.650717
-17.950882
9.599050
-17.950882
-17.950882
-17.477384
-17.950882
-17.950882
-10.383327
-17.950882
-17.950882
-17.950882
-17.950882
-17.950882
-17.950882
-17.754116
-16.847400
-17.950882
-17.950882
-17.950882
-17.950882
-16.259300
-17.950882
-17.950882
-17.950882
-17.950882
-17.950882
-5.339821
-17.950882
-17.950882
-17.950882
-17.950882
-17.950882
-15.592370
-17.950882
-17.950882
-17.950882
-17.950882
-17.950882
-17.746962
-17.950882
-17.950882
-9.727391
-17.950882
-17.950882
-17.188059
-17.188059
-17.950882
-17.950882
-17.950882
-17.188059
-17.950882
-16.303688
-17.950882
-17.950882
-17.950882
-17.950882
-17.950882
-16.311257
-17.188059
-17.950882
-17.950882
-17.950882
-17.950882
-17.950882
-17.950882
-14.211892
-17.950882
-17.950882
-14.809797
-17.950882
-17.514219
4.258200
-17.746962
-17.188059
-1.840133
-17.950882
-17.950882
-17.950882
-17.475004
-17.950882
-17.039686
-17.950882
-17.950882
-17.950882
-17.950882
-17.950882
-17.950882
-8.433659
-17.950882
-17.950882
-17.950882
-17.950882
-17.950882
-17.950882
-17.950882
-17.950882
-17.950882
-17.950882
-17.950882
-17.950882
-17.950882
-8.313749
-17.950882
-17.950882
-16.681112
-17.950882
-17.950882
-17.950882
-17.950882
-13.582901
-13.322685
-16.170609
-17.950882
-17.950882
-17.950882
-17.950882
-17.950882
-17.950882
-17.950882
-17.950882
-17.950882
-17.950882
-17.950882
-17.950882
-9.857701
-17.950882
-17.950882
-17.950882
-17.950882
-17.950882
-17.950882
-17.950882
-17.754116
-17.950882
-17.950882
-17.950882
-17.950882
-17.950882
-17.950882
2.248611
-17.950882
-17.107238
-17.950882
-17.950882
-17.950882
-17.950882
-17.950882
-13.294448
-17.681958
-17.950882
-17.950882
-17.950882
-17.950882
-17.950882
-17.950882
-17.950882
-17.950882
-17.950882
0.671337
-17.950882
-17.950882
-17.950882
-17.950882
-17.950882
-17.950882
-17.950882
-17.646839
-17.950882
-17.950882
-17.950882
-17.950882
-17.750225
-17.950882
-17.950882
-17.188059
-17.950882
-17.950882
-17.950882
-17.188059
-16.984140
-17.950882
-17.950882
-17.950882
-17.950882
-17.950882
-17.950882
-17.950882
-17.950882
-17.950882
-17.950882
-17.482384
-17.950882
-17.950882
-17.950882
-17.950882
-17.950882
-17.950882
5.902952
-17.950882
-17.950882
-17.950882
-17.950882
-17.950882
-17.950882
-17.950882
-17.950882
-17.950882
-17.950882
-17.950882
-17.950882
-17.950882
-17.950882
-17.754116
-17.950882
-17.950882
-17.950882
-4.040499
-17.950882
-17.950882
-17.950882
-17.950882
-17.950882
-17.950882
-17.950882
16.597365
-17.950882
-17.950882
-17.950882
-16.679443
-17.950882
-17.950882
-17.718139
-17.950882
-17.950882
-17.137810
-17.950882
-17.950882
-17.950882
-17.950882
-17.950882
-17.950882
-17.715127
-17.950882
-17.950882
-17.950882
-17.950882
-17.950882
-17.950882
-17.950882
-17.950882
-17.950882
-13.239701
-3.817953
-17.950882
-17.950882
-17.950882
-17.754116
-17.950882
-17.950882
-17.950882
-11.673010
-10.606070
-8.680051
-17.950882
-17.950882
-17.950882
-17.950882
-17.950882
-17.950882
-17.950882
-17.950882
-17.950882
-17.950882
-17.950882
-17.950882
-17.950882
-17.950882
-17.950882
-16.408070
-17.950882
-17.950882
-17.950882
-17.950882
-17.950882
-17.950882
-17.950882
-17.950882
-17.950882
-17.950882
-17.950882
-17.950882
-17.950882
-17.950882
-17.950882
-17.950882
-17.950882
-17.950882
-17.950882
-17.950882
3.886052
-17.950882
-17.950882
-17.745652
-17.950882
-17.650717
-17.950882
-16.991293
-17.950882
-17.950882
-17.950882
-17.750225
-17.950882
-17.950882
-17.950882
-17.950882
-17.482384
-17.950882
-16.991293
-13.657452
-16.293898
-17.950882
-17.950882
-17.950882
-17.950882
-17.950882
-17.950882
-17.950882
-17.950882
-17.950882
-17.718139
-17.950882
-17.950882
-17.950882
-17.718139
-17.950882
-17.188059
-17.950882
-17.950882
-17.950882
-17.950882
-17.950882
-17.950882
-17.950882
-17.950882
-17.483228
-17.950882
-17.950882
-17.950882
-17.950882
-7.141575
-17.950882
-17.604329
-17.950882
-17.950882
-17.950882
-17.950882
-17.950882
-17.950882
-17.950882
-17.950882
-17.950882
-17.950882
-16.091548
-17.950882
-17.950882
-17.950882
-17.950882
-17.950882
-17.950882
-17.950882
-17.950882
-17.950882
-17.950882
-17.950882
-17.950882
-17.950882
-17.950882
-17.950882
-17.950882
-17.950882
-17.950882
-17.950882
-17.950882
-17.950882
-17.650717
-17.950882
-17.950882
-11.116833
-17.950882
-17.950882
-17.950882
-17.950882
-15.278162
-17.161732
-17.950882
-17.681958
-17.950882
-17.950882
-17.650717
-17.950882
-17.950882
-10.687577
4.527450
-17.950882
-17.950882
-12.322527
-17.950882
-17.950882
-17.950882
-17.950882
-17.950882
-17.950882
-17.950882
-17.746962
-17.950882
-17.950882
-17.950882
-17.950882
-17.950882
-17.950882
-17.950882
-17.950882
-17.750225
-17.950882
-17.950882
-17.950882
-17.950882
-15.679072
-17.950882
-17.744340
-17.950882
-17.950882
-17.950882
-17.950882
-17.950882
-17.950882
-17.950882
-17.950882
-16.683976
-17.950882
-17.950882
-17.950882
-17.950882
-17.950882
-17.950882
-17.950882
-17.950882
-17.950882
-8.036545
-17.514471
-17.950882
-17.950882
-17.950882
-17.950882
-17.950882
-17.950882
-17.950882
-17.950882
-17.950882
-5.125375
-17.950882
-17.950882
-17.950882
-17.950882
-17.950882
-17.950882
-17.950882
-16.951550
-17.950882
-17.950882
-17.950882
-17.950882
-17.950882
-17.950882
-17.950882
-17.950882
-17.950882
-17.950882
-17.950882
