===== FindNoisyObjects Started at 5/6/2021 4:59:59 PM
795
5
12
8
96
1242
413
1285
6
4
981
1099
11
712
15
1238
16
0
623
17
7
2
191
18
447
25
20
21
508
22
13
24
26
27
28
29
30
31
32
33
34
36
35
38
39
42
45
46
47
50
48
52
51
53
54
55
58
59
60
308
3
9
64
65
66
68
69
67
70
72
73
75
77
49
74
78
82
84
61
85
87
86
88
90
91
92
95
93
98
99
37
101
97
103
107
110
113
115
117
112
119
120
121
122
127
123
129
100
131
133
136
102
138
140
141
118
79
143
145
146
89
147
148
150
130
132
151
153
155
157
159
116
162
164
166
174
169
176
178
179
181
184
135
186
137
105
189
109
192
149
142
165
195
200
177
180
197
185
202
204
139
152
206
163
208
210
213
209
172
167
158
215
175
217
199
219
205
223
224
225
230
229
190
231
232
160
207
234
236
214
196
239
183
201
203
244
218
245
248
252
246
188
255
257
193
212
259
261
263
156
260
262
264
265
267
270
216
249
220
247
273
276
278
280
235
287
285
283
258
290
292
291
294
253
297
266
301
303
272
304
305
306
307
311
314
274
233
317
284
237
319
318
322
326
329
333
335
256
339
154
240
344
221
250
351
277
279
353
288
355
321
324
359
268
316
312
302
281
286
361
356
334
328
298
366
371
340
373
241
310
377
352
382
385
390
392
398
404
401
410
330
417
336
299
367
360
372
422
426
345
431
341
222
251
378
434
354
391
242
363
438
444
439
440
443
451
452
453
455
456
457
459
460
461
402
462
463
368
411
467
464
472
473
475
342
476
479
477
480
478
383
483
393
379
488
405
370
374
428
346
498
502
386
435
484
364
395
445
506
397
331
418
300
489
433
511
403
415
375
465
491
520
515
423
376
524
481
530
436
437
536
543
485
548
407
554
332
512
429
468
492
469
350
381
446
532
507
365
537
558
563
513
466
564
514
430
568
493
470
499
573
503
525
387
486
526
420
549
578
521
583
516
566
517
569
494
416
424
591
482
449
533
509
545
408
595
560
555
522
541
601
571
605
612
617
389
618
534
528
619
504
550
580
588
561
620
621
589
626
556
500
496
596
523
518
510
505
627
649
645
501
590
653
659
597
665
673
655
646
599
650
660
629
681
592
581
685
663
666
674
557
497
657
613
593
582
602
630
425
651
647
690
694
705
606
594
713
686
631
682
678
669
567
552
664
542
636
546
421
641
714
717
724
574
688
614
648
637
652
691
632
695
658
609
729
680
734
603
706
622
683
741
750
759
764
562
572
715
719
671
616
770
716
639
575
775
730
742
781
736
547
642
787
760
791
766
726
721
796
805
692
813
611
633
689
698
684
743
708
604
643
624
824
792
829
793
794
834
835
837
772
640
839
723
840
577
816
850
778
751
788
737
856
762
644
767
710
797
861
806
842
862
693
634
732
871
853
699
783
779
744
883
733
625
830
727
893
773
728
904
899
768
799
914
807
864
843
817
865
752
929
925
763
825
933
945
952
808
845
700
784
745
872
884
789
738
858
832
957
826
800
818
949
967
866
780
854
753
790
972
930
859
896
774
860
900
906
953
901
912
954
903
913
827
983
820
846
701
785
855
873
926
997
931
1002
916
833
958
1013
955
934
809
950
1020
746
867
885
1029
1038
973
754
927
801
1046
968
703
999
974
755
897
1004
918
959
1056
1066
1076
1085
935
821
951
847
1021
887
1086
987
848
1096
932
874
1039
975
1014
977
919
960
1017
802
810
1047
1077
747
936
868
1079
822
970
1022
1030
1000
928
1005
979
1057
962
1006
1048
748
971
1023
989
704
1087
889
1040
1107
849
1031
898
756
1001
920
1116
1018
1058
803
1124
1067
1132
1024
1100
1144
1157
876
758
1080
963
940
1007
811
804
870
1059
1050
823
1133
1145
890
1165
980
921
1117
1176
1125
1195
1185
991
1060
1051
1069
1090
1041
1108
1134
1158
1205
1146
1032
1213
1167
982
965
877
1081
1177
942
1009
1101
1234
1222
1025
891
1118
1062
1196
1187
922
1082
1246
1102
1091
1070
1083
1159
1119
1092
879
1148
923
1120
1223
892
1121
1122
1123
1256
1257
1258
1260
1126
1206
1127
1197
1103
992
1063
1026
1028
1267
1109
812
1160
1189
1190
1276
1225
1052
1033
880
1178
1247
1084
1072
1236
943
1268
1168
1169
1171
1173
1174
1149
1284
1010
1287
1012
1191
1214
1135
966
1054
1207
1042
1295
1261
1094
1064
993
1305
994
996
944
1314
1175
1161
1150
1226
1128
1208
1035
1043
1297
1198
1104
1110
1095
1288
1277
1227
1036
1044
1209
1228
1045
1179
1262
1248
1073
1306
1237
1269
1307
1240
1298
1278
1315
1289
1137
1129
1055
1037
1162
1151
1215
1192
1180
1216
1182
1249
1201
1299
1111
1210
1183
1231
1308
1105
1184
1217
1241
1279
1202
696
1130
1243
1131
1263
1270
1193
1074
1233
1211
1271
1251
1300
1112
1218
1138
1290
1140
1142
1203
1224
1163
1244
1265
1153
1194
1272
1075
1309
1212
1106
1219
1301
1204
1280
1281
1245
1113
1273
1253
1220
1164
1292
1114
1282
1274
1254
1310
1302
1293
1255
1311
1283
1303
1312
1294
===== FindNoisyObjects Ended at 5/6/2021 4:59:59 PM
