16851, 13095, 47016, 21003, 6525, 99138, 24260, 9195, 49946, 35334, 78167
Feature count is 11
Criterion1 result is ObjectIndex = 155, Distance = -0.8303588850245997970448009052, Value = 0.5796031144162680909018414369
Boundary = -0.8153846622498842490898657360
-0.861087
0.085214
-0.276842
-0.181829
-0.497830
0.101557
-0.944878
-0.395929
-1.045238
0.434045
-1.045238
-1.147140
-0.973286
0.645478
-0.944878
0.299895
-0.973286
-0.378743
-0.944878
-1.147140
-0.989888
-0.973286
-1.045238
-1.046779
-1.061840
-0.889527
-1.147140
-0.181829
-1.045238
0.249053
-0.989888
-0.944878
-0.944878
0.167242
-1.046779
-0.586310
-0.944878
0.560545
-1.075187
0.635726
-0.730777
-1.075187
-0.944878
-0.973286
-1.046779
-1.061840
-1.147140
-0.944878
0.730777
-0.395929
-0.944878
-1.075187
-0.944878
-1.147140
-0.989888
0.304663
-0.944878
-0.944878
-1.061840
-0.944878
-1.061840
-0.959939
0.085214
-1.147140
-1.045238
-1.075187
-1.046779
-0.800410
0.491839
-1.045238
-0.859578
-1.147140
-1.075187
0.414538
0.578877
-1.046779
-1.075187
-1.147140
-0.944878
0.085214
-0.989888
-1.046779
-1.061840
-0.989888
-0.621548
-1.147140
-0.944878
-1.046779
-1.075187
-0.944878
-1.075187
-0.961480
-0.944878
-0.070756
-0.162257
0.556339
-1.045238
-0.144552
-0.989888
0.217625
0.098537
-0.989888
-0.944878
-0.989888
-1.147140
-0.730777
-1.147140
-0.379039
-1.061840
-0.944878
-1.075187
-0.944878
0.702692
0.625972
-0.989888
-1.046779
-1.147140
-0.944878
-0.944878
-0.933039
-0.944878
-1.075187
-0.001824
0.416858
-1.075187
0.601372
-0.381706
-0.944878
-0.944878
-0.944878
-0.944878
-1.147140
-0.861087
-0.944878
-0.944878
-1.147140
-0.974826
-0.059253
-0.989888
-1.046779
-1.046779
-1.075187
-1.045238
-1.046779
-1.061840
-0.095356
-0.944878
-0.944878
-0.944878
-0.974826
-0.944878
-1.075187
1.061840
-0.644305
-1.075187
-0.830359
0.458644
-0.989888
-1.046779
-0.944878
1.061840
-1.075187
-1.075187
0.601372
-0.730777
-0.281562
-0.944878
-1.147140
-0.800410
-0.730777
-0.973286
-0.944878
-1.045238
-0.944878
-0.859578
-1.147140
-1.045238
-1.075187
-1.075187
-0.944878
0.371629
-1.075187
-0.887987
-0.887987
-1.046779
-1.075187
-0.730777
-1.075187
-1.075187
-1.045238
0.640495
-0.974826
-0.288392
-1.045238
-1.045238
0.343763
-0.944878
-1.147140
-1.075187
-1.147140
-0.787626
-1.147140
-1.075187
-1.147140
-0.944878
-0.973286
-1.046779
-1.075187
-0.944878
-1.147140
-0.944878
-1.147140
-0.861087
-0.989888
0.034591
-1.075187
-1.075187
-0.989888
-0.989888
-1.061840
0.358283
-0.944878
-1.147140
0.319526
-1.046779
-1.045238
0.225697
0.368600
0.153744
-0.989888
-1.046779
-0.989888
-0.730777
-0.859578
-1.075187
-1.046779
-0.887987
0.227943
-0.944878
-1.075187
-1.046779
-0.832098
-0.787626
-0.944878
-0.989888
-1.046779
-1.061840
-0.944878
-0.989888
-1.045238
-0.974826
-1.075187
-0.658825
0.743520
-1.045238
-0.944878
-1.147140
-1.075187
-0.730777
-0.944878
-1.046779
-1.075187
0.006545
0.289578
-1.045238
-1.045238
-1.045238
-0.693500
-0.262618
-1.147140
-1.075187
-0.402099
-0.944878
-1.046779
-0.887987
-0.944878
-1.075187
-0.944878
0.358283
-1.075187
-0.184496
-1.045238
-1.045238
-0.989888
-1.075187
-0.989888
-1.075187
-0.989888
-0.944878
-1.147140
-0.109876
-0.944878
-1.046779
0.917373
-0.973286
-0.974826
-1.045238
-1.061840
-0.944878
-0.989888
-0.395929
0.845421
-0.973286
-1.046779
-0.859578
-0.944878
-1.045238
0.180348
-0.944878
-0.181829
-1.045238
-1.045238
-0.944878
0.519344
-1.075187
-1.075187
-0.944878
-0.324815
-0.944878
-1.046779
-1.147140
-0.973286
0.933039
-0.730777
-1.075187
0.845421
-0.132671
-1.147140
-1.147140
-0.944878
-0.961480
-0.181829
-0.059253
-0.944878
-0.919112
-1.075187
-1.075187
-0.181829
-0.944878
0.635726
-1.075187
-1.075187
1.061840
-1.075187
0.403285
1.061840
-0.944878
-0.973286
-0.861087
-1.045238
-1.046779
-0.167309
-0.974826
-1.046779
0.031924
-0.989888
-0.144552
0.176798
-1.075187
-0.944878
0.029604
-0.282190
-1.147140
-0.944878
-0.251462
-0.070756
-1.046779
-1.045238
-0.162257
-1.045238
-0.959939
-1.075187
-0.944878
-0.974826
-1.046779
-1.075187
-0.887987
-0.989888
-1.075187
-0.800410
-1.061840
-0.989888
-1.147140
-1.046779
0.458644
-0.944878
-0.944878
0.705012
-1.046779
-0.989888
-0.944878
-0.944878
-0.132671
-0.491238
-1.075187
-0.323977
0.296648
-0.944878
-1.075187
0.343763
-0.974826
-0.944878
-0.944878
-1.046779
-0.887987
-1.147140
-0.989888
-1.147140
-1.147140
-1.147140
-1.147140
-0.944878
-0.973286
-0.889527
-0.887987
0.391781
-1.046779
-0.944878
0.559006
-0.872925
-0.944878
-0.621548
-0.974826
0.917373
0.217625
-0.944878
-0.974826
-0.181829
0.483244
-0.989888
-0.495663
-1.045238
-0.944878
-0.284857
-1.061840
-0.944878
1.061840
-0.989888
-0.973286
-1.147140
-1.075187
-0.001824
-1.045238
-0.973286
-0.310630
-1.147140
-0.944878
-1.045238
-0.859578
-0.944878
-0.181829
-1.147140
-0.944878
-1.147140
-0.973286
-1.075187
0.545483
0.485563
0.917373
-0.989888
-1.075187
-1.075187
-1.045238
-0.872925
-0.961480
-1.075187
-1.147140
-1.045238
-1.075187
0.271810
-1.147140
0.247210
-1.046779
-1.147140
-1.147140
-1.075187
-0.944878
-0.144552
-1.075187
-0.944878
-0.944878
-1.147140
-0.167309
0.930720
-0.989888
-1.147140
-1.147140
-1.045238
-1.075187
-1.147140
-0.835345
-1.075187
-1.046779
-1.045238
-0.974826
-1.075187
-1.061840
-1.147140
-1.046779
-0.944878
-1.046779
-1.061840
-0.944878
-0.730777
-0.944878
-1.004411
-0.887987
-1.147140
-1.046779
-0.257632
-1.075187
-1.061840
-0.959939
-0.973286
-0.733444
0.578877
-1.045238
-1.147140
-0.989888
-1.147140
-0.944878
0.483244
-0.944878
-1.147140
0.085214
-0.900771
-1.075187
-0.959939
-1.147140
0.101557
0.619124
-0.046198
-0.944878
-0.277138
0.047937
-0.973286
-1.046779
-0.889527
-1.061840
-1.147140
-1.061840
-1.075187
-1.075187
-1.046779
-0.973286
0.138834
-0.944878
-1.147140
-0.181829
-1.075187
-1.075187
-0.001824
-0.887987
-1.046779
-1.147140
-0.944878
-0.944878
-0.073711
-1.075187
-1.061840
-0.251462
-1.147140
-0.974826
-1.075187
-0.989888
-0.497830
-1.147140
0.483824
-0.973286
0.098537
-1.046779
-0.944878
-1.046779
-0.944878
-1.147140
-0.730777
-1.075187
-1.046779
0.175257
-1.147140
-0.944878
-0.944878
-0.959939
-0.974826
0.842392
-1.147140
-1.147140
-0.179510
-0.944878
-0.944878
-0.944878
-0.989888
-0.989888
-1.046779
-0.989888
-0.477081
-0.861087
-0.944878
0.212276
-0.000085
-0.930720
-0.944878
0.227943
-0.944878
-0.944878
-1.075187
0.267386
-1.147140
0.037619
0.471990
-1.075187
0.358283
-1.045238
-0.482067
-1.046779
-0.944878
-1.147140
-1.045238
-0.944878
0.842392
-1.075187
-1.045238
-0.944878
0.625972
-0.974826
-0.859578
-0.944878
-0.944878
-0.989888
-1.075187
-1.061840
-1.046779
-0.730777
-0.944878
