46941, 16596, 63703, 109176, 99157, 38355, 48659, 38778, 108972, 16900, 941, 3808, 49742
Feature count is 13
Criterion1 result is ObjectIndex = 613, Distance = -0.6556487211077345611923719718, Value = 0.5835856612152141768354496521
Boundary = -0.6529604537431280087981814421
-1.303740
0.878923
-0.351141
0.597943
-1.158607
0.760258
-1.351684
-0.646930
-1.303740
-0.036641
-1.223457
-1.333972
-1.144635
0.507127
-1.125462
1.007151
-1.333972
0.255861
-0.972191
-1.431967
-1.353145
-1.176215
-1.205745
-1.303740
-1.071647
-1.333972
-1.353145
0.499948
-1.431967
0.499948
-1.199874
-1.125462
-1.253689
0.279818
-1.333972
-0.590281
-1.125462
0.894356
-1.303740
0.499948
-1.125462
-1.097393
-1.125462
-1.199874
-1.253689
-1.205745
-1.303740
-1.205745
0.685846
1.329486
-1.125462
-1.205745
-1.125462
-1.329486
-1.199874
-0.447957
-1.351684
-0.972191
-1.047988
-1.205745
-1.176215
-1.176215
0.541532
-1.431967
-1.303740
-1.205745
-1.125462
-0.493659
0.742001
-1.303740
-0.869710
-1.278696
-1.205745
0.021416
0.352911
-1.351684
-1.125462
-1.250664
-1.125462
0.797284
-1.199874
-1.303740
-1.431967
-1.176215
-0.948777
-1.253689
-1.253689
-1.351684
-1.431967
-1.205745
-1.199874
-1.101879
-1.125462
1.032157
-0.752728
0.951874
-1.303740
0.508773
-1.095932
-0.027597
0.483158
-1.278696
-1.253689
-1.278696
-1.431967
-1.125462
-1.431967
-0.650272
-1.431967
-1.253689
-1.303740
-1.125462
1.176215
0.385476
-1.097393
-1.253689
-1.199874
-1.351684
-1.022981
-1.303740
-1.223457
-1.097393
0.467196
0.597943
-1.250664
0.782456
-0.016667
-1.125462
-1.351684
-1.253689
-1.125462
-1.431967
-1.205745
-1.125462
-1.125462
-1.353145
-1.199874
0.434943
-1.199874
-1.353145
-1.303740
-1.097393
-1.303740
-1.333972
-1.176215
0.507127
-1.333972
-1.125462
-1.125462
-1.431967
-1.351684
-1.431967
0.597943
-0.398982
-1.303740
-1.431967
-0.176201
-1.278696
-1.198413
-1.253689
0.997938
-1.106606
-1.046640
0.975533
0.119410
-0.972191
-1.333972
-1.278696
-0.026276
-1.223457
-1.176215
-1.253689
-1.151208
-1.125462
-1.125462
-1.351684
-1.329486
-1.431967
-1.303740
-1.125462
0.862520
-1.431967
-1.150469
-1.122437
-1.333972
-1.431967
0.039128
-1.122437
-0.949993
-1.431967
1.105145
-1.431967
-0.501462
-1.224918
-1.205745
0.499948
-1.125462
-1.250664
-1.431967
-1.431967
-1.032157
-1.431967
-1.303740
-1.353145
-1.253689
-1.205745
-1.351684
-1.431967
-1.125462
-1.333972
-1.125462
-1.333972
-1.303740
-1.047988
-0.175697
-1.176215
-0.953335
-1.032157
-1.250664
-1.278696
0.016876
-1.125462
-1.333972
-0.287597
-1.125462
-1.333972
0.225077
1.079399
0.760258
-1.176215
-1.303740
-1.199874
-0.646930
-0.972191
-1.126923
-1.333972
-1.176215
0.838262
-1.125462
-1.199874
-1.278696
-1.224918
-1.022981
-1.125462
-1.095932
-1.253689
-1.278696
-1.333972
-0.949993
-1.125462
-1.431967
-1.199874
-0.116642
0.660802
-1.201259
-1.125462
-1.431967
-1.303740
-1.125462
-1.151208
-1.303740
-1.223457
0.400855
-0.018444
-1.255150
-1.303740
-1.431967
-0.953435
-0.543040
-1.303740
-1.057201
-0.568239
-1.253689
-1.205745
-1.224918
-1.125462
-0.997938
-1.125462
0.079550
-1.303740
-0.414837
-1.333972
-1.431967
-1.176215
-1.303740
-1.353145
-1.431967
-1.176215
-1.125462
-1.180701
-0.109397
-1.125462
-1.253689
0.280265
-1.329486
-1.431967
-1.303740
-1.278696
-1.125462
-1.199874
-1.329486
0.760258
-1.224918
-1.333972
-1.119591
-1.125462
-1.431967
0.791020
-1.125462
0.597943
-1.125462
-1.333972
-1.125462
1.125462
-1.176215
-1.176215
-1.125462
-0.352602
-1.125462
-1.333972
-1.431967
-1.224918
1.185428
0.021416
-1.180701
0.983138
-0.590281
-1.431967
-1.201259
-1.253689
-1.095932
0.791020
-0.081119
-1.125462
-1.278696
-1.278696
-1.333972
0.855340
-1.125462
0.499948
-1.303740
-1.303740
0.885143
-1.199874
0.767044
1.151208
-1.253689
-1.126923
-1.223457
-1.303740
-1.253689
-0.424025
-1.199874
-1.333972
0.904316
-1.071647
0.202400
0.298374
-1.333972
-1.253689
0.824491
1.249203
-1.150469
-1.253689
-0.205929
0.903313
-1.303740
-1.201259
-0.552253
-1.351684
-1.150469
-1.431967
-1.174867
-1.431967
-1.431967
-1.333972
-1.176215
-1.150469
-1.199874
-0.744925
-1.250664
-1.199874
-1.303740
-1.253689
0.147223
-1.125462
-1.125462
0.670931
-1.329486
-1.278696
-1.125462
-1.125462
0.174687
-0.884325
-1.329486
-1.046640
0.169232
-1.125462
-1.303740
-0.192890
-1.303740
-1.125462
-1.125462
-1.249203
-1.022981
-1.431967
-1.097393
-1.351684
-1.303740
-1.255150
-1.278696
-1.253689
-1.333972
-1.278696
-1.150469
0.913529
-1.431967
-1.125462
0.499948
-1.022981
-1.223457
-0.953435
-1.431967
0.281726
0.338025
-1.431967
-1.303740
0.596482
0.732041
-1.431967
-0.300582
-1.333972
-1.046640
-0.711382
-1.431967
-1.125462
0.760258
-1.032157
-1.224918
-1.125462
-1.224918
0.531102
-1.255150
-1.205745
-0.646930
-1.333972
-1.125462
-1.223457
-1.125462
-1.125462
0.499948
-1.180701
-1.125462
-1.303740
-1.224918
-1.224918
0.158372
0.744825
0.869842
-1.199874
-1.224918
-1.431967
-1.329486
-0.829904
-0.997938
-1.205745
-1.303740
-1.223457
-1.303740
0.021416
-1.431967
0.908714
-1.351684
-1.329486
-1.303740
-1.353145
-1.125462
0.128492
-1.431967
-1.125462
-1.351684
-1.431967
0.079550
1.095932
-1.199874
-1.303740
-1.431967
-1.333972
-1.329486
-1.431967
-1.269651
-1.176215
-1.351684
-1.224918
-0.972191
-1.431967
-1.250664
-1.333972
-1.303740
-1.125462
-1.333972
-1.150469
-1.125462
-1.125462
-1.070186
-1.333972
-1.205745
-1.353145
-1.431967
-0.941561
-1.353145
-1.134638
-1.071647
-1.205745
-1.125462
-0.021416
-1.022981
-1.431967
-1.353145
-1.333972
-1.205745
0.913529
-1.223457
-1.431967
-0.156669
-0.783841
-1.353145
-1.180701
-1.431967
0.021416
0.903313
-0.599457
-1.125462
0.021416
-0.300582
-1.126923
-0.418254
-1.007151
-0.949993
-0.992351
-1.199874
-1.205745
-1.278696
-1.100418
-1.231491
-0.577284
-1.052474
-1.431967
1.032157
-1.303740
-1.333972
0.764525
-1.198413
-1.253689
-1.303740
-1.253689
-1.125462
-0.043654
-1.431967
-1.278696
-0.573942
-1.431967
-1.351684
-1.303740
-1.199874
-1.125462
-1.303740
0.590937
-1.205745
0.021196
-1.125462
-1.253689
-1.091374
-1.351684
-1.303740
-1.125462
-1.278696
-1.303740
0.814603
-1.278696
-1.253689
-1.351684
-1.150469
-0.715339
0.935078
-1.431967
-1.303740
0.410910
-1.125462
-1.125462
-1.125462
-1.199874
-1.150469
-1.431967
-1.176215
-0.577284
-1.431967
-1.253689
0.829049
0.699289
-1.303740
-1.351684
0.764525
-1.125462
-1.253689
-1.303740
-0.175697
-1.431967
0.791020
0.361666
-1.353145
0.385641
-1.303740
-0.655649
-1.100418
-1.351684
-1.253689
-1.205745
-1.151208
0.751213
-1.303740
-1.198413
-1.125462
0.760258
-1.278696
-1.022981
-1.125462
-1.125462
-1.278696
-1.431967
-1.071647
-1.351684
-0.260700
-1.249203
