109137, 13131, 119792, 96148, 21907, 109213, 86080, 47056, 99462
Feature count is 9
Criterion1 result is ObjectIndex = 525, Distance = -0.3570584489892434463435683384, Value = 0.5255293389257955860093619726
Boundary = -0.3298996528619546812692710346
-0.760531
0.276748
0.504800
-0.065432
-0.735225
-0.065432
-0.795229
-0.683715
-0.795229
0.332940
-0.683715
-0.760531
-0.683715
0.478296
-0.683715
0.588671
-0.872044
0.366782
-0.683715
-0.872044
-0.760531
-0.795229
-0.795229
-0.795229
-0.683715
-0.796427
-0.684913
0.242737
-0.872044
-0.065432
-0.760531
-0.683715
-0.588671
0.503602
-0.683715
-0.546896
-0.683715
0.351439
-0.683715
-0.065432
-0.683715
-0.608098
-0.683715
-0.760531
-0.872044
-0.795229
-0.760531
-0.683715
0.795229
-0.065432
-0.683715
-0.872044
-0.795229
-0.760531
-0.760531
0.503602
-0.795229
-0.683715
-0.872044
-0.795229
-0.760531
-0.796427
0.795229
-0.760531
-0.795229
-0.760531
-0.683715
-0.471278
0.449294
-0.872044
-0.719611
-0.872044
-0.760531
0.242737
0.503602
-0.872044
-0.760531
-0.796427
-0.683715
0.503602
-0.760531
-0.795229
-0.683715
-0.684913
0.033108
-0.872044
-0.872044
-0.796427
-0.760531
-0.796427
-0.872044
-0.796427
-0.795229
-0.065432
-0.071388
0.616314
-0.872044
0.221427
-0.719611
0.084607
-0.017003
-0.796427
-0.795229
-0.760531
-0.760531
-0.683715
-0.760531
-0.452363
-0.872044
-0.795229
-0.872044
-0.683715
-0.065432
0.479494
-0.684913
-0.872044
-0.760531
-0.795229
-0.795229
-0.760531
-0.795229
-0.760531
0.401540
-0.035232
-0.796427
0.064311
-0.760531
-0.795229
-0.760531
-0.795229
-0.795229
-0.796427
-0.760531
-0.683715
-0.683715
-0.760531
-0.760531
0.366782
-0.684913
-0.433874
-0.872044
-0.683715
-0.760531
-0.760531
-0.796427
0.546896
-0.665487
-0.795229
-0.795229
-0.433874
-0.795229
-0.760531
0.453049
0.503602
-0.872044
-0.433874
0.503602
-0.872044
-0.796427
-0.795229
0.141126
-0.796427
-0.872044
0.719611
0.062623
-0.608098
-0.683715
-0.760531
-0.683715
-0.683715
-0.683715
-0.683715
-0.795229
-0.683715
-0.683715
-0.872044
-0.760531
-0.760531
-0.872044
-0.683715
0.503602
-0.760531
-0.683715
-0.795229
-0.760531
-0.433874
-0.065432
-0.684913
-0.796427
-0.760531
-0.065432
-0.795229
0.065432
-0.795229
-0.760531
0.242737
-0.683715
-0.796427
-0.796427
-0.872044
-0.719611
-0.872044
-0.580418
-0.760531
-0.795229
-0.683715
-0.760531
-0.760531
-0.795229
-0.796427
-0.683715
-0.760531
-0.872044
-0.684913
-0.683715
-0.683715
-0.796427
-0.684913
-0.684913
-0.796427
0.503602
-0.795229
-0.872044
-0.108985
-0.760531
-0.683715
0.242737
0.608098
-0.065432
-0.760531
-0.760531
-0.760531
-0.795229
-0.683715
-0.760531
-0.760531
-0.795229
0.503602
-0.683715
-0.796427
-0.795229
-0.253761
-0.795229
-0.683715
-0.872044
-0.872044
-0.796427
-0.872044
-0.872044
-0.795229
-0.872044
-0.872044
-0.245545
0.509299
-0.795229
-0.683715
-0.872044
-0.691931
-0.683715
-0.795229
-0.760531
-0.872044
-0.242737
0.478296
-0.683715
-0.760531
-0.795229
-0.665487
0.065432
-0.760531
-0.872044
-0.147006
-0.760531
-0.795229
-0.872044
-0.796427
-0.796427
-0.683715
0.503602
-0.760531
-0.191227
-0.795229
-0.872044
-0.796427
-0.872044
-0.760531
-0.433874
-0.796427
-0.795229
-0.796427
-0.245545
-0.683715
-0.760531
0.513054
-0.872044
-0.433874
-0.872044
-0.796427
-0.795229
-0.684913
-0.563876
0.379556
-0.795229
-0.683715
-0.683715
-0.795229
-0.760531
-0.065432
-0.683715
-0.065432
-0.683715
-0.795229
-0.795229
0.683715
-0.796427
-0.872044
-0.683715
-0.071388
-0.683715
-0.795229
-0.872044
-0.683715
0.796427
-0.065432
-0.796427
0.406001
-0.376745
-0.760531
-0.796427
-0.795229
-0.796427
-0.065432
-0.488259
-0.795229
-0.796427
-0.795229
-0.872044
-0.065432
-0.683715
-0.065432
-0.872044
-0.760531
0.449294
-0.795229
0.683715
0.141126
-0.795229
-0.760531
-0.872044
-0.760531
-0.684913
0.065432
-0.684913
-0.760531
0.242737
-0.684913
-0.142247
0.065432
-0.872044
-0.795229
-0.245545
0.281701
-0.872044
-0.795229
-0.471278
-0.065432
-0.872044
-0.719611
0.065432
-0.795229
-0.683715
-0.760531
-0.872044
-0.433874
-0.433874
-0.760531
-0.683715
-0.684913
-0.760531
-0.245545
-0.760531
-0.684913
-0.760531
-0.658409
0.683715
-0.683715
-0.683715
0.402678
-0.684913
-0.760531
-0.683715
-0.683715
-0.245545
-0.150501
-0.760531
-0.683715
0.615116
-0.683715
-0.760531
-0.245545
-0.872044
-0.795229
-0.683715
-0.872044
-0.795229
-0.795229
-0.684913
-0.872044
-0.872044
-0.796427
-0.796427
-0.795229
-0.760531
-0.735225
-0.795229
0.141126
-0.760531
-0.683715
0.449294
-0.683715
-0.683715
-0.452363
-0.433874
0.796427
-0.014192
-0.760531
-0.760531
-0.065432
-0.065432
-0.872044
-0.608098
-0.760531
-0.683715
-0.487061
-0.872044
-0.795229
0.453049
-0.796427
-0.683715
-0.872044
-0.684913
0.196121
-0.872044
-0.760531
-0.201130
-0.760531
-0.795229
-0.683715
-0.683715
-0.683715
-0.065432
-0.433874
-0.795229
-0.795229
-0.683715
-0.760531
0.503602
0.062623
0.409756
-0.684913
-0.872044
-0.760531
-0.872044
-0.683715
-0.760531
-0.872044
-0.760531
-0.795229
-0.872044
0.062623
-0.872044
0.503602
-0.760531
-0.796427
-0.872044
-0.684913
-0.683715
0.376234
-0.872044
-0.795229
-0.872044
-0.684913
-0.071388
0.796427
-0.872044
-0.872044
-0.872044
-0.760531
-0.872044
-0.872044
-0.588671
-0.684913
-0.872044
-0.795229
-0.796427
-0.872044
-0.872044
-0.760531
-0.872044
-0.795229
-0.872044
-0.684913
-0.795229
-0.683715
-0.760531
-0.872044
-0.795229
-0.872044
-0.433874
0.191227
-0.796427
-0.796427
-0.683715
-0.795229
-0.266845
0.580418
-0.795229
-0.795229
-0.760531
-0.760531
-0.872044
0.272936
-0.795229
-0.795229
0.065432
-0.357058
-0.760531
-0.795229
-0.872044
-0.245545
0.411443
0.504800
-0.795229
-0.065432
-0.238728
-0.872044
-0.588671
-0.796427
-0.796427
-0.796427
-0.872044
-0.872044
-0.796427
-0.795229
-0.872044
-0.170187
-0.683715
-0.872044
0.144881
-0.872044
-0.872044
0.297044
-0.872044
-0.872044
-0.872044
-0.795229
-0.683715
0.427985
-0.735225
-0.684913
-0.302741
-0.760531
-0.795229
-0.872044
-0.684913
-0.658409
-0.760531
0.449294
-0.760531
0.503602
-0.795229
-0.683715
-0.357318
-0.795229
-0.760531
-0.683715
-0.872044
-0.872044
0.658409
-0.796427
-0.795229
-0.872044
-0.683715
0.089617
0.453049
-0.795229
-0.872044
-0.683715
-0.683715
-0.795229
-0.683715
-0.760531
-0.760531
-0.795229
-0.760531
-0.760531
-0.872044
-0.795229
0.192365
0.401540
-0.760531
-0.795229
0.503602
-0.795229
-0.658409
-0.872044
-0.683715
-0.872044
-0.065432
0.503602
-0.872044
0.427985
-0.683715
-0.147006
-0.608098
-0.795229
-0.760531
-0.872044
-0.795229
0.272936
-0.872044
-0.795229
-0.683715
-0.065432
-0.760531
-0.719611
-0.683715
-0.795229
-0.760531
-0.433874
-0.795229
-0.795229
-0.245545
-0.872044
