66771, 39473, 63930, 64068, 98981, 49701, 3059, 1110, 35292, 66828, 68454, 21279, 9308
Feature count is 13
Criterion1 result is ObjectIndex = 513, Distance = -0.6734715091003692162262636204, Value = 0.5598067729559752892383435640
Boundary = -0.6639561604057852244797291664
-0.859429
0.965355
-0.578787
-0.257278
-0.017303
0.068898
-1.086994
-0.686879
-0.941363
0.533254
-1.179111
-1.073587
-1.073587
0.362024
-0.941363
0.472397
-1.259544
0.371432
-0.654441
-1.021797
-0.901037
-1.086994
-0.941363
-1.113913
-0.893689
-1.073587
-1.073587
0.199669
-1.021797
-0.065553
-0.788165
-0.941363
-1.021797
0.290999
-0.939863
-0.859429
-1.006561
0.693133
-0.859429
0.199669
-0.686879
-0.974122
-0.941363
-0.893689
-1.259544
-1.086994
-1.194346
-1.086994
0.403871
0.233277
-0.941363
-0.820603
-0.686879
-1.073587
-0.788165
0.384696
-1.006561
-1.021797
-1.086994
-1.006561
-0.901037
-0.974122
0.390463
-1.259544
-1.006561
-0.859429
-1.006561
-0.574007
0.821817
-0.927955
-1.086994
-0.974122
-0.859429
0.740063
-0.090982
-1.259544
-1.259544
-0.901037
-1.006561
0.576421
-0.974122
-1.008389
-1.146672
-0.788165
0.351174
-1.086994
-0.941363
-1.086994
-1.259544
-0.974122
-1.146672
-1.012222
-1.006561
0.068898
-0.391002
0.867910
-1.113913
-0.580122
-0.893689
0.463549
0.406274
-1.146672
-1.086994
-0.974122
-1.194346
-0.686879
-1.259544
-0.321697
-1.086994
-1.006561
-1.113913
-0.941363
0.711802
0.479377
-0.766586
-1.021797
-0.901037
-1.259544
-0.941363
-0.859429
-1.086994
-0.960715
0.532075
0.352449
-1.073587
0.398111
-0.367791
-1.006561
-1.194346
-1.086994
-0.941363
-1.073587
-0.859429
-0.941363
-1.113913
-1.259544
-0.974122
-0.002572
-0.960715
-0.939136
-1.179111
-0.901037
-1.179111
-1.005061
-1.146672
0.552429
0.272417
-1.006561
-1.021797
-1.073587
-1.086994
-1.113913
0.741383
0.212146
-0.979462
-0.873938
-0.017390
-0.952544
-0.952544
-1.021797
1.013542
-0.993153
-1.044660
0.521310
0.165222
-0.654441
-1.005061
-1.146672
-0.634182
-0.767313
-0.839672
-1.086994
-1.006561
-0.941363
-0.828491
-1.259544
-1.259544
-1.259544
-1.179111
-0.941363
0.427030
-1.194346
-0.901037
-0.974122
-0.939863
-1.012222
-0.103451
-0.673472
-0.974122
-1.259544
0.253973
-1.179111
0.465129
-0.939136
-1.113913
0.384745
-0.686879
-1.086994
-1.259544
-1.259544
-0.653714
-1.259544
-1.194346
-1.194346
-1.021797
-1.113913
-1.259544
-1.125094
-1.021797
-1.146672
-1.006561
-1.259544
-0.859429
-1.073587
-0.086310
-1.086994
-0.766586
-0.826264
-0.974122
-1.259544
-0.113254
-1.021797
-1.021797
-0.134120
-1.259544
-1.259544
0.711802
0.590111
-0.108720
-0.826264
-1.179111
-0.788165
-0.686879
-0.893689
-1.073587
-0.939863
-0.826264
0.533254
-0.941363
-0.826264
-0.960715
-0.927955
-1.086994
-1.006561
-0.960715
-1.259544
-0.788165
-1.073587
-0.893689
-0.941363
-1.259544
-1.086994
-0.500922
0.827584
-1.086994
-1.006561
-1.259544
-0.859429
-0.686879
-1.086994
-1.113913
-1.113913
-0.268571
0.552429
-1.179111
-1.113913
-1.259544
-0.620774
-0.317549
-0.753905
-1.086994
-0.214267
-1.005061
-0.859429
-1.086994
-1.021797
-0.893689
-0.941363
0.270740
-1.113913
-0.574007
-0.974122
-0.941363
-1.259544
-1.179111
-0.901037
-0.952544
-0.960715
-1.086994
-0.901037
-0.686879
-0.752077
-1.006561
0.025731
-1.259544
-0.925029
-0.941363
-1.146672
-1.006561
-0.788165
-0.901037
-0.054703
-1.073587
-1.086994
-1.006561
-0.767313
-1.086994
0.740063
-1.006561
-0.257278
-1.259544
-1.021797
-1.006561
0.576421
-0.901037
-1.259544
-0.941363
-0.224112
-0.941363
-1.006561
-0.939863
-0.927955
0.991963
-0.236582
-0.826264
0.827584
-0.574007
-1.194346
-0.901037
-1.086994
-0.960715
-0.145986
-0.977856
-1.006561
-0.960715
-0.960715
-1.179111
0.268963
-1.113913
0.501408
-0.939863
-0.859429
0.268963
-1.073587
0.530327
0.824674
-1.086994
-1.113913
-0.673472
-1.113913
-1.086994
0.372752
-0.974122
-0.939863
0.577352
-0.974122
0.424723
-0.004931
-1.259544
-1.086994
0.068898
0.381835
-0.974122
-1.259544
-0.586508
0.068898
-0.859429
-0.974122
0.166299
-1.259544
-0.893689
-1.259544
-1.259544
-1.194346
-1.194346
-1.259544
-0.974122
-0.820603
-1.259544
-0.686879
-1.073587
-0.960715
-1.113913
-1.086994
0.181027
-0.941363
-0.941363
0.554832
-0.974122
-1.073587
-0.941363
-1.021797
-0.236582
-0.065553
-0.901037
0.039972
0.041295
-0.686879
-1.113913
-0.071320
-0.686879
-1.006561
-0.941363
-1.259544
-0.820603
-1.179111
-0.707731
-1.259544
-1.179111
-1.259544
-1.066239
-1.006561
-1.021797
-1.146672
-0.839672
0.377286
-1.259544
-1.179111
0.740063
-0.993153
-1.113913
0.313030
-1.125094
0.563244
0.674865
-1.259544
-1.113913
-0.145986
-0.193415
-1.146672
-0.974122
-1.259544
-0.893689
-0.938436
-1.146672
-0.941363
1.013542
-0.893689
-0.707731
-1.113913
-0.826264
0.488907
-1.086994
-1.194346
-0.574007
-1.259544
-0.941363
-1.021797
-1.259544
-0.941363
0.051111
-1.179111
-0.941363
-1.113913
-1.073587
-1.073587
0.384696
0.893689
0.068898
-0.893689
-0.927955
-1.259544
-1.086994
-0.993153
-0.974122
-1.001041
-1.259544
-1.113913
-0.859429
0.687366
-1.259544
0.292579
-1.259544
-1.073587
-1.259544
-0.927955
-0.941363
0.539021
-1.259544
-1.021797
-1.259544
-0.960715
-0.044407
0.757850
-1.086994
-1.113913
-1.086994
-1.021797
-1.086994
-1.194346
0.105041
-0.974122
-1.259544
-1.259544
-1.259544
-1.194346
-1.086994
-1.194346
-1.006561
-0.941363
-0.993153
-0.893689
-0.941363
-0.686879
-0.974122
-1.073587
-1.006561
-1.179111
-1.008389
0.378491
-1.073587
-0.960715
-0.974122
-0.673472
-0.500922
0.229933
-1.006561
-1.086994
-0.939136
-1.194346
-1.194346
0.827584
-1.194346
-1.194346
-0.766080
-1.086994
-1.194346
-1.086994
-1.259544
-0.174746
-0.098312
0.213466
-0.941363
-0.236582
-0.448225
-1.059896
-0.885958
-0.974122
-1.146672
-1.073587
-0.974122
-1.179111
-1.044660
-0.974122
-0.901037
0.276800
-0.974122
-1.194346
0.268963
-1.113913
-1.194346
0.576421
-0.939136
-0.941363
-1.113913
-1.086994
-1.006561
0.251565
-0.993153
-0.960715
-0.526751
-1.081474
-1.073587
-1.194346
-0.880281
-1.086994
-1.113913
0.284769
-1.008389
0.403871
-1.194346
-1.021797
-0.271280
-1.259544
-1.194346
-0.686879
-1.125094
-0.859429
0.718032
-1.073587
-1.086994
-1.259544
-0.820603
0.632949
0.874514
-1.110986
-0.859429
-0.309197
-0.686879
-0.686879
-0.941363
-0.974122
-0.893689
-1.259544
-0.960715
0.644155
-0.939863
-1.086994
0.526307
0.710871
-1.259544
-1.259544
0.538321
-0.941363
-1.021797
-0.859429
-0.272268
-1.259544
0.268963
0.212146
-1.146672
0.181027
-0.820603
0.105041
-0.974122
-1.259544
-0.892189
-1.113913
-1.086994
0.874514
-0.939863
-1.259544
-0.941363
-0.212146
-0.974122
-0.974122
-1.006561
-1.086994
-0.974122
-0.826264
-0.974122
-1.086994
-0.686879
-1.259544
