16599, 109180, 15124, 38515, 91838, 20973, 109377, 35307, 80550, 78314
Feature count is 10
Criterion1 result is ObjectIndex = 613, Distance = -0.5451841044545727068978235362, Value = 0.5474609898265812244306867963
Boundary = -0.5422062184563406068176953244
-0.850699
0.291310
0.781108
0.399335
-0.192513
0.600223
-1.106021
-0.523382
-1.106021
0.448429
-0.952922
-1.175612
-1.175612
0.492198
-1.106021
0.497911
-1.175612
0.781108
-0.952922
-1.175612
-0.952922
-1.106021
-1.175612
-1.175612
-0.952922
-0.740117
-0.952922
0.399335
-1.175612
0.877863
-0.883330
-1.106021
-0.883330
0.558417
-0.952922
-0.773858
-1.106021
0.698800
-1.175612
0.399335
-0.704266
-0.952922
-1.106021
-0.952922
-1.175612
-0.883330
-1.175612
-0.952922
0.428320
0.698800
-0.883330
-0.740117
-0.704266
-0.952922
-0.952922
0.497911
-0.883330
-0.883330
-1.106021
-0.883330
-0.883330
-1.175612
0.649811
-0.952922
-1.175612
-0.952922
-0.447835
-0.447835
0.574169
-1.175612
-0.952922
-0.952922
-0.952922
0.545184
0.113002
-1.175612
-0.952922
-0.952922
-0.883330
0.649811
-0.952922
-1.175612
-0.883330
-0.883330
-0.545184
-1.175612
-1.106021
-1.175612
-1.175612
-1.106021
-0.740117
-0.594268
-1.175612
0.676975
-0.322494
0.448429
-0.952922
0.497911
-0.952922
-0.069375
0.726069
-1.175612
-0.883330
-0.952922
-1.175612
-0.704266
-1.175612
-0.274727
-0.952922
-0.883330
-0.807072
-1.106021
0.877863
0.753233
-0.883330
-1.175612
-0.883330
-1.175612
-1.106021
-0.773858
-0.883330
-0.883330
0.795660
0.545184
-0.952922
0.486147
-0.517426
-0.954121
-1.175612
-0.952922
-1.106021
-0.952922
-0.850699
-0.883330
-0.883330
-0.952922
-0.883330
0.492198
-1.175612
-0.740117
-0.952922
-0.952922
-0.952922
-1.175612
-0.952922
0.492198
-0.822824
-0.883330
-0.883330
-0.740117
-1.175612
-0.952922
0.746072
0.036160
-0.996548
-0.650567
0.036160
-0.883330
-0.594268
-1.175612
0.877863
-0.952922
-1.175612
0.775057
-0.036160
-0.704266
-0.952922
-0.952922
-0.573725
-0.773858
-0.883330
-0.883330
-0.952922
-0.883330
-0.952922
-1.106021
-1.175612
-0.952922
-1.175612
-0.883330
0.638047
-1.175612
-0.952922
-0.883330
-0.952922
-0.740117
-0.036160
-0.952922
-0.670525
-1.175612
0.877863
-1.175612
0.202552
-0.952922
-0.952922
0.399335
-0.704266
-0.952922
-1.175612
-1.175612
-0.952922
-1.175612
-1.175612
-1.175612
-1.175612
-1.175612
-0.883330
-0.952922
-0.704266
-1.175612
-1.106021
-1.175612
-0.996548
-0.883330
-0.268771
-0.952922
-1.175612
-0.952922
-0.883330
-1.175612
0.492198
-1.106021
-1.175612
0.258851
-0.952922
-0.952922
0.877863
0.503468
0.399335
-1.175612
-0.952922
-0.952922
-0.704266
-0.883330
-0.952922
-1.175612
-1.175612
0.580220
-0.704266
-1.175612
-1.175612
-0.360921
-0.952922
-0.883330
-0.883330
-0.952922
-0.952922
-0.952922
-1.175612
-0.883330
-1.175612
-1.106021
-0.198469
1.106021
-0.883330
-0.883330
-1.175612
-1.175612
-0.704266
-1.106021
-0.952922
-1.175612
0.113002
0.638047
-1.175612
-1.175612
-1.175612
-0.523382
0.113002
-1.175612
-0.952922
-0.109689
-0.952922
-1.175612
-0.883330
-1.106021
-0.740117
-0.926957
0.492198
-0.996548
-0.040097
-1.175612
-1.175612
-0.952922
-1.029763
-0.952922
-1.175612
-0.952922
-1.106021
-1.175612
-0.496218
-0.704266
-1.175612
0.954121
-1.175612
-0.740117
-1.175612
-0.883330
-0.883330
-0.952922
-0.539228
0.746072
-1.175612
-0.952922
-0.883330
-1.106021
-1.175612
0.475593
-0.883330
0.399335
-0.952922
-0.883330
-1.175612
0.558417
-0.883330
-0.883330
-0.883330
-0.377533
-0.883330
-1.106021
-1.175612
-0.883330
0.629208
-0.036160
-0.740117
0.954121
-0.704266
-1.175612
-0.883330
-0.883330
-0.740117
0.399335
-0.093937
-1.106021
-0.740117
-1.175612
-0.740117
0.676975
-0.883330
0.399335
-0.996548
-0.952922
0.877863
-0.952922
0.781108
0.877863
-1.106021
-1.175612
-0.996548
-0.952922
-0.883330
0.258851
-0.952922
-0.996548
0.698800
-0.952922
0.428320
0.258851
-1.175612
-0.883330
0.600223
0.822824
-0.883330
-1.106021
-0.447835
0.676975
-1.175612
-1.106021
-0.322494
-1.175612
-0.883330
-0.883330
-0.883330
-0.796416
-1.175612
-1.175612
-0.952922
-0.952922
-0.883330
-0.504134
-0.952922
-0.952922
-0.952922
-1.175612
0.258851
-1.106021
-0.883330
0.718908
-1.175612
-0.952922
-0.704266
-0.883330
0.399335
-0.322494
-0.883330
-0.731430
0.284149
-0.704266
-0.952922
-0.198469
-0.952922
-1.106021
-0.883330
-1.175612
-0.952922
-1.175612
-1.175612
-1.175612
-1.175612
-0.952922
-1.175612
-0.952922
-1.175612
-0.740117
-0.952922
0.676481
-1.106021
-0.952922
0.475593
-0.883330
-0.952922
-0.474393
-1.175612
0.954121
0.574169
-1.175612
-1.175612
0.676975
0.676975
-0.740117
-0.447835
-1.175612
-0.670525
-0.740117
-1.175612
-1.106021
0.877863
-0.952922
-0.883330
-1.175612
-1.175612
0.448429
-0.952922
-1.175612
-0.365526
-1.175612
-1.106021
-0.883330
-0.883330
-0.704266
0.399335
-1.029763
-0.883330
-0.996548
-1.175612
-0.883330
0.036160
0.437159
0.676481
-0.883330
-1.029763
-1.175612
-0.952922
-0.883330
-1.106021
-1.175612
-1.175612
-0.952922
-0.996548
0.545184
-1.175612
0.401912
-0.952922
-0.952922
-0.952922
-0.952922
-0.926957
0.428320
-1.175612
-0.883330
-0.883330
-0.952922
0.258851
0.676481
-0.952922
-1.175612
-0.883330
-0.883330
-0.883330
-1.175612
-0.822824
-0.883330
-1.175612
-1.175612
-1.175612
-0.996548
-0.883330
-1.175612
-1.106021
-0.926957
-1.175612
-0.883330
-1.106021
-0.704266
-0.883330
-0.740117
-0.952922
-1.175612
-0.796416
0.574169
-1.175612
-0.952922
-0.952922
-0.996548
-0.530542
0.113002
-0.883330
-0.883330
-0.952922
-1.175612
-0.952922
0.311313
-1.175612
-0.952922
-0.109689
0.150680
-1.175612
-0.883330
-1.175612
-0.503378
0.399335
0.781108
-1.106021
0.399335
-0.268771
-0.952922
-0.822824
-0.952922
-0.883330
-0.952922
-0.883330
-1.175612
-0.740117
-0.740117
-0.883330
-0.087887
-1.106021
-1.175612
0.676975
-0.952922
-1.175612
0.795660
-1.175612
-1.175612
-1.175612
-1.106021
-1.106021
0.491462
-1.175612
-0.883330
-0.801022
-0.952922
-1.175612
-1.175612
-1.175612
-0.740117
-0.952922
0.057962
-0.996548
0.781108
-1.106021
-0.883330
-0.746072
-1.106021
-1.175612
-0.704266
-0.740117
-1.175612
0.629208
-0.740117
-1.106021
-0.952922
-0.952922
0.008375
0.753233
-1.175612
-1.175612
-0.138230
-0.883330
-1.106021
-1.106021
-0.952922
-0.883330
-1.175612
-0.952922
0.106951
-0.773858
-0.883330
0.753233
0.209001
-1.175612
-0.952922
0.795660
-1.175612
-0.883330
-1.175612
-0.268771
-1.175612
0.399335
0.258851
-0.952922
0.113002
-0.883330
-0.545184
-0.883330
-1.175612
-0.952922
-0.952922
-1.175612
0.746072
-0.952922
-1.175612
-0.883330
0.545184
-1.106021
-0.952922
-0.704266
-1.175612
-0.952922
-0.740117
-0.952922
-1.106021
-0.036160
-0.883330
