108940, 15115, 133624, 15322, 35137, 99038, 138866, 100651, 20989, 15353, 1111, 109109, 3872, 100535, 117079, 72659, 78142, 21036, 31405, 16572, 5424, 35299, 91860, 78568, 11657, 48393
Feature count is 26
Criterion1 result is ObjectIndex = 505, Distance = -1.1126177847485117110116386294, Value = 0.6092979127134724857685009488
Boundary = -1.1116836975589524576395391171
-1.338299
1.220838
0.561834
-0.260409
0.313220
0.821906
-1.953745
-0.756222
-1.371381
0.455399
-1.670929
-2.237932
-1.646538
1.601779
-1.678332
1.459744
-2.063449
1.767429
-1.502468
-2.434370
-1.678011
-1.495981
-1.231263
-1.558884
-1.621300
-1.814159
-1.667807
0.018450
-1.738742
0.316273
-1.035072
-1.539220
-1.290034
0.628172
-1.395516
-0.216346
-1.849255
1.216500
-1.414586
0.404995
-0.948082
-1.528615
-1.351912
-1.148889
-2.122206
-2.011071
-1.683661
-1.573842
1.603004
0.407742
-1.481894
-1.117180
-1.227055
-1.780329
-1.562665
0.938994
-1.867367
-1.463329
-1.904119
-1.259913
-1.703276
-2.380710
1.021396
-1.803887
-2.193258
-1.612172
-1.288170
-0.474253
1.111249
-1.886197
-1.018802
-1.370028
-1.487464
0.540552
0.564351
-2.017715
-2.017715
-1.338360
-1.423494
0.404414
-1.769959
-1.558884
-1.425261
-1.495981
-0.309933
-2.145566
-1.227055
-2.017715
-1.958958
-1.536719
-1.174570
-1.020080
-1.856849
0.701659
0.003802
1.333604
-1.483903
0.217790
-1.110196
0.735302
0.573363
-1.714088
-1.481894
-1.646564
-1.683661
-1.423494
-1.962519
-0.117762
-1.919123
-1.581436
-1.483903
-1.698907
0.521270
0.827680
-1.385609
-2.342422
-1.938420
-1.885081
-1.640149
-1.483903
-1.762187
-1.482506
0.633950
1.036997
-1.558576
1.570750
0.106767
-1.785664
-1.371381
-1.581436
-1.790855
-1.852439
-0.761617
-1.481894
-1.573842
-1.441402
-1.480426
0.768395
-0.927027
-1.640709
-1.583671
-1.495981
-1.463329
-1.615732
-1.554623
1.534149
-1.081118
-1.160372
-1.423494
-1.506912
-1.650355
-1.958958
0.914130
1.160843
-1.615072
-1.374423
0.604752
-1.828499
-1.760529
-1.699187
1.682391
-1.504916
-1.275993
1.218026
-0.443538
-0.799049
-1.395516
-1.629459
-0.408574
-1.615732
-1.399153
-1.481894
-1.110750
-1.423494
-1.371381
-1.996913
-1.742303
-1.870571
-1.968060
-1.227055
1.254653
-1.962519
-1.491101
-1.239018
-1.670929
-1.701898
-0.127472
-1.380588
-1.673704
-1.962519
0.559106
-1.616325
1.017304
-1.646538
-1.650355
0.151386
-0.948082
-1.525270
-2.434370
-2.367686
-1.093829
-2.147470
-1.683545
-1.534496
-2.017715
-2.068546
-1.650355
-1.731671
-1.423494
-1.712382
-1.919123
-1.895835
-1.425261
-1.494546
-0.372585
-1.568040
-1.452293
-1.278813
-1.462675
-2.147470
0.749188
-1.790855
-1.793133
0.536322
-1.650355
-1.742303
0.370712
1.623363
0.191232
-1.086247
-1.742303
-1.395292
-0.948082
-1.423494
-2.092328
-1.615732
-1.703276
0.534660
-0.948082
-1.461976
-2.380710
-1.208386
-1.000378
-1.481894
-1.737195
-1.904822
-1.703276
-1.577482
-1.600725
-1.757307
-2.434370
-1.823619
-0.143745
1.546205
-1.617218
-1.481894
-2.063597
-1.983093
-1.227055
-2.265910
-1.404687
-1.273337
0.208464
1.846353
-2.214154
-2.067009
-2.367686
-0.997943
1.023980
-1.593138
-1.019343
-0.719337
-1.615732
-1.670929
-1.590050
-2.011071
-1.635453
-1.502468
1.272244
-0.875576
-0.568886
-2.063597
-1.751289
-1.391111
-1.771622
-1.399038
-2.246918
-1.871736
-1.925349
-2.214154
0.058299
-1.527776
-2.078458
1.317339
-2.212250
-1.894302
-2.017715
-1.314045
-1.898549
-1.482506
-0.563358
0.992023
-1.592878
-1.650355
-1.458221
-1.594416
-1.483903
0.899130
-1.428234
-0.275078
-1.742303
-1.953745
-1.814633
1.600939
-1.105316
-1.890727
-1.428234
-0.354573
-1.481894
-1.898549
-1.704120
-1.225943
1.200323
-0.127472
-1.336627
1.321785
-0.745372
-1.742303
-1.246412
-1.415210
-1.470691
-0.374431
-0.330823
-1.502468
-2.367686
-1.713221
-1.490838
0.125131
-1.423494
0.404995
-1.537941
-1.820130
0.671688
-1.664988
1.304067
1.482892
-1.849255
-2.017715
-1.704120
-1.775067
-1.624672
0.668921
-1.461976
-1.707680
0.881972
-1.590050
0.820034
0.891762
-1.983796
-1.318314
0.850692
0.812973
-1.756936
-2.214154
-0.047789
0.792603
-1.891145
-1.606379
0.034541
-2.068546
-1.735658
-1.424720
-2.122206
-1.973223
-1.852455
-1.895835
-1.163958
-1.403140
-1.745940
-0.406573
-1.549190
-0.807274
-1.483903
-2.270790
1.116646
-1.423494
-1.326597
1.424000
-1.664988
-1.332473
-1.227055
-1.202921
-0.127472
-0.273416
-1.408020
-0.201702
0.399334
-0.948082
-1.958958
0.135113
-1.862062
-1.953745
-1.624672
-1.788184
-1.058986
-2.141035
-1.144435
-2.141035
-1.885081
-1.525270
-1.861134
-1.757307
-1.958958
-1.530995
-1.664988
1.046981
-1.371381
-1.624672
1.471174
-1.448758
-1.958958
-0.127946
-1.824658
1.007225
0.686574
-1.867010
-1.586649
-0.406013
0.201066
-2.180235
-0.195394
-2.145984
-1.063743
-0.235503
-2.147470
-1.990497
1.544506
-1.496007
-1.207093
-1.716620
-1.313904
0.737288
-1.690623
-1.742303
-1.035196
-1.683661
-1.515442
-1.227055
-1.183929
-0.948082
0.018450
-1.654869
-1.898549
-1.506534
-1.276183
-1.040224
1.266480
0.620159
0.861621
-1.491101
-1.813354
-1.962519
-1.085485
-1.049132
-1.317472
-1.765625
-1.962519
-1.549897
-1.260692
0.678678
-2.380710
1.223618
-1.803887
-1.780329
-1.925768
-1.257192
-1.502468
1.160689
-2.367686
-1.423494
-1.582524
-2.112848
1.299263
1.267330
-1.347176
-1.704120
-1.678011
-2.067009
-1.606379
-2.434370
-1.628131
-1.369834
-2.045693
-1.914285
-1.822754
-1.317725
-1.889998
-1.683661
-2.082635
-1.594416
-1.895183
-0.745539
-2.045693
-0.948082
-1.305702
-1.112618
-1.054038
-2.030205
-1.645883
0.819277
-1.780329
-1.703276
-1.643710
-1.483903
-0.726831
1.110319
-1.957411
-1.938420
-1.313904
-1.959074
-1.463329
0.263769
-2.107278
-1.757307
-1.360948
-0.888110
-1.534496
-1.427863
-2.062655
-0.022977
1.029296
1.159247
-1.959315
-0.127472
-0.239649
-1.625903
-1.930346
-1.424417
-1.000378
-1.416188
-1.836338
-1.752358
-1.538671
-1.862670
-2.011071
0.464812
-1.624672
-1.317725
0.721130
-1.704120
-1.959074
0.291784
-1.410016
-1.905348
-1.704120
-2.069471
-1.678332
1.010504
-1.899270
-1.944387
-0.793515
-1.775067
-2.434370
-1.822341
-1.380729
-1.548484
-1.208490
0.705808
-1.296567
1.464697
-1.616122
-1.202921
-1.568953
-2.048669
-1.225777
-1.227055
-1.259113
-1.670929
0.910804
-2.147470
-2.069471
-1.971505
-1.548206
0.442639
0.736692
-2.265910
-1.704120
-0.076526
-1.481894
-1.546813
-1.703647
-1.183003
-1.369834
-2.380710
-1.283833
0.003614
-1.558516
-1.887061
1.187405
0.926734
-1.958958
-1.958625
0.970592
-1.769959
-1.481894
-1.516668
-0.372585
-2.314026
0.091879
1.266480
-1.703088
0.552649
-1.833989
-1.477749
-1.624672
-1.859084
-1.615732
-1.742303
-1.992033
0.586959
-1.510095
-2.434370
-1.643710
0.721217
-1.626180
-1.164410
-1.144520
-1.703647
-1.815024
-1.581236
-1.703276
-1.384998
-0.260409
-1.508785
