15146, 21020, 13100, 51193, 108891, 13054, 20972, 99035, 35461, 3187, 10715, 21325, 96153, 9500
Feature count is 14
Criterion1 result is ObjectIndex = 622, Distance = -0.5108631539399902342733793310, Value = 0.5687800203170222145554213866
Boundary = -0.4951084230809540388745138389
-0.858511
1.026950
0.648230
-0.118961
0.062252
0.346354
-0.993728
-0.060162
-0.741408
0.827046
-1.089056
-1.227044
-0.976266
0.981464
-1.248819
0.568394
-1.340407
0.835622
-1.100333
-1.182180
-0.837309
-0.837309
-0.858511
-1.089056
-0.901176
-0.916513
-0.929867
0.332710
-1.227044
0.659068
-0.901176
-0.826635
-1.166843
1.087461
-0.741408
-0.372876
-1.089056
0.681493
-1.089056
0.566027
-0.372876
-1.131721
-1.248819
-0.699322
-1.340407
-0.837309
-0.950100
-1.227044
1.171513
0.856220
-0.763183
-1.142822
-0.372876
-0.837309
-0.837309
0.981464
-1.078955
-0.961376
-0.837309
-0.699317
-0.837309
-1.149830
0.710881
-1.088087
-1.340407
-0.603421
-1.248819
-0.246165
0.920298
-0.996499
-0.434619
-0.837309
-1.089056
0.956251
0.774747
-1.246046
-0.857542
-0.952245
-0.763183
1.171513
-0.919285
-1.227044
-0.983151
-0.837309
-0.143050
-1.276541
-1.277510
-1.119336
-1.088087
-1.248819
-0.887339
-0.665370
-1.415498
0.207397
0.727433
1.038227
-0.858511
0.647252
-0.870269
0.179192
0.469597
-0.813940
-1.479364
-0.845164
-1.088087
-0.372876
-0.961376
-0.139558
-0.976266
-0.929862
-0.858511
-1.248819
0.660779
0.931621
-0.731312
-1.108059
-0.964020
-1.415498
-1.184952
-0.604596
-1.479364
-0.837309
0.428040
0.405153
-0.837309
1.277510
0.186800
-1.248819
-1.227044
-0.929862
-0.858511
-0.976266
-0.604596
-0.763183
-1.341376
-1.206811
-0.901176
0.366414
-0.583394
-0.837309
-1.227044
-0.837309
-1.089056
-1.089056
-0.731312
1.341376
0.333804
-0.479354
-0.510863
-1.043223
-1.479364
-0.973129
1.397388
1.087461
-0.973129
-0.562433
0.842508
-0.699322
-1.014049
-0.855741
1.182790
-0.837309
-1.202420
0.882820
0.351090
-0.246165
-0.603421
-1.100333
-0.118961
-0.858511
-0.934135
-0.993728
-1.078955
-0.372876
-1.100333
-1.043223
-1.227044
-1.088087
-1.340407
-0.446997
1.341376
-1.089056
-0.901176
-0.919285
-0.603421
-0.792978
0.193753
-0.338929
-0.916513
-1.227044
0.785778
-1.109862
1.005486
-0.837309
-1.145068
0.566027
-0.372876
-1.078955
-1.043223
-0.961248
-0.731312
-1.043223
-1.227044
-0.973129
-1.015501
-1.479364
-1.088087
-0.964020
-0.510863
-0.887339
-1.248819
-1.227044
-0.858511
-1.040132
-0.372876
-0.837309
-0.837309
-0.837309
-0.837309
-0.834537
1.225449
-0.996499
-1.227044
0.439608
-0.741408
-1.088087
0.788100
1.341376
0.892385
-0.837309
-1.088087
-0.919285
-0.372876
-0.636473
-0.973129
-1.089056
-0.870269
0.981464
-0.855741
-0.837309
-1.276541
-1.142822
-0.814257
-0.763183
-0.731312
-1.145068
-0.837309
-0.950100
-0.898403
-1.341376
-1.043223
-0.837309
0.161911
1.270935
-0.920254
-0.993728
-1.107090
-1.089056
-0.372876
-1.479364
-0.950100
-1.227044
0.333001
0.668750
-1.043223
-0.942245
-1.340407
-0.451077
0.848869
-0.742584
-0.858023
0.276823
-0.603421
-1.089056
-0.901176
-1.142822
-0.834537
-0.372876
0.981464
-0.835141
-0.116173
-1.149830
-1.397388
-0.870269
-1.340407
-0.901176
-1.153006
-0.976266
-1.479364
-1.276541
0.148267
-0.699317
-1.110831
0.994207
-1.415498
-0.668546
-1.234410
-0.837309
-0.763183
-0.837309
-0.773846
0.892385
-0.837309
-1.227044
-0.984121
-0.996499
-0.719554
0.838322
-0.993728
-0.055095
-1.088087
-0.993728
-0.964020
1.277510
-0.731312
-0.858023
-0.625196
0.205027
-0.510863
-1.333522
-1.227044
-0.902145
0.785778
0.193753
-0.823472
1.038227
-0.233919
-1.227044
-0.837309
-0.763183
-0.916513
0.193753
0.469730
-0.763183
-0.916513
-0.964020
-1.014049
0.707333
-0.993728
0.566027
-0.858511
-1.089056
0.870076
-0.901176
0.835622
1.182180
-1.479364
-1.089056
-0.858511
-0.857542
-1.288787
1.086492
-0.837309
-0.996499
0.834537
-1.040132
0.553781
0.566319
-1.202420
-0.929862
0.334108
0.647252
-0.837309
-1.479364
-0.384152
0.646822
-1.227044
-0.976266
0.692772
-0.855741
-0.253531
-1.045996
-1.206811
-1.045996
-1.089140
-1.227044
-0.699322
-0.681207
-0.763188
-0.510863
-0.731312
-0.731312
-1.089056
-1.479364
1.341376
-1.248819
-0.763183
1.373367
-0.837309
-0.837309
-0.763183
-0.763183
0.396576
0.233984
-1.102977
-0.164447
0.981464
-0.510863
-0.973129
0.148267
-0.603421
-1.248819
-0.763183
-1.043223
-0.952245
-1.340407
-0.837309
-1.246046
-1.246046
-0.940968
-0.887339
-0.929862
-1.227044
-0.834537
-0.763188
0.661037
-1.088087
-0.929862
1.164938
-0.455332
-1.089056
0.118856
-0.780732
0.786024
0.605005
-1.227044
-1.089056
0.332710
0.880139
-0.898403
-0.245196
-1.088087
-1.110831
-0.371362
-1.043223
-1.248819
0.867496
-0.731312
-0.901176
-1.108059
-0.837309
0.731716
-1.107090
-1.089056
0.066549
-0.858511
-1.248819
-1.007080
-0.897510
-0.855741
0.332710
-0.887339
-0.763183
-1.089056
-0.837309
-1.058242
0.774747
0.579671
1.291391
-1.040132
-0.950100
-1.100333
-0.964020
-1.078955
-0.916513
-0.933043
-0.950100
-0.996499
-0.604596
1.291391
-1.107090
1.087461
-1.088087
-0.837309
-1.089056
-0.845164
-1.110831
0.692738
-1.043223
-0.763183
-0.929862
-0.837309
0.899489
1.207069
-0.919285
-1.089056
-0.964020
-0.942245
-0.858023
-1.088087
-0.840292
-0.837309
-1.170544
-1.479364
-1.149830
-1.089056
-0.976266
-0.993726
-1.142822
-0.996499
-1.276541
-0.837309
-1.248819
-0.372876
-0.902145
-0.908008
-0.920254
-0.916513
-1.340407
0.589688
-0.837309
-1.067854
-0.845164
-0.858511
-0.510863
1.087461
-0.624227
-0.837309
-0.732281
-1.246046
-1.227044
0.706382
-1.479364
-1.415498
-0.626108
-0.001295
-0.835141
-0.781298
-1.340407
-0.164447
0.271951
0.856916
-1.248819
0.332710
0.126109
-1.089056
-0.781701
-0.837309
-0.952245
-0.870269
-0.901176
-0.971875
-0.916513
-1.213697
-0.921889
0.139570
-1.058242
-1.227044
0.740292
-0.604596
-0.973129
1.089537
-0.729112
-1.248819
-0.950100
-1.479364
-1.110831
1.005486
-1.025114
-0.837309
0.066549
-1.100333
-1.182180
-1.340407
-0.837309
-0.855822
-0.858511
0.788100
-0.835141
1.087461
-1.184952
-0.855741
-0.933332
-1.276541
-1.227044
-0.372876
-0.887339
-1.227044
0.710881
-0.916513
-1.415498
-1.145068
-0.636473
0.172538
1.125093
-1.182180
-1.089056
-0.256948
-0.625196
-0.510863
-1.341376
-0.983151
-0.415540
-1.246046
-0.813288
0.057594
-0.604596
-0.993728
0.605005
0.899489
-1.089056
-0.854772
1.235379
-1.110831
-0.763183
-0.973129
-0.170053
-0.980379
0.728540
1.087461
-0.919285
1.087461
-0.781298
-0.660779
-1.149830
-1.479364
-0.962345
-1.227044
-1.248819
0.973610
-1.089056
-0.916513
-0.510863
0.579671
-0.837309
-0.352643
-0.763183
-1.479364
-0.837309
-0.729112
-0.837309
-1.276541
-0.118961
-0.929862
