17145, 9855, 4492, 4446, 109191, 63859, 35650, 48633, 98970, 109378, 80557
Feature count is 11
Criterion1 result is ObjectIndex = 94, Distance = -0.5721264463845031352682357024, Value = 0.5096876417559529513988717025
Boundary = -0.5701104653971622427929152203
-0.576962
0.436046
-0.566017
0.076124
-0.391117
0.321742
-0.842781
-0.790028
-0.973795
0.556350
-0.790028
-0.842781
-0.836616
0.294835
-0.790028
0.523789
-0.973795
0.366419
-0.790028
-0.973795
-0.842781
-0.771197
-0.842781
-0.973795
-0.771197
-0.505378
-0.703524
-0.155430
-0.973795
-0.022338
-0.638106
-0.790028
-0.790028
0.585353
-0.842781
-0.140164
-0.790028
0.429414
-0.973795
0.188651
-0.790028
-0.902211
-0.790028
-0.771197
-0.842781
-0.902211
-0.973795
-0.973795
0.636689
0.207481
-0.790028
-0.973795
-0.790028
-0.973795
-0.902211
0.239436
-0.973795
-0.790028
-0.842781
-0.973795
-0.902211
-0.902211
-0.051891
-0.842781
-0.842781
-0.973795
-0.921042
-0.558474
0.400387
-0.842781
-0.718444
-0.771197
-0.921042
0.351620
0.339197
-0.973795
-0.973795
-0.709689
-0.790028
0.239436
-0.771197
-0.842781
-0.842781
-0.902211
0.497433
-0.921042
-0.921042
-0.973795
-0.973795
-0.921042
-0.505378
-0.439783
-0.842781
0.188651
-0.572126
0.638106
-0.576962
-0.123475
-0.769120
0.144718
0.220606
-0.902211
-0.921042
-0.902211
-0.973795
-0.790028
-0.842781
-0.902211
-0.771197
-0.790028
-0.445947
-0.790028
0.321742
0.098433
-0.902211
-0.973795
-0.689442
-0.973795
-0.921042
-0.576962
-0.973795
-0.771197
0.144718
0.220606
-0.836616
0.836616
-0.424471
-0.790028
-0.842781
-0.921042
-0.790028
-0.973795
-0.973795
-0.790028
-0.790028
-0.771197
-0.771197
0.220606
-0.634018
-0.973795
-0.842781
-0.771197
-0.445947
-0.790028
-0.902211
0.294835
-0.441112
-0.921042
-0.790028
-0.840703
-0.842781
-0.576962
0.214113
0.630524
-0.842781
-0.439783
0.294835
-0.771197
-0.902211
-0.973795
0.490923
-0.769120
-0.842781
0.765033
-0.405135
-0.790028
-0.790028
-0.973795
-0.498700
-0.790028
-0.771197
-0.790028
-0.842781
-0.790028
-0.790028
-0.973795
-0.973795
-0.842781
-0.842781
-0.790028
0.420952
-0.973795
-0.769120
-0.902211
-0.842781
-0.902211
-0.320710
-0.412197
-0.718444
-0.842781
0.260234
-0.973795
0.022338
-0.683277
-0.790028
-0.155430
-0.790028
-0.709689
-0.973795
-0.973795
-0.769120
-0.973795
-0.689442
-0.973795
-0.921042
-0.921042
-0.973795
-0.973795
-0.790028
-0.902211
-0.790028
-0.842781
-0.973795
-0.973795
-0.842781
-0.771197
-0.902211
-0.748873
-0.902211
-0.902211
0.327387
-0.790028
-0.973795
0.098433
-0.790028
-0.790028
-0.228430
0.652849
-0.122924
-0.902211
-0.973795
-0.771197
-0.790028
-0.771197
-0.973795
-0.921042
-0.771197
0.239436
-0.790028
-0.480680
-0.973795
-0.545289
-0.718444
-0.790028
-0.771197
-0.790028
-0.902211
-0.921042
-0.902211
-0.921042
-0.973795
-0.842781
-0.460534
0.627525
-0.973795
-0.790028
-0.973795
-0.973795
-0.790028
-0.921042
-0.973795
-0.973795
-0.308021
0.294835
-0.973795
-0.921042
-0.973795
-0.192917
0.391950
-0.973795
-0.842781
-0.430916
-0.790028
-0.973795
-0.902211
-0.790028
-0.790028
-0.842781
0.366419
-0.973795
-0.321611
-0.771197
-0.840703
-0.842781
-0.973795
-0.771197
-0.973795
-0.902211
-0.790028
-0.973795
-0.561930
-0.790028
-0.973795
0.533479
-0.842781
-0.973795
-0.973795
-0.902211
-0.790028
-0.902211
-0.576962
0.321742
-0.836616
-0.973795
-0.902211
-0.842781
-0.842781
-0.087411
-0.790028
0.128877
-0.790028
-0.842781
-0.842781
0.663045
-0.771197
-0.973795
-0.790028
-0.424471
-0.790028
-0.921042
-0.973795
-0.703524
0.536150
-0.155430
-0.769120
-0.032535
-0.790028
-0.973795
-0.973795
-0.790028
-0.902211
0.128877
-0.013751
-0.790028
-0.769120
-0.842781
-0.152543
0.500543
-0.790028
-0.102677
-0.682468
-0.973795
0.268989
-0.842781
0.300944
0.490923
-0.790028
-0.842781
-0.973795
-0.790028
-0.921042
0.249126
-0.771197
-0.973795
-0.127844
-0.771197
0.049768
0.170017
-0.842781
-0.790028
-0.106764
0.260234
-0.771197
-0.842781
-0.539644
0.321742
-0.973795
-0.902211
-0.207481
-0.973795
-0.771197
-0.842781
-0.718444
-0.576962
-0.576962
-0.842781
-0.902211
-0.771197
-0.842781
-0.551453
-0.902211
-0.902211
-0.445947
-0.790028
0.765033
-0.790028
-0.790028
0.431959
-0.902211
-0.820456
-0.790028
-0.790028
0.135898
-0.568094
-0.973795
-0.445947
-0.051891
-0.790028
-0.576962
-0.260047
-0.445947
-0.790028
-0.790028
-0.973795
-0.709689
-0.973795
-0.902211
-0.973795
-0.790028
-0.840703
-0.973795
-0.842781
-0.973795
-0.214051
-0.902211
0.104644
-0.973795
-0.921042
0.340614
-0.790028
-0.973795
0.011758
-0.973795
0.258793
0.294835
-0.973795
-0.445947
0.076124
0.135898
-0.576962
-0.486891
-0.973795
-0.393194
-0.285634
-0.921042
-0.790028
0.490923
-0.771197
-0.769120
-0.790028
-0.840703
0.579188
-0.921042
-0.921042
-0.718444
-0.842781
-0.790028
-0.973795
-0.790028
-0.790028
-0.102677
-0.902211
-0.790028
-0.973795
-0.836616
-0.842781
0.499510
-0.212270
0.204492
-0.771197
-0.973795
-0.842781
-0.973795
-0.718444
-0.849458
-0.973795
-0.973795
-0.842781
-0.973795
0.230272
-0.973795
0.365553
-0.842781
-0.820456
-0.973795
-0.836616
-0.790028
0.049768
-0.973795
-0.790028
-0.973795
-0.902211
0.683277
0.849458
-0.842781
-0.973795
-0.973795
-0.921042
-0.973795
-0.973795
-0.319900
-0.902211
-0.973795
-0.973795
-0.849458
-0.973795
-0.842781
-0.921042
-0.973795
-0.790028
-0.973795
-0.771197
-0.790028
-0.790028
-0.902211
-0.973795
-0.771197
-0.842781
-0.836616
0.438123
-0.820456
-0.902211
-0.902211
-0.790028
-0.790028
0.372528
-0.790028
-0.973795
-0.765033
-0.842781
-0.921042
0.120066
-0.973795
-0.842781
0.003508
-0.285634
-0.973795
-0.973795
-0.973795
-0.308768
0.101447
0.189352
-0.790028
-0.155430
-0.142810
-0.842781
-0.751862
-0.902211
-0.638106
-0.840703
-0.771197
-0.842781
-0.973795
-0.790028
-0.842781
-0.087068
-0.921042
-0.973795
0.260234
-0.576962
-0.973795
0.305032
-0.973795
-0.973795
-0.973795
-0.921042
-0.790028
0.051340
-0.973795
-0.771197
-0.849458
-0.973795
-0.973795
-0.973795
-0.902211
-0.524209
-0.576962
-0.212270
-0.973795
0.572510
-0.790028
-0.790028
-0.751862
-0.973795
-0.973795
-0.790028
-0.973795
-0.973795
0.585297
-0.902211
-0.790028
-0.842781
-0.771197
0.102808
0.638106
-0.973795
-0.973795
-0.027637
-0.790028
-0.790028
-0.842781
-0.902211
-0.771197
-0.842781
-0.771197
-0.682468
-0.973795
-0.921042
0.294835
-0.051891
-0.973795
-0.842781
0.239436
-0.921042
-0.790028
-0.842781
-0.214394
-0.973795
0.030415
0.339197
-0.842781
0.712280
-0.973795
-0.123475
-0.718444
-0.842781
-0.718444
-0.921042
-0.973795
0.357785
-0.973795
-0.842781
-0.790028
0.168404
-0.771197
-0.718444
-0.790028
-0.790028
-0.902211
-0.703524
-0.902211
-0.842781
-0.552263
-0.842781
