113620, 38553, 50077, 35337, 109151, 78364, 4027, 24029, 39475, 13081, 3338, 35211, 72798, 21076, 17167, 66811, 37189, 63874
Feature count is 18
Criterion1 result is ObjectIndex = 503, Distance = -0.5117308959398731652329500147, Value = 0.5964818096437899784458349233
Boundary = -0.4821037279176317383896790947
-1.218369
1.043803
0.075583
-0.253694
1.083857
0.784552
-1.367378
-0.790005
-1.432716
0.615123
-1.218369
-1.534372
-1.764215
1.617948
-1.130344
1.246913
-1.411770
0.891914
-0.944167
-1.566387
-1.214474
-1.571611
-1.604139
-1.432716
-1.072511
-0.835918
-0.787780
0.159961
-1.119484
0.605943
-0.973626
-1.181201
-0.944167
0.086496
-1.158514
-0.412846
-1.045822
1.377873
-1.218369
0.468092
-0.511731
-0.933678
-1.367378
-0.815833
-1.209145
-0.955000
-1.672521
-1.282856
1.430628
0.836597
-0.511731
-1.246965
-0.511731
-1.429683
-1.294292
0.515523
-1.097515
-1.557059
-1.469034
-0.944167
-1.601782
-1.957583
0.792263
-1.771406
-1.759506
-0.827733
-1.469034
-0.430133
1.621426
-1.588152
-0.977440
-1.683381
-1.218369
0.860172
0.657556
-1.367378
-1.432716
-1.124569
-1.181201
0.306304
-1.228185
-1.336294
-1.584496
-1.230744
-0.293381
-1.855928
-0.934943
-1.757043
-1.435486
-1.485303
-1.263840
-0.989638
-1.443503
1.265128
-0.371646
1.486177
-1.218369
-0.372280
-1.097231
0.326341
0.166481
-1.161478
-1.367378
-1.191714
-1.672521
-0.944167
-1.771406
-0.788704
-1.270956
-1.367378
-1.534372
-0.944167
1.361431
1.265128
-0.998346
-1.542695
-1.228185
-1.461097
-1.130344
-1.119484
-1.169301
-1.131859
0.456729
0.959364
-1.578038
1.716477
-0.029790
-1.181201
-1.119484
-0.853344
-1.045822
-1.845814
-0.547644
-0.748765
-1.367378
-1.504946
-1.250945
0.377880
-1.246910
-0.883598
-1.218369
-1.246965
-1.221139
-1.771406
-1.163525
1.576252
-1.455403
-1.130344
-1.181201
-1.759506
-1.268493
-1.119484
1.119928
0.534823
-0.871080
-1.030518
0.368228
-1.423586
-1.703024
-1.296663
1.375410
-1.764215
-1.218369
1.875985
-0.253694
-0.511731
-1.771406
-1.475460
-0.253694
-1.158514
-0.917512
-1.367378
-1.159186
-0.944167
-1.455403
-1.614822
-1.689808
-1.771406
-1.260096
-0.850421
1.165456
-1.174680
-1.172071
-1.469034
-1.158514
-1.759506
-0.172096
-0.378434
-0.819612
-1.689808
0.863319
-1.406061
0.443669
-1.506179
-1.218369
0.499952
-0.748765
-1.124569
-1.746929
-1.337916
-1.189358
-1.716477
-1.041041
-1.435486
-1.356518
-1.771406
-1.588152
-1.403705
-1.181201
-1.504946
-1.231999
-1.689808
-1.075795
-1.488677
0.021686
-1.329936
-1.252906
-0.954657
-0.724144
-1.617592
0.805263
-0.862568
-1.431827
1.203881
-1.181201
-1.218369
0.527980
1.555893
0.738634
-0.792224
-1.455403
-0.973626
-0.257172
-1.036598
-1.513369
-1.080934
-0.823029
0.938090
-0.616310
-0.715589
-1.858698
-0.843887
-0.346927
-1.130344
-1.469034
-1.260096
-1.845814
-1.432716
-1.219884
-1.395548
-1.858698
-1.601782
-0.253694
1.875985
-1.236338
-1.367378
-1.584496
-1.276335
-0.511731
-1.367378
-1.669751
-1.320024
0.963187
1.585063
-1.259364
-1.455403
-1.746929
-1.238426
0.659676
-1.276335
-0.746533
-0.452477
-1.771406
-1.158514
-1.683381
-1.683381
-0.898285
-1.181201
0.855609
-0.745721
-0.103010
-1.757043
-1.430468
-1.743236
-1.318769
-0.716948
-1.331583
-1.490013
-1.367378
-1.535994
0.189130
-1.169301
-1.443503
1.535994
-1.283179
-1.299345
-0.966580
-1.291935
-1.367378
-1.036255
-0.283295
1.342568
-1.201435
-1.218369
-0.937713
-1.045822
-1.218369
0.445703
-1.367378
-0.253694
-1.218369
-1.497204
-1.455403
1.597891
-1.189358
-1.288550
-0.697908
0.609522
-0.511731
-1.581725
-1.534372
-0.900782
1.575950
-0.012588
-0.561715
1.462330
-0.412846
-1.414484
-1.875985
-1.367378
-1.129042
-0.253694
-0.158897
-0.944167
-1.363033
-1.118974
-1.331583
0.774740
-0.838033
0.709198
-1.333831
-1.320024
1.024428
-1.304820
1.465990
1.262718
-1.367378
-1.118229
-1.000281
-1.218369
-1.387435
0.907331
-1.188990
-0.843899
0.234439
-1.250945
0.617894
1.204293
-1.757043
-1.367378
1.007092
1.308157
-1.490013
-1.743236
0.215623
1.424224
-1.158514
-1.683381
0.028556
-1.774330
-1.036598
-1.288113
-1.669751
-1.363033
-1.172432
-1.590923
-1.386418
-0.996386
-1.250945
0.000865
-1.327070
-0.750226
-1.218369
-1.957583
1.165456
-1.130344
-0.944167
1.583674
-1.601782
-0.732876
-1.367378
-0.748765
-0.012588
-0.257172
-1.016397
-0.065429
0.492250
-0.748765
-1.333831
0.288015
-1.333831
-1.181201
-1.130344
-1.469034
-0.697764
-1.957583
-1.135196
-1.367378
-1.669751
-1.208255
-1.430468
-1.542695
-1.356518
-1.337916
-1.172071
1.221224
-1.588152
-1.469034
1.587833
-1.120230
-1.432716
-0.547597
-1.331583
1.634879
0.498544
-1.082316
-1.119484
0.065375
0.164260
-1.164955
-0.430133
-1.588152
-0.736865
-0.250872
-1.716477
-1.218369
1.588835
-1.097231
-1.386418
-1.669751
-1.251620
0.768407
-1.566387
-1.320024
-0.548899
-1.152757
-1.181201
-1.181201
-1.282856
-0.511731
0.099750
-1.474443
-1.367378
-1.218369
-0.814474
-1.288113
0.740156
0.488032
1.287518
-1.426262
-1.180927
-1.771406
-1.469034
-0.298844
-1.644351
-1.474443
-1.497204
-1.218369
-1.021776
0.860172
-1.757043
1.507124
-1.683381
-1.764215
-1.333831
-1.245981
-0.944167
0.716779
-1.515937
-1.424603
-1.127547
-1.601782
0.756142
1.875985
-1.052867
-1.432716
-1.270956
-1.171087
-1.403705
-1.771406
-0.884238
-1.357264
-1.179113
-1.422602
-1.230744
-1.333831
-1.446346
-1.432716
-1.497204
-0.944167
-1.660620
-0.754921
-1.150401
-0.511731
-1.545158
-1.246965
-0.235157
-1.617592
-1.573328
1.311723
-1.506179
-1.387435
-1.211915
-0.953696
-0.983123
0.560079
-1.036598
-1.683381
-1.245472
-1.432716
-1.218369
0.669444
-1.641581
-1.757043
-0.741684
-0.551063
-1.180927
-1.036598
-1.759506
0.198942
1.254709
0.931899
-1.282856
-0.253694
-0.076688
-1.323717
-1.356841
-1.288550
-0.654645
-1.136213
-1.683381
-1.435486
-1.248374
-1.504946
-1.387435
0.469297
-1.423492
-1.435486
1.008556
-1.534372
-1.178157
0.572689
-1.175909
-1.641581
-1.320024
-1.469034
-1.130344
1.205238
-1.600662
-1.502897
-0.408774
-1.238426
-1.542695
-1.174735
-1.131859
-1.387435
-1.435486
0.320126
-1.135754
1.327026
-1.285780
-0.934943
-1.641581
-1.469034
-1.320024
-0.944167
-1.331583
-1.158514
1.720549
-1.617592
-1.367378
-0.824890
-1.248269
1.165456
1.665330
-1.482840
-1.333831
-0.257172
-0.934943
-0.944167
-0.697908
-0.973626
-1.270956
-1.370148
-1.020089
-0.224581
-0.861447
-1.285780
1.060718
0.576868
-1.435486
-1.272832
0.816652
-1.855928
-0.782629
-1.276335
0.103284
-1.617592
0.728822
1.078846
-0.951956
0.928421
-0.819207
-1.095129
-1.129042
-1.461097
-1.338970
-1.218369
-1.387435
0.885021
-1.320024
-1.716477
-1.130344
0.943648
-1.467253
-0.697764
-0.697908
-1.367378
-1.036255
-1.175909
-1.683381
-1.367378
-0.253694
-1.245124
