15142, 119276, 35488, 115413, 35452, 50984, 10711, 66775, 10764, 21346
Feature count is 10
Criterion1 result is ObjectIndex = 449, Distance = -0.3468136503074906754393857383, Value = 0.5703504396998477589332373736
Boundary = -0.3171434500046077862249486084
-0.555998
0.847675
0.318145
0.223220
0.159028
0.765851
-1.261137
-0.023481
-1.044207
0.259709
-1.261137
-1.261137
-0.778670
1.059773
-0.548178
0.847675
-0.995600
0.560831
-0.772928
-0.871527
-0.778670
-0.778670
-0.757363
-1.059773
-0.778670
-0.673171
-0.778670
0.223220
-0.974293
1.049040
-0.778670
-1.154716
-0.441757
1.059773
-0.757363
-0.059969
-1.261137
0.942619
-0.772928
0.942619
-0.059969
-0.778670
-1.261137
-0.778670
-1.261137
-0.937786
-0.937786
-0.765108
0.847675
0.977948
-0.548178
-0.783502
-0.548178
-0.778670
-0.778670
0.489739
-0.953352
-0.974293
-0.937786
-0.765108
-0.995600
-1.261137
0.847675
-1.261137
-0.885091
-0.757363
-1.154716
-0.059969
1.154716
-1.261137
-0.499571
-0.778670
-0.757363
0.700855
0.772928
-1.261137
-0.937786
-0.287473
-0.548178
0.772928
-0.778670
-1.261137
-0.778670
-0.995600
-0.580978
-1.154716
-1.059773
-0.818832
-0.974293
-0.995600
-0.389981
-0.712411
-0.765108
1.023284
-0.004284
1.059773
-0.974293
0.223220
-0.995600
0.366130
0.578227
-0.871527
-1.044207
-0.778670
-1.261137
-0.059969
-1.261137
0.223220
-0.778670
-0.765108
-0.396882
-0.548178
0.916863
0.916863
-0.778670
-1.261137
-0.778670
-1.044207
-1.044207
-0.555998
-0.548178
-0.778670
0.326633
0.700855
-0.885091
0.535075
-0.059969
-1.261137
-1.261137
-0.765108
-0.937786
-0.778670
-0.396882
-0.765108
-0.974293
-0.778670
-0.778670
0.277642
-0.778670
-0.279473
-0.765108
-0.778670
-0.815176
-0.757363
-0.566572
1.059773
0.238402
-0.658687
-0.563744
-0.712411
-1.044207
-1.261137
0.811186
0.322978
-0.613812
-0.712411
0.772928
-0.778670
-0.818832
-0.548178
1.049040
-1.102021
-0.995600
0.772928
0.223220
-0.059969
-1.261137
-1.261137
-0.059969
-0.555998
-0.778670
-0.765108
-0.605992
-0.563744
-0.815176
-1.261137
-1.154716
-1.261137
-1.154716
-0.765108
0.449577
-1.261137
-0.778670
-0.995600
-0.757363
-0.712411
0.329641
-0.778670
-0.066633
-1.261137
0.527997
-1.102021
0.233569
-0.778670
-0.548178
0.704765
-0.059969
-0.783502
-0.818832
-0.818832
-0.778670
-1.044207
-1.044207
-0.974293
-0.481919
-0.765108
-0.765108
-0.778670
-0.765108
-1.102021
-0.548178
-1.261137
-0.555998
-0.778670
-0.059969
-0.937786
-0.778670
-0.778670
-0.995600
-0.871527
0.666507
-1.044207
-1.261137
0.428654
-0.765108
-1.044207
0.811186
0.772928
0.633674
-0.778670
-0.974293
-0.778670
-0.059969
-0.937786
-1.044207
-0.757363
-0.778670
0.772928
-0.059969
-0.778670
-1.154716
-0.606734
-0.499571
-0.765108
-0.937786
-1.102021
-0.778670
-1.102021
-1.102021
-0.765108
-0.871527
-0.778670
0.099147
1.154716
-0.499571
-0.765108
-1.261137
-0.842843
-0.059969
-1.044207
-0.757363
-1.102021
0.666507
0.772928
-1.154716
-1.102021
-1.154716
-0.519509
0.666507
-0.867872
-0.783502
0.021472
-1.059773
-0.757363
-0.778670
-1.261137
-0.496403
-0.478264
0.847675
-0.577305
0.039788
-0.995600
-0.995600
-0.778670
-0.995600
-0.778670
-0.779592
-0.778670
-1.261137
-1.261137
-0.059969
-0.605992
-1.102021
1.154716
-1.044207
-0.818832
-1.154716
-0.778670
-0.765108
-0.778670
0.159028
1.154716
-0.778670
-0.974293
-0.937786
-1.059773
-0.650942
1.154716
-0.548178
0.223220
-1.044207
-0.765108
-1.261137
0.772928
-0.778670
-0.937786
-0.276899
0.241315
-0.346814
-1.261137
-0.757363
-0.778670
0.847675
-0.059969
-0.673171
1.154716
-0.059969
-0.650942
-0.995600
-0.765108
-1.102021
0.673171
0.109880
-0.563744
-0.818832
-0.778670
-0.818832
1.154716
-0.765108
1.049040
-0.772928
-1.261137
0.527997
-0.778670
0.666507
1.049040
-1.261137
-0.995600
-0.555998
-0.396882
-0.765108
0.535075
-0.778670
-0.555998
0.726611
-0.778670
1.049040
0.428654
-1.261137
-0.765108
1.023284
0.818832
-0.778670
-1.261137
-0.059969
0.740095
-1.044207
-0.995600
0.318145
-0.937786
-0.937786
-0.778670
-1.261137
-0.818832
-0.279473
-1.261137
-0.778670
-0.778670
-0.778670
-0.059969
-0.778670
-0.778670
-1.261137
-0.765108
0.428654
-0.548178
-0.563744
0.953352
-0.778670
-0.778670
-0.605992
-0.548178
-0.059969
-0.481919
-0.995600
0.223220
0.535075
-0.059969
-0.815176
-0.059969
-0.613812
-1.261137
-0.765108
-1.261137
-0.995600
-1.261137
-0.778670
-1.261137
-0.977948
-1.102021
-0.818832
-1.261137
-0.974293
-0.496403
-0.778670
1.261137
-1.261137
-0.765108
1.154716
-0.441757
-1.261137
0.135636
-0.818832
1.154716
0.021855
-0.974293
-0.974293
0.461073
0.337001
-0.712411
-0.261334
-1.261137
-0.396882
-0.461073
-1.154716
-1.261137
1.049040
-0.778670
-0.778670
-0.977948
-0.778670
0.223220
-1.154716
-1.044207
-0.548178
-0.974293
-1.261137
-1.044207
-0.765108
-0.346814
0.223220
-0.601902
-0.765108
-0.772928
-0.778670
-0.778670
0.555998
0.417666
0.942619
-0.778670
-1.261137
-1.261137
-1.154716
-0.995600
-0.765108
-0.885091
-1.044207
-0.974293
-0.683726
0.382336
-0.871527
0.666507
-1.261137
-0.778670
-1.059773
-0.577305
-0.555998
0.366130
-0.977948
-1.261137
-1.261137
-0.778670
0.772928
1.154716
-0.778670
-0.842843
-0.778670
-1.102021
-0.995600
-1.261137
-0.712411
-0.937786
-1.154716
-1.261137
-0.818832
-0.974293
-0.937786
-1.261137
-1.261137
-1.044207
-0.818832
-0.778670
-0.765108
-0.059969
-0.778670
-1.102021
-0.240393
-0.818832
-0.601902
0.555998
-0.778670
-0.778670
-0.778670
-0.613812
-0.605992
0.772928
-0.937786
-0.778670
-0.778670
-1.261137
-0.974293
0.740095
-1.044207
-0.765108
-0.673171
0.318145
-0.757363
-0.937786
-0.818832
0.099147
1.049040
0.555998
-1.261137
-0.059969
-0.059969
-0.815176
-0.938708
-0.937786
-0.287473
-0.995600
-0.937786
-1.102021
-0.712411
-0.885091
-0.937786
0.418825
-1.102021
-0.974293
1.154716
-0.815176
-1.261137
0.535075
-0.673171
-0.885091
-0.953352
-1.261137
-0.765108
0.450499
-0.778670
-0.778670
-0.261334
-0.974293
-0.977948
-0.708755
-0.778670
-0.942619
-0.757363
0.287393
-0.900656
1.059773
-0.783502
-0.548178
-0.871527
-1.261137
-0.974293
-0.059969
-0.885091
-1.044207
1.059773
-0.977948
-1.102021
-0.605992
-0.778670
-0.163401
0.704765
-1.154716
-0.842843
-0.049237
-0.548178
-1.059773
-0.563744
-0.778670
-0.282641
-1.261137
-0.778670
0.366130
-0.555998
-1.261137
0.779592
0.772928
-1.044207
-0.605992
0.772928
-0.995600
-0.765108
-0.974293
-0.059969
-1.154716
1.023284
0.560831
-0.937786
0.666507
-0.778670
-0.633674
-0.765108
-1.261137
-0.842843
-1.059773
-1.044207
0.811186
-1.059773
-1.102021
-0.765108
0.633674
-0.778670
-0.282641
-0.478264
-1.261137
-0.778670
-0.389981
-0.778670
-1.044207
-0.059969
-0.765108
