16855, 108976, 131297, 21008, 3367, 21046, 46937, 112953, 13109, 115438, 16941, 3370, 9504, 13102, 35187, 15095, 108797, 98983, 21317, 925, 8310, 51286, 78703
Feature count is 23
Criterion1 result is ObjectIndex = 196, Distance = -0.8367311466999517229101480984, Value = 0.5969849260240842093524515467
Boundary = -0.8306435450296313068023143195
-1.305623
1.635910
1.397794
-0.021459
0.789407
1.049767
-1.406955
-1.139331
-1.880652
1.429177
-1.148826
-2.150734
-1.787364
2.390490
-1.655213
1.537092
-2.080381
1.290868
-1.485705
-2.211070
-1.367753
-1.117337
-1.396834
-1.469850
-1.307521
-1.534688
-1.464863
0.448079
-1.785990
1.049767
-1.215782
-1.197302
-1.526888
1.188727
-1.326622
-0.682974
-1.606487
1.429235
-1.333192
1.052645
-0.769879
-1.756928
-1.993937
-1.565651
-1.989719
-1.360199
-2.011543
-1.880652
1.728640
1.955772
-1.406955
-1.412220
-1.148826
-1.423174
-1.147440
1.152506
-1.724051
-0.587843
-1.806885
-1.078472
-1.459776
-1.517523
1.672745
-2.360387
-1.802659
-1.491833
-1.870640
-0.616508
1.396909
-1.939805
-0.733824
-1.896119
-1.243576
1.523564
1.447761
-2.128910
-1.923250
-1.312668
-1.336602
1.231526
-1.289043
-1.671089
-2.221196
-1.336656
-1.015206
-1.917319
-1.406955
-2.268050
-1.513839
-1.749716
-1.796395
-1.056869
-1.946918
1.017781
0.433536
1.891942
-1.614108
1.676632
-0.523599
1.008238
1.527220
-1.869396
-1.854745
-1.350160
-2.131392
-0.939173
-2.150734
-0.633895
-2.067825
-1.217973
-1.444814
-1.237661
1.446597
1.694779
-1.490027
-2.128910
-1.498798
-1.413154
-1.406955
-1.474917
-1.217973
-1.165922
1.794565
1.247512
-1.744084
1.608288
0.352915
-1.387697
-1.366732
-1.217973
-1.397083
-1.802013
-1.343154
-1.406955
-1.197302
-1.699572
-1.529234
1.036816
-1.155240
-1.436613
-2.081891
-1.565651
-1.412870
-1.444814
-1.756506
1.999680
-1.425617
-1.148826
-1.584860
-1.482380
-1.804955
-1.813641
1.776376
0.810677
-1.544434
-0.666743
0.681382
-1.418886
-1.857140
-2.081891
1.402518
-1.836419
-1.699309
2.096304
0.247536
-0.769879
-1.654467
-1.711199
-0.291125
-1.118317
-1.511252
-1.248212
-1.532774
-1.197302
-0.582572
-1.757936
-2.221196
-2.360387
-1.690769
-1.148826
1.770426
-1.792561
-1.459776
-1.450509
-1.326622
-1.395199
-0.008901
-1.199859
-1.551239
-1.972938
1.429235
-1.794245
0.415160
-1.370593
-1.622523
1.052645
-0.836731
-1.424033
-2.185033
-2.149422
-1.121273
-2.340699
-1.603843
-1.862366
-1.546147
-1.499402
-1.562046
-1.458881
-1.148826
-1.889084
-1.406955
-2.019957
-1.333192
-1.299807
-0.381241
-1.630273
-1.816847
-1.333749
-1.625059
-2.376310
0.770047
-1.655213
-1.972938
0.872535
-1.910891
-1.880652
1.201280
1.993841
0.723270
-1.252743
-1.491693
-1.420518
-0.222600
-1.074419
-1.654467
-1.444814
-1.516120
0.765837
-1.197302
-1.164455
-2.529681
-0.395107
-1.207521
-1.437194
-1.279676
-1.678298
-1.417179
-1.880652
-1.809497
-1.357165
-2.459328
-1.411909
-0.543782
1.896877
-1.552169
-1.237661
-2.340699
-1.913378
-0.769879
-1.784392
-1.562046
-1.542845
0.930453
1.419859
-2.459328
-1.804425
-1.524399
-1.079884
0.945587
-1.498050
-1.552169
-1.317904
-1.654467
-1.326622
-1.677707
-2.035880
-1.228575
-1.445560
0.892940
-1.494386
-0.446404
-1.575960
-2.338404
-1.341555
-1.832016
-1.404998
-1.600172
-1.417179
-1.854745
-2.340699
-0.543782
-1.438900
-1.967871
1.731893
-1.418505
-1.037390
-2.529681
-1.427832
-1.147620
-1.407009
-0.662206
1.258812
-1.441442
-1.531808
-1.475189
-1.854745
-1.443108
1.364923
-1.437194
0.137182
-1.670999
-1.606487
-1.473387
1.460390
-1.604955
-1.638707
-0.939173
0.315254
-1.237661
-1.606487
-1.534431
-1.791361
1.664764
-0.008901
-1.439557
1.896877
-0.769879
-2.120496
-2.042557
-1.854745
-2.187328
0.289438
0.369386
-1.397083
-1.838525
-1.858213
-1.354461
1.275864
-1.288017
1.052645
-1.286173
-1.617429
1.187865
-1.490027
1.529263
1.437474
-1.655213
-2.112910
-1.333192
-1.862366
-1.453117
0.723423
-1.771789
-1.444814
1.601163
-1.370160
0.529623
0.995803
-1.996127
-1.406955
1.500527
1.237957
-1.459776
-1.989719
0.487650
1.659168
-1.701486
-1.707397
0.395711
-1.483508
-1.402796
-1.720511
-1.171237
-1.503649
-1.431343
-2.360387
-1.806194
-0.997216
-2.029918
0.097512
-1.546201
-0.738469
-1.474917
-1.854745
1.136864
-1.148826
-1.606487
1.781042
-2.067825
-1.302251
-1.237661
-1.028008
0.230175
-0.549864
-1.139612
-0.103207
1.721824
-0.769879
-1.614108
0.300009
-1.401206
-1.655213
-1.197302
-2.139460
-0.824556
-1.993937
-1.068419
-2.139460
-2.281423
-1.700641
-1.889084
-1.675326
-1.362514
-1.137875
-1.618418
1.659168
-1.562046
-1.336602
1.400268
-1.217664
-1.237661
-0.621917
-1.468982
2.074246
1.946823
-2.120496
-1.487454
0.137182
0.858490
-1.494938
0.099012
-2.290034
-0.673866
-0.331804
-2.006194
-1.655213
1.573252
-1.558717
-1.572256
-2.281423
-1.151063
1.857639
-1.737373
-1.443108
-0.821155
-1.761362
-1.854745
-1.755996
-0.882892
-1.237661
1.020009
-1.228855
-1.546147
-1.333192
-1.613147
-1.434783
0.705918
1.639530
2.103524
-1.218689
-2.060143
-1.951202
-1.135453
-0.824556
-2.067825
-1.454285
-2.150734
-1.487454
-1.558261
1.345903
-2.029802
1.290235
-2.360387
-1.731660
-1.673731
-1.370593
-1.187430
1.136410
-2.340699
-1.655213
-1.556697
-1.632719
1.098309
1.694779
-1.307521
-1.463881
-1.782441
-1.556167
-1.650041
-1.883135
-1.756085
-1.693180
-2.270346
-2.142232
-1.395776
-1.444814
-1.910299
-1.504168
-1.794405
-1.655213
-2.338404
-1.370160
-1.655213
-0.939173
-1.418886
-2.338404
-0.665915
-2.149422
-1.903264
1.240861
-1.319811
-1.312551
-1.809695
-1.624156
-1.149292
1.151076
-1.360199
-1.804425
-1.406114
-1.931860
-1.981304
1.734314
-1.506032
-2.281423
-0.915921
-0.868508
-1.693072
-1.417179
-2.211749
-0.375926
1.169628
0.895894
-1.655213
0.230175
0.686024
-1.592068
-1.412297
-0.701423
-1.048880
-1.930421
-2.175071
-1.955237
-1.949766
-1.666890
-1.524222
0.015312
-1.092545
-1.444814
0.842032
-1.614108
-1.663610
1.673613
-1.869396
-1.749716
-1.542845
-1.645092
-1.148826
0.953663
-1.810575
-1.637591
-0.428028
-1.711199
-1.959449
-1.535868
-0.906325
-1.077284
-1.487454
1.409533
-1.382073
1.724679
-1.402931
-1.148826
-1.896342
-2.006194
-1.203873
-0.769879
-1.468222
-1.870780
0.726444
-2.249656
-1.546147
-1.920852
-0.969389
0.032489
1.868212
-2.195175
-1.742377
0.482250
-1.148826
-1.546147
-1.406955
-1.162388
-1.370160
-2.195175
-1.565651
-0.904814
-1.333192
-1.336602
1.917517
1.215244
-1.843686
-1.425824
2.050143
-1.655213
-1.406955
-1.239920
-0.251522
-2.187328
0.916730
1.041817
-1.588154
1.110667
-1.943616
-1.229719
-1.296080
-2.139460
-1.654467
-1.254228
-1.854745
1.747748
-1.953488
-2.187328
-1.148826
1.052645
-1.618418
-0.824556
-0.769879
-1.465030
-1.318174
-1.201204
-1.876547
-1.892909
-0.167542
-1.165888
