49673, 108935, 90590, 48422, 35489, 101240, 39264, 4688, 109188, 133627, 108821, 91858, 99142, 8312, 38817, 78556
Feature count is 16
Criterion1 result is ObjectIndex = 454, Distance = -0.7498416475812626962443801410, Value = 0.5132373468799078469469923542
Boundary = -0.7483158417789798199224724458
-0.999074
0.101366
0.533769
-0.147961
-0.486752
-0.110934
-0.950435
-0.888114
-0.870373
0.146593
-0.830934
-1.061395
-0.749842
0.182555
-0.950435
0.223812
-1.141457
0.334310
-0.887003
-1.141457
-0.956399
-0.871351
-0.972052
-1.039779
-0.871351
-0.595102
-0.956399
-0.420552
-0.905590
-0.000360
-0.664793
-0.883974
-0.888114
0.360108
-0.994934
-0.705668
-0.950435
0.425860
-0.972052
-0.153656
-0.808052
-0.871351
-0.888114
-0.871351
-0.989793
-0.973317
-1.061395
-0.870373
0.722896
-0.041700
-0.808052
-0.839168
-0.870373
-0.956399
-0.871351
-0.156376
-0.977458
-0.820542
-0.954730
-1.039779
-0.937812
-0.595102
0.330970
-1.061395
-0.888114
-1.061395
-0.950435
-0.723003
0.300149
-1.141457
-0.746790
-0.989948
-0.870373
0.449663
0.346127
-0.893255
-0.994934
-0.956399
-0.888114
0.139415
-0.871351
-1.141457
-1.074996
-0.871351
-0.227040
-1.052114
-0.950435
-1.141457
-0.994934
-0.888114
-1.022861
-0.848469
-1.052114
-0.152274
-0.145646
0.637427
-0.932613
0.050751
-0.937812
-0.217879
-0.172396
-0.871351
-0.870373
-0.937812
-1.061395
-0.888114
-0.976347
-0.900604
-1.074996
-0.950435
-0.999074
-0.888114
0.175294
0.465799
-0.937812
-0.888114
-0.871351
-1.039779
-0.950435
-0.932613
-0.870373
-0.956399
0.381718
0.401828
-0.956399
0.977458
-0.972052
-0.888114
-0.808052
-0.950435
-0.950435
-1.022861
-0.942798
-0.808052
-0.870373
-0.956399
-1.056409
-0.158376
-0.731254
-1.022861
-0.932613
-0.989948
-0.897395
-0.909731
-0.937812
0.191371
-0.933517
-0.950435
-0.888114
-0.885682
-0.870373
-0.932613
0.601328
0.018279
-0.584436
-0.562936
-0.108292
-0.937812
-1.056409
-1.052114
0.290612
-0.871351
-0.942798
0.628026
-0.058618
-0.583584
-0.909731
-1.061395
-0.642834
-0.999074
-0.871351
-0.808052
-0.854721
-0.950435
-0.985653
-1.141457
-0.972052
-1.061395
-1.074996
-0.888114
0.627298
-0.994934
-0.871351
-0.956399
-1.061395
-0.849851
-0.158892
-0.749842
-0.967066
-1.061395
-0.033908
-1.141457
-0.337175
-0.956399
-0.905590
-0.158892
-0.870373
-0.956399
-1.141457
-1.141457
-0.769672
-1.141457
-0.994934
-0.994934
-0.950435
-1.052114
-0.999074
-1.022861
-0.888114
-0.829887
-0.950435
-1.061395
-1.061395
-0.871351
-0.932613
-0.989948
-0.871351
-0.664793
-0.871351
-1.056409
0.274940
-0.950435
-1.141457
-0.035445
-0.843269
-0.909731
-0.000360
0.514645
-0.229530
-0.871351
-0.897395
-0.871351
-0.741168
-0.865387
-0.999074
-0.909731
-0.871351
0.258434
-0.808052
-0.783390
-1.052114
-0.496475
-0.831839
-0.888114
-0.989948
-1.052114
-0.769672
-0.972052
-0.595102
-0.808052
-1.141457
-0.871351
-0.620935
0.824682
-1.074996
-0.888114
-1.052114
-0.994934
-0.808052
-0.950435
-0.999074
-1.141457
-0.216363
0.109722
-1.141457
-1.141457
-1.141457
-0.883974
0.158867
-1.061395
-1.074996
-0.387021
-0.909731
-0.897395
-0.854721
-0.950435
-0.848469
-0.808052
0.317680
-0.853455
-0.865387
-0.967066
-1.141457
-1.056409
-1.061395
-0.937812
-1.022861
-0.871351
-0.950435
-0.680150
-0.226941
-0.989793
-1.056409
0.457932
-0.915015
-0.956399
-1.074996
-0.871351
-0.888114
-0.871351
-0.507834
0.210512
-0.956399
-0.999074
-0.989948
-0.870373
-0.959716
0.156257
-0.808052
-0.160296
-0.843269
-0.950435
-0.667815
0.514645
-0.871351
-1.074996
-0.808052
-0.782008
-0.808052
-0.950435
-1.061395
-0.956399
0.358852
-0.229530
-0.848469
0.810838
-0.808052
-1.061395
-1.074996
-0.870373
-0.807084
-0.519925
-0.859344
-0.888114
-0.937812
-0.871351
-1.022861
0.096337
-0.888114
0.002572
-0.994934
-1.061395
0.222329
-0.871351
0.362428
0.210084
-0.888114
-0.942798
-1.061395
-0.994934
-0.888114
0.020378
-0.937812
-0.909731
0.140959
-0.937812
0.060874
0.346763
-0.989793
-0.808052
-0.524237
0.206629
-1.056409
-0.950435
-0.847564
-0.317680
-0.999074
-0.854721
-0.116721
-1.052114
-0.967066
-1.061395
-0.900604
-0.562936
-0.679124
-1.061395
-0.871351
-0.871351
-0.937812
-0.642834
-1.074996
-0.937812
-0.932613
-0.950435
0.199394
-0.950435
-0.950435
0.414564
-0.956399
-0.871351
-0.888114
-0.808052
-0.069549
-0.632339
-0.956399
-0.888114
-0.258347
-0.808052
-1.061395
-0.307003
-1.061395
-0.888114
-0.888114
-0.977458
-0.836133
-1.039779
-0.664793
-1.061395
-1.052114
-0.956399
-0.914935
-0.972052
-1.061395
-1.141457
-0.937812
0.019670
-1.061395
-0.950435
0.582507
-0.950435
-0.950435
-0.237727
-0.921182
0.532260
0.289682
-1.061395
-1.079136
-0.414858
-0.052495
-1.141457
-0.723003
-0.972052
-1.052114
-0.353737
-1.141457
-0.950435
-0.052245
-0.871351
-1.022861
-1.052114
-0.791182
0.192812
-0.892133
-0.972052
-0.803066
-0.994934
-0.950435
-0.909731
-0.972052
-0.808052
-0.153656
-1.056409
-0.888114
-0.870373
-0.749842
-0.994934
0.035059
0.173843
0.559705
-0.871351
-0.994934
-0.976347
-0.973317
-0.950435
-0.972052
-0.933517
-1.061395
-0.932613
-0.876337
0.058597
-1.141457
0.343026
-1.061395
-0.956399
-0.994934
-0.956399
-0.808052
0.036730
-1.141457
-0.950435
-0.977458
-0.956399
-0.002295
0.736181
-0.989948
-0.893255
-0.933517
-1.141457
-0.921182
-1.141457
-0.885682
-0.937812
-1.141457
-0.985653
-0.967066
-0.994934
-0.989948
-0.905590
-1.039779
-0.870373
-0.769494
-0.937812
-0.888114
-0.808052
-0.871351
-1.052114
-0.921182
-0.981476
-0.769494
0.604407
-0.956399
-0.989948
-0.871351
-0.786994
-0.871196
0.254258
-0.950435
-1.074996
-0.937812
-0.905590
-1.061395
-0.231870
-0.950435
-0.852694
-0.819832
-0.609512
-1.061395
-0.933517
-1.141457
-0.174806
-0.268103
0.114958
-0.950435
0.006325
-0.313299
-0.985653
-0.888114
-0.769672
-0.921182
-0.956399
-0.888269
-1.061395
-1.141457
-1.141457
-0.950435
0.016338
-0.950435
-0.994934
0.214147
-0.999074
-1.061395
0.061364
-0.565848
-1.052114
-0.959716
-0.870373
-0.888114
-0.003310
-0.769494
-0.871351
-0.803066
-1.061395
-1.074996
-1.141457
-0.871351
-0.836138
-0.999074
0.088936
-0.942798
0.424595
-0.811016
-0.888114
-1.004278
-1.141457
-1.061395
-0.808052
-0.885682
-0.897395
0.728257
-1.056409
-0.950435
-1.052114
-0.937812
-0.302947
0.273558
-1.141457
-0.972052
-0.296669
-0.808052
-0.888114
-0.909731
-0.871351
-0.848469
-1.141457
-0.871351
0.145782
-1.061395
-0.950435
0.066316
-0.000179
-0.994934
-0.989793
0.305847
-0.985653
-0.808052
-0.994934
-0.737414
-1.141457
0.058597
0.035059
-1.074996
0.211401
-0.956399
-0.755078
-0.967066
-0.870373
-0.999074
-0.923332
-1.039779
0.030052
-1.061395
-0.989948
-0.888114
0.054284
-0.937812
-0.746790
-0.888114
-0.870373
-0.871351
-0.480805
-1.056409
-0.999074
-0.601494
-0.977458
