16891, 35457, 72872, 78361, 70217, 20743
Feature count is 6
Criterion1 result is ObjectIndex = 164, Distance = -0.6482049614320598804180190026, Value = 0.5626362677583296166343591895
Boundary = -0.6280258651917692071188604945
-0.824853
0.352682
0.283626
-0.183116
-0.717260
0.540612
-0.715440
-0.183116
-0.824853
0.139284
-0.824853
-0.824853
-0.824853
0.715440
-0.715440
0.607847
-0.824853
0.431199
-0.715440
-0.824853
-0.607847
-0.715440
-0.824853
-0.824853
-0.715440
-0.715440
-0.824853
-0.292529
-0.824853
0.285447
-0.717260
-0.715440
-0.715440
0.352682
-0.824853
-0.715440
-0.715440
0.540612
-0.824853
0.072050
-0.715440
-0.607847
-0.715440
-0.715440
-0.824853
-0.715440
-0.824853
-0.824853
0.717260
0.285447
-0.715440
-0.824853
-0.715440
-0.824853
-0.715440
0.176033
-0.607847
-0.824853
-0.824853
-0.715440
-0.715440
-0.717260
0.393040
-0.824853
-0.824853
-0.824853
-0.715440
-0.715440
0.717260
-0.824853
-0.607847
-0.824853
-0.824853
0.717260
0.393040
-0.824853
-0.824853
-0.717260
-0.715440
0.393040
-0.715440
-0.824853
-0.715440
-0.824853
-0.715440
-0.607847
-0.715440
-0.824853
-0.824853
-0.715440
-0.715440
-0.715440
-0.715440
0.540612
0.292529
0.717260
-0.824853
-0.183116
-0.607847
0.072050
0.356291
-0.824853
-0.715440
-0.715440
-0.824853
-0.715440
-0.824853
-0.824853
-0.715440
-0.715440
-0.824853
-0.715440
0.462095
0.607847
-0.824853
-0.715440
-0.715440
-0.824853
-0.715440
-0.824853
-0.824853
-0.824853
0.431199
0.824853
-0.824853
0.715440
-0.607847
-0.715440
-0.824853
-0.715440
-0.715440
-0.824853
-0.824853
-0.715440
-0.715440
-0.715440
-0.715440
0.393040
-0.824853
-0.824853
-0.824853
-0.824853
-0.824853
-0.824853
-0.717260
0.352682
-0.356291
-0.715440
-0.715440
-0.824853
-0.824853
-0.824853
0.607847
0.283626
-0.824853
-0.824853
0.538791
-0.715440
-0.824853
-0.715440
0.431199
-0.607847
-0.824853
0.717260
-0.648205
-0.715440
-0.824853
-0.824853
-0.183116
-0.715440
-0.715440
-0.715440
-0.607847
-0.715440
-0.824853
-0.824853
-0.824853
-0.824853
-0.824853
-0.715440
0.715440
-0.824853
-0.715440
-0.715440
-0.824853
-0.824853
-0.715440
-0.824853
-0.717260
-0.824853
0.462095
-0.824853
-0.139284
-0.824853
-0.824853
0.285447
-0.715440
-0.607847
-0.824853
-0.824853
-0.715440
-0.824853
-0.824853
-0.824853
-0.824853
-0.824853
-0.824853
-0.715440
-0.715440
-0.715440
-0.715440
-0.824853
-0.824853
-0.717260
-0.006467
-0.715440
-0.717260
-0.824853
-0.715440
-0.824853
0.352682
-0.715440
-0.824853
0.431199
-0.824853
-0.824853
0.285447
0.715440
0.285447
-0.715440
-0.824853
-0.715440
-0.715440
-0.715440
-0.824853
-0.824853
-0.607847
0.648205
-0.715440
-0.715440
-0.717260
-0.717260
-0.607847
-0.715440
-0.715440
-0.824853
-0.824853
-0.824853
-0.824853
-0.715440
-0.824853
-0.715440
0.008288
0.607847
-0.715440
-0.715440
-0.824853
-0.824853
-0.715440
-0.715440
-0.824853
-0.824853
0.075523
0.431199
-0.824853
-0.824853
-0.824853
-0.824853
0.176033
-0.824853
-0.607847
-0.139284
-0.824853
-0.824853
-0.715440
-0.715440
-0.824853
-0.715440
0.283626
-0.824853
0.285447
-0.824853
-0.824853
-0.715440
-0.824853
-0.715440
-0.824853
-0.715440
-0.715440
-0.715440
-0.460275
-0.715440
-0.824853
0.607847
-0.715440
-0.824853
-0.717260
-0.715440
-0.715440
-0.824853
-0.717260
0.540612
-0.824853
-0.717260
-0.715440
-0.715440
-0.824853
0.717260
-0.715440
-0.183116
-0.824853
-0.715440
-0.715440
0.715440
-0.607847
-0.715440
-0.715440
-0.717260
-0.715440
-0.715440
-0.824853
-0.824853
0.717260
-0.183116
-0.715440
0.607847
-0.715440
-0.824853
-0.717260
-0.715440
-0.607847
-0.183116
0.283626
-0.715440
-0.824853
-0.824853
-0.824853
0.462095
-0.715440
0.540612
-0.824853
-0.824853
0.717260
-0.715440
0.824853
0.607847
-0.715440
-0.824853
-0.824853
-0.824853
-0.715440
0.538791
-0.824853
-0.824853
0.352682
-0.824853
0.431199
0.431199
-0.824853
-0.715440
0.540612
0.248698
-0.715440
-0.715440
-0.006467
0.431199
-0.824853
-0.715440
-0.248698
-0.824853
-0.715440
-0.824853
-0.824853
-0.824853
-0.824853
-0.824853
-0.715440
-0.607847
-0.824853
-0.715440
-0.717260
-0.717260
-0.824853
-0.824853
0.715440
-0.715440
-0.715440
0.540612
-0.715440
-0.715440
-0.715440
-0.715440
-0.183116
-0.139284
-0.715440
-0.538791
0.393040
-0.715440
-0.824853
-0.538791
-0.824853
-0.715440
-0.715440
-0.824853
-0.607847
-0.824853
-0.715440
-0.824853
-0.824853
-0.717260
-0.824853
-0.824853
-0.824853
-0.824853
-0.715440
0.607847
-0.824853
-0.715440
0.717260
-0.607847
-0.824853
-0.248698
-0.824853
0.431199
0.139284
-0.824853
-0.824853
-0.183116
-0.115881
-0.824853
-0.715440
-0.824853
-0.715440
-0.717260
-0.824853
-0.715440
0.717260
-0.715440
-0.715440
-0.715440
-0.824853
0.139284
-0.824853
-0.824853
-0.183116
-0.824853
-0.715440
-0.715440
-0.715440
-0.715440
-0.183116
-0.824853
-0.715440
-0.824853
-0.824853
-0.824853
0.283626
0.176033
0.717260
-0.717260
-0.824853
-0.824853
-0.715440
-0.607847
-0.824853
-0.824853
-0.715440
-0.824853
-0.824853
0.717260
-0.824853
0.283626
-0.824853
-0.824853
-0.824853
-0.824853
-0.715440
0.139284
-0.824853
-0.715440
-0.715440
-0.715440
0.538791
0.717260
-0.715440
-0.824853
-0.715440
-0.715440
-0.607847
-0.824853
-0.356291
-0.715440
-0.824853
-0.824853
-0.715440
-0.824853
-0.824853
-0.824853
-0.715440
-0.715440
-0.717260
-0.715440
-0.715440
-0.715440
-0.715440
-0.824853
-0.607847
-0.824853
-0.824853
-0.072050
-0.824853
-0.715440
-0.824853
-0.824853
-0.246877
0.393040
-0.715440
-0.715440
-0.715440
-0.824853
-0.824853
0.462095
-0.715440
-0.824853
0.393040
-0.607847
-0.824853
-0.715440
-0.824853
0.008288
0.285447
0.115881
-0.715440
-0.183116
-0.183116
-0.824853
-0.824853
-0.717260
-0.607847
-0.717260
-0.824853
-0.824853
-0.824853
-0.824853
-0.715440
0.460275
-0.715440
-0.824853
0.285447
-0.824853
-0.824853
0.431199
-0.717260
-0.824853
-0.824853
-0.715440
-0.715440
0.183116
-0.824853
-0.824853
-0.183116
-0.824853
-0.824853
-0.824853
-0.715440
-0.824853
-0.824853
0.176033
-0.824853
0.607847
-0.824853
-0.715440
-0.824853
-0.824853
-0.824853
-0.715440
-0.824853
-0.824853
0.607847
-0.824853
-0.715440
-0.824853
-0.715440
-0.075523
0.717260
-0.824853
-0.824853
-0.183116
-0.715440
-0.715440
-0.715440
-0.824853
-0.715440
-0.824853
-0.824853
-0.717260
-0.824853
-0.715440
0.139284
0.285447
-0.824853
-0.715440
0.538791
-0.824853
-0.715440
-0.824853
-0.183116
-0.824853
0.285447
0.460275
-0.824853
0.569688
-0.824853
-0.824853
-0.715440
-0.824853
-0.824853
-0.824853
-0.715440
0.431199
-0.824853
-0.715440
-0.715440
0.540612
-0.824853
-0.607847
-0.715440
-0.715440
-0.715440
-0.824853
-0.715440
-0.715440
-0.715440
-0.715440
