13430, 9542, 72614, 35485, 50070
Feature count is 5
Criterion1 result is ObjectIndex = 490, Distance = -0.3183031655851465597585190492, Value = 0.5260245523058344504942042621
Boundary = -0.2814509241093814557703864167
-0.682336
0.608632
0.066411
-0.608632
-0.608632
0.504148
-0.608632
-0.608632
-0.682336
0.368639
-0.682336
-0.682336
-0.608632
0.430444
-0.608632
0.608632
-0.682336
0.190451
-0.608632
-0.682336
-0.608632
-0.608632
-0.682336
-0.682336
-0.608632
-0.608632
-0.682336
-0.099878
-0.682336
0.504148
-0.682336
-0.608632
-0.608632
0.190451
-0.682336
-0.608632
-0.608632
0.442343
-0.682336
0.682336
-0.608632
-0.608632
-0.608632
-0.608632
-0.682336
-0.608632
-0.682336
-0.608632
0.682336
0.504148
-0.608632
-0.608632
-0.608632
-0.682336
-0.608632
0.608632
-0.682336
-0.682336
-0.682336
-0.608632
-0.608632
-0.682336
0.608632
-0.682336
-0.682336
-0.682336
-0.608632
-0.608632
0.368639
-0.682336
-0.608632
-0.682336
-0.682336
0.368639
0.140115
-0.682336
-0.682336
-0.682336
-0.608632
0.368639
-0.682336
-0.682336
-0.682336
-0.608632
-0.099878
-0.682336
-0.608632
-0.682336
-0.682336
-0.608632
-0.682336
-0.682336
-0.682336
-0.004606
-0.173582
0.430444
-0.682336
0.442343
-0.682336
0.264155
0.504148
-0.682336
-0.608632
-0.608632
-0.682336
-0.608632
-0.682336
-0.682336
-0.608632
-0.608632
-0.682336
-0.608632
0.430444
0.244599
-0.682336
-0.682336
-0.608632
-0.682336
-0.608632
-0.682336
-0.682336
-0.608632
0.004606
0.368639
-0.682336
0.608632
-0.608632
-0.608632
-0.682336
-0.682336
-0.608632
-0.682336
-0.682336
-0.608632
-0.608632
-0.682336
-0.608632
0.318303
-0.682336
-0.682336
-0.682336
-0.682336
-0.682336
-0.682336
-0.682336
0.190451
-0.099878
-0.608632
-0.608632
-0.682336
-0.682336
-0.682336
0.430444
0.190451
-0.682336
-0.682336
0.430444
-0.608632
-0.682336
-0.682336
0.608632
-0.682336
-0.682336
0.608632
0.368639
-0.608632
-0.682336
-0.682336
-0.608632
-0.682336
-0.608632
-0.608632
-0.608632
-0.608632
-0.682336
-0.682336
-0.682336
-0.682336
-0.682336
-0.608632
0.430444
-0.682336
-0.682336
-0.608632
-0.682336
-0.682336
-0.430444
-0.682336
-0.608632
-0.682336
0.442343
-0.682336
0.190451
-0.682336
-0.682336
0.442343
-0.608632
-0.682336
-0.682336
-0.682336
-0.682336
-0.682336
-0.682336
-0.682336
-0.682336
-0.682336
-0.682336
-0.608632
-0.608632
-0.608632
-0.608632
-0.682336
-0.682336
-0.608632
-0.608632
-0.682336
-0.682336
-0.682336
-0.682336
-0.682336
0.066411
-0.608632
-0.682336
0.066411
-0.682336
-0.682336
-0.004606
0.682336
0.173582
-0.682336
-0.682336
-0.682336
-0.608632
-0.608632
-0.682336
-0.682336
-0.608632
0.682336
-0.608632
-0.682336
-0.682336
-0.682336
-0.682336
-0.608632
-0.608632
-0.682336
-0.608632
-0.682336
-0.682336
-0.608632
-0.682336
-0.608632
-0.244599
0.608632
-0.682336
-0.608632
-0.608632
-0.682336
-0.608632
-0.608632
-0.682336
-0.682336
-0.173582
0.190451
-0.682336
-0.682336
-0.682336
-0.682336
0.430444
-0.682336
-0.608632
-0.099878
-0.682336
-0.682336
-0.608632
-0.682336
-0.608632
-0.608632
0.368639
-0.682336
-0.608632
-0.682336
-0.682336
-0.682336
-0.682336
-0.608632
-0.682336
-0.682336
-0.608632
-0.682336
-0.244599
-0.608632
-0.682336
0.608632
-0.682336
-0.682336
-0.682336
-0.682336
-0.608632
-0.682336
-0.099878
0.608632
-0.682336
-0.682336
-0.608632
-0.608632
-0.682336
0.368639
-0.608632
-0.430444
-0.682336
-0.608632
-0.608632
0.608632
-0.608632
-0.682336
-0.608632
-0.173582
-0.608632
-0.608632
-0.682336
-0.682336
0.682336
-0.608632
-0.608632
0.066411
-0.099878
-0.682336
-0.682336
-0.608632
-0.608632
-0.682336
0.004606
-0.608632
-0.682336
-0.682336
-0.682336
0.099878
-0.608632
0.264155
-0.682336
-0.682336
0.504148
-0.608632
0.368639
0.504148
-0.608632
-0.682336
-0.682336
-0.682336
-0.682336
0.430444
-0.682336
-0.682336
0.368639
-0.682336
0.368639
0.066411
-0.682336
-0.608632
0.140115
0.504148
-0.608632
-0.682336
-0.608632
0.504148
-0.682336
-0.608632
-0.173582
-0.682336
-0.608632
-0.682336
-0.682336
-0.682336
-0.682336
-0.682336
-0.608632
-0.608632
-0.608632
-0.608632
-0.682336
-0.608632
-0.682336
-0.682336
0.430444
-0.608632
-0.608632
0.608632
-0.608632
-0.608632
-0.608632
-0.608632
0.264155
-0.099878
-0.608632
-0.608632
0.318303
-0.608632
-0.682336
-0.244599
-0.682336
-0.608632
-0.608632
-0.682336
-0.608632
-0.682336
-0.608632
-0.682336
-0.682336
-0.682336
-0.682336
-0.608632
-0.682336
-0.682336
-0.608632
0.066411
-0.682336
-0.682336
0.368639
-0.608632
-0.682336
-0.504148
-0.682336
0.608632
-0.173582
-0.682336
-0.682336
-0.099878
0.368639
-0.682336
-0.099878
-0.682336
-0.608632
-0.682336
-0.682336
-0.608632
0.504148
-0.608632
-0.682336
-0.682336
-0.682336
0.190451
-0.682336
-0.682336
-0.682336
-0.682336
-0.608632
-0.608632
-0.682336
-0.608632
-0.099878
-0.682336
-0.608632
-0.682336
-0.682336
-0.682336
0.318303
0.430444
0.430444
-0.682336
-0.682336
-0.682336
-0.608632
-0.608632
-0.682336
-0.682336
-0.682336
-0.682336
-0.682336
0.190451
-0.682336
0.190451
-0.682336
-0.682336
-0.682336
-0.682336
-0.608632
0.368639
-0.682336
-0.608632
-0.682336
-0.608632
0.430444
0.682336
-0.608632
-0.682336
-0.608632
-0.682336
-0.608632
-0.682336
-0.318303
-0.608632
-0.682336
-0.682336
-0.682336
-0.682336
-0.682336
-0.682336
-0.682336
-0.608632
-0.682336
-0.608632
-0.608632
-0.608632
-0.608632
-0.682336
-0.608632
-0.682336
-0.682336
-0.504148
-0.682336
-0.608632
-0.682336
-0.682336
-0.608632
0.140115
-0.608632
-0.682336
-0.608632
-0.682336
-0.682336
0.430444
-0.682336
-0.682336
-0.173582
-0.682336
-0.682336
-0.608632
-0.682336
-0.066411
0.140115
0.430444
-0.682336
-0.099878
-0.173582
-0.682336
-0.173582
-0.608632
-0.682336
-0.682336
-0.682336
-0.682336
-0.682336
-0.682336
-0.608632
-0.504148
-0.682336
-0.682336
0.504148
-0.682336
-0.682336
0.004606
-0.682336
-0.682336
-0.682336
-0.608632
-0.608632
0.190451
-0.682336
-0.608632
-0.173582
-0.682336
-0.682336
-0.682336
-0.608632
-0.608632
-0.682336
0.368639
-0.682336
0.190451
-0.682336
-0.682336
-0.682336
-0.682336
-0.682336
-0.608632
-0.682336
-0.682336
0.430444
-0.682336
-0.608632
-0.682336
-0.608632
-0.608632
0.608632
-0.682336
-0.682336
-0.244599
-0.608632
-0.608632
-0.608632
-0.682336
-0.608632
-0.682336
-0.682336
-0.140115
-0.682336
-0.608632
0.368639
0.682336
-0.682336
-0.682336
0.244599
-0.682336
-0.682336
-0.682336
-0.608632
-0.682336
0.099878
0.066411
-0.682336
0.430444
-0.682336
-0.173582
-0.608632
-0.682336
-0.682336
-0.682336
-0.608632
0.368639
-0.682336
-0.608632
-0.608632
0.430444
-0.608632
-0.608632
-0.608632
-0.608632
-0.608632
-0.682336
-0.608632
-0.608632
-0.608632
-0.682336
