21000, 109132, 83037, 13393, 35621, 49867, 99215, 99222, 15007, 13437, 108775, 48699, 9564
Feature count is 13
Criterion1 result is ObjectIndex = 626, Distance = -0.6197887880873046511057664775, Value = 0.5666286695370704340861318608
Boundary = -0.5984075139090166248611371417
-1.221971
1.662012
-0.489612
0.175192
-0.632544
1.414717
-1.204260
-0.292200
-1.454799
1.287200
-1.806442
-1.652211
-1.207214
1.533781
-1.204260
1.597876
-1.588075
0.999692
-0.947219
-1.599229
-1.271350
-1.207214
-1.454799
-1.221971
-1.207214
-1.116057
-1.207214
0.815181
-1.662012
1.142056
-1.207214
-1.411473
-1.204260
0.935557
-1.806442
-0.619789
-1.411473
1.389351
-1.806442
1.232272
-0.619789
-1.207214
-1.204260
-1.271350
-1.599229
-1.126920
-1.507781
-1.454799
1.272353
1.806442
-0.619789
-1.467554
-0.619789
-1.521889
-1.207214
1.479567
-1.204260
-1.281151
-1.207214
-1.204260
-1.271350
-1.676120
1.559861
-1.652211
-1.389351
-1.806442
-1.204260
-0.292200
1.414717
-1.806442
-1.073938
-1.207214
-1.662012
0.959611
0.959991
-1.652211
-1.806442
-1.250540
-1.204260
1.351335
-1.271350
-1.599229
-1.271350
-1.457753
-0.577026
-1.531690
-1.204260
-1.314675
-1.742306
-1.281151
-1.457753
-1.151978
-1.662012
0.774728
0.607314
1.414717
-1.599229
1.142770
-1.281151
0.502252
0.998979
-1.467554
-1.411473
-1.207214
-1.588075
-0.619789
-1.521889
-0.415530
-1.271350
-1.204260
-0.950622
-1.204260
1.414717
1.545039
-1.207214
-1.662012
-1.207214
-1.444998
-1.204260
-1.014757
-1.806442
-1.207214
0.997626
0.959611
-1.457753
1.535093
-0.619789
-1.204260
-1.599229
-1.204260
-1.204260
-1.314675
-1.077541
-1.204260
-1.204260
-1.207214
-1.271350
1.167205
-1.207214
-1.611984
-1.444998
-1.457753
-1.662012
-1.390663
-1.521889
1.599229
-0.915914
-1.204260
-1.204260
-1.652211
-1.300568
-1.221971
1.597876
0.931025
-1.157835
-1.429539
0.895855
-1.207214
-1.170246
-1.300568
1.127210
-1.207214
-1.325336
1.599229
0.959611
-0.292200
-1.454799
-1.521889
-0.619789
-1.077541
-1.207214
-1.204260
-1.126920
-1.204260
-1.324477
-1.194459
-1.652211
-1.652211
-1.806442
-1.204260
1.259687
-1.742306
-1.207214
-1.207214
-1.806442
-1.521889
0.502067
-0.622743
-0.944354
-1.652211
1.742306
-1.467554
0.408785
-1.457753
-1.662012
1.232272
-1.204260
-1.314675
-1.521889
-1.652211
-1.457753
-1.652211
-1.652211
-1.588075
-1.300568
-1.454799
-1.444998
-1.337536
-1.204260
-1.531690
-0.619789
-1.806442
-1.157835
-1.207214
-0.228064
-1.457753
-1.207214
-1.457753
-1.271350
-1.414717
1.362594
-1.204260
-1.599229
0.749653
-1.454799
-1.662012
0.382072
1.623997
1.078041
-1.207214
-1.507781
-1.207214
-0.619789
-0.919707
-1.806442
-1.390663
-1.207214
1.479567
-1.204260
-1.207214
-1.611984
-1.611984
-0.855571
-1.204260
-1.271350
-1.507781
-1.207214
-1.454799
-1.260341
-1.411473
-1.652211
-1.207214
0.383758
1.545039
-0.884435
-1.204260
-1.806442
-1.157835
-0.619789
-1.204260
-1.652211
-1.652211
0.879976
1.351335
-1.652211
-1.507781
-1.652211
-0.956965
1.089933
-1.221971
-1.454799
-0.577026
-1.454799
-1.806442
-1.271350
-1.073938
-1.063074
-1.454799
1.144122
-1.662012
-0.499413
-1.676120
-1.250540
-1.126920
-1.742306
-1.207214
-1.533781
-1.207214
-1.411473
-1.676120
0.383758
-1.204260
-1.676120
1.742306
-1.457753
-1.457753
-1.806442
-1.271350
-1.204260
-1.207214
-1.533781
1.478853
-1.457753
-1.652211
-1.126920
-1.204260
-1.077541
1.142056
-1.204260
0.175192
-1.662012
-1.204260
-0.827002
1.454799
-1.062784
-1.207214
-0.619789
-0.415530
-1.204260
-1.204260
-1.348690
-1.207214
1.806442
0.175192
-1.207214
1.742306
0.193558
-1.806442
-1.250540
-1.411473
-1.117409
0.175192
0.661504
-1.204260
-1.457753
-1.207214
-1.588075
0.514080
-1.454799
1.232272
-1.221971
-1.039525
1.087842
-1.207214
1.806442
1.390663
-1.411473
-1.662012
-1.221971
-1.221971
-1.073938
0.394217
-1.207214
-1.390663
1.022061
-0.919707
0.973718
1.077242
-1.012013
-1.204260
0.617311
1.079986
-1.207214
-1.599229
0.505920
1.742306
-1.806442
-1.271350
0.607314
-1.652211
-1.064137
-1.337536
-1.324477
-1.611984
-1.806442
-1.652211
-1.126920
-1.207214
-1.207214
-0.137170
-1.521889
-1.207214
-1.599229
-1.662012
1.362594
-1.204260
-1.204260
1.742306
-1.207214
-1.207214
-1.204260
-1.204260
0.945503
0.502819
-1.457753
0.017061
1.623997
-1.204260
-1.806442
0.412724
-1.806442
-1.204260
-1.204260
-1.599229
-0.855571
-1.806442
-1.207214
-1.652211
-1.454799
-1.260341
-1.531690
-1.662012
-1.652211
-1.116057
-1.207214
1.112118
-1.652211
-1.204260
1.464745
-1.140124
-1.662012
0.581315
-1.379550
1.545039
1.142056
-1.806442
-1.806442
0.815181
1.127949
-1.457753
-0.292200
-1.806442
-0.632544
-1.076584
-1.377459
-1.204260
1.271640
-1.207214
-1.207214
-1.454799
-1.457753
1.089933
-1.454799
-1.662012
-0.292200
-1.806442
-1.411473
-1.401672
-1.073938
-0.619789
0.540835
-1.521889
-1.204260
-1.806442
-1.207214
-1.207214
0.687330
1.022061
1.742306
-1.271350
-1.742306
-1.521889
-1.555903
-1.260341
-1.073938
-1.073938
-1.742306
-1.599229
-1.559861
1.142770
-1.652211
0.623194
-1.652211
-1.207214
-1.806442
-1.207214
-0.619789
1.325215
-1.652211
-1.204260
-1.806442
-1.064137
0.318823
1.742306
-1.207214
-1.221971
-1.401672
-1.507781
-1.401672
-1.652211
-1.652211
-1.207214
-1.194459
-1.454799
-1.531690
-1.652211
-1.207214
-1.662012
-1.806442
-1.204260
-1.662012
-1.207214
-1.204260
-0.619789
-1.271350
-1.467554
-1.073938
-1.377459
-1.742306
0.518278
-1.457753
-1.062784
-1.000001
-1.597876
-0.827002
0.959991
-1.062784
-1.271350
-1.088905
-1.652211
-1.662012
1.362594
-1.806442
-1.444998
-0.838864
-1.154232
-1.588075
-1.126920
-1.662012
0.383758
0.958639
0.738290
-1.411473
0.815181
0.804581
-1.662012
-1.166453
-1.126920
-1.073938
-1.457753
-1.425581
-1.507781
-1.425581
-1.531690
-1.401672
0.464237
-1.073938
-1.652211
1.142770
-1.806442
-1.742306
1.182138
-1.249228
-1.454799
-1.806442
-1.204260
-1.204260
1.351335
-1.443645
-1.271350
-0.137969
-1.676120
-1.652211
-1.067740
-1.207214
-1.662012
-1.806442
1.414717
-1.806442
1.623997
-1.204260
-1.204260
-0.895104
-1.652211
-1.652211
-0.619789
-1.207214
-1.806442
1.118123
-1.611984
-1.411473
-1.507781
-1.271350
-0.019539
1.362594
-1.535093
-1.221971
-0.098861
-0.619789
-0.619789
-0.827002
-1.207214
-1.064137
-1.652211
-1.207214
0.398616
-1.221971
-1.204260
0.752398
1.272353
-1.652211
-1.454799
1.454799
-1.662012
-0.870328
-1.676120
0.193558
-1.314675
0.421773
0.959991
-1.361445
0.855207
-1.250540
-0.827565
-1.073938
-1.444998
-1.467554
-1.454799
-1.411473
1.362594
-1.806442
-1.457753
-1.204260
1.414717
-1.207214
-1.073938
-0.619789
-1.411473
-1.207214
-1.611984
-1.207214
-1.806442
-0.281600
-1.348690
