4444, 16591, 66801, 49670, 48390, 13778, 21032, 38550, 46980, 10495, 966, 17181, 11652
Feature count is 13
Criterion1 result is ObjectIndex = 105, Distance = -0.7122701209819200845629360622, Value = 0.5569100731803023537573336640
Boundary = -0.7078063882547766733523883875
-1.363550
1.267684
0.048011
0.320644
-0.417813
0.215099
-1.539094
-0.452608
-1.363550
0.116520
-1.363550
-1.539094
-1.181985
1.224466
-1.539094
1.222827
-1.443228
0.543880
-1.363550
-1.539094
-1.181985
-1.181985
-1.462321
-1.354622
-1.181985
-1.181985
-1.181985
0.483470
-1.539094
0.684790
-1.181985
-1.539094
-1.539094
0.141045
-1.539094
-0.023256
-1.539094
0.385894
-1.363550
0.906843
-0.789042
-1.366456
-0.868721
-1.181985
-1.539094
-1.366456
-1.539094
-1.539094
1.089073
0.636629
-0.964586
-1.354622
-1.539094
-1.181985
-1.181985
0.717843
-1.539094
-1.539094
-1.181985
-1.539094
-1.366456
-1.354622
0.993207
-1.443228
-1.258757
-1.179078
-1.462321
-0.639393
0.562687
-1.277850
-1.277850
-1.181985
-1.179078
0.690987
0.062444
-1.354622
-1.366456
-1.277850
-0.964586
0.916435
-1.181985
-1.354622
-1.181985
-1.181985
0.176559
-1.277850
-1.539094
-1.539094
-1.539094
-1.354622
-1.258757
-1.277850
-1.277850
0.161434
-0.122027
0.794834
-1.539094
0.621977
-1.181985
0.854123
0.505705
-1.366456
-1.539094
-1.181985
-1.539094
-0.712270
-1.443228
-0.508706
-1.366456
-1.539094
-1.354622
-0.964586
0.874512
0.776406
-1.181985
-1.539094
-1.277850
-1.258757
-1.539094
-1.363550
-1.277850
-1.181985
1.012300
0.402077
-1.181985
0.544098
-0.433515
-0.964586
-1.539094
-1.539094
-1.539094
-1.181985
-1.179078
-1.539094
-0.964586
-1.181985
-1.258757
0.717843
-1.181985
-1.258757
-1.539094
-1.181985
-1.539094
-1.539094
-1.277850
1.224466
-0.579016
-0.887814
-1.539094
-1.181985
-1.539094
-1.354622
1.070360
0.722492
-1.354622
-1.277850
0.743030
-1.277850
-1.277850
-1.539094
1.302506
-1.181985
-1.258757
0.544098
-0.263830
-0.789042
-1.539094
-1.539094
-0.780115
-1.363550
-1.181985
-0.964586
-1.462321
-0.789042
-1.539094
-1.539094
-1.443228
-1.443228
-1.258757
-1.539094
0.823905
-1.179078
-1.181985
-1.366456
-1.179078
-1.181985
0.136173
-1.181985
-1.181985
-1.539094
0.893605
-1.199249
0.070499
-1.181985
-1.539094
0.830071
-0.964586
-1.181985
-1.366456
-1.443228
-1.181985
-1.462321
-1.354622
-1.443228
-1.354622
-1.354622
-1.443228
-1.258757
-0.964586
-1.258757
-0.964586
-1.539094
-1.102306
-1.181985
0.020493
-1.181985
-1.181985
-1.181985
-1.181985
-1.181985
0.253331
-1.539094
-1.443228
0.193293
-1.539094
-1.443228
0.055476
1.089073
-0.465487
-1.181985
-1.443228
-1.181985
-0.463849
-1.443228
-1.354622
-1.363550
-1.181985
0.933699
-0.964586
-1.277850
-1.181985
-1.354622
-1.277850
-0.964586
-1.366456
-1.539094
-1.366456
-1.462321
-1.181985
-1.462321
-1.366456
-1.258757
0.227479
1.242998
-1.462321
-0.964586
-1.443228
-1.539094
-0.789042
-1.539094
-1.258757
-1.462321
0.193293
1.222827
-1.354622
-1.462321
-1.181985
-0.333000
-0.226466
-1.354622
-1.277850
0.037475
-1.539094
-1.363550
-1.181985
-1.539094
-1.181985
-1.539094
0.949989
-1.354622
-0.443961
-1.462321
-1.277850
-1.366456
-1.181985
-1.258757
-1.277850
-1.366456
-1.539094
-1.258757
-0.067318
-0.964586
-1.366456
0.762066
-1.462321
-1.277850
-1.258757
-1.181985
-1.539094
-1.181985
-1.539094
0.773307
-1.181985
-1.539094
-1.181985
-1.363550
-1.539094
0.595122
-0.964586
0.320644
-1.443228
-1.539094
-1.258757
1.089073
-1.181985
-1.181985
-0.964586
-0.598709
-0.964586
-1.354622
-1.462321
-1.277850
1.146055
-0.315661
-1.181985
1.302506
-0.789042
-1.539094
-1.277850
-1.539094
-1.181985
0.069909
0.583112
-1.539094
-1.258757
-1.181985
-1.181985
0.146682
-0.964586
0.906843
-1.363550
-1.354622
0.450344
-1.258757
0.973227
1.398371
-1.539094
-1.443228
-1.179078
-1.363550
-1.443228
0.818357
-1.258757
-1.363550
0.562687
-1.181985
0.837833
0.193293
-1.443228
-1.462321
0.026041
0.508035
-1.181985
-1.539094
0.081537
0.198679
-1.539094
-1.366456
-0.130600
-1.258757
-1.181985
-1.258757
-1.539094
-1.181985
-1.462321
-1.443228
-1.181985
-1.181985
-1.181985
-0.780115
-1.181985
-1.181985
-1.539094
-1.539094
0.529447
-1.539094
-0.964586
0.621286
-1.366456
-1.258757
-0.964586
-0.964586
0.074158
-0.242862
-1.181985
-0.317772
1.012300
-0.964586
-1.539094
0.137692
-1.179078
-0.964586
-0.964586
-1.539094
-1.181985
-1.443228
-1.181985
-1.366456
-1.539094
-1.277850
-1.258757
-0.964586
-1.539094
-1.181985
-1.181985
0.873159
-1.443228
-1.539094
1.166225
-1.462321
-1.539094
0.332376
-1.277850
0.685293
0.496350
-1.443228
-1.539094
0.680541
0.450344
-1.181985
-0.639393
-1.443228
-1.354622
-1.187844
-1.443228
-1.539094
0.936029
-1.181985
-1.181985
-1.539094
-1.181985
0.574951
-1.366456
-1.363550
-0.193225
-1.539094
-1.539094
-1.443228
-1.539094
-0.789042
0.209551
-1.277850
-0.964586
-1.539094
-1.181985
-1.258757
0.682964
0.444028
0.546210
-1.181985
-1.258757
-1.539094
-1.258757
-1.277850
-1.443228
-1.539094
-1.539094
-1.539094
-1.179078
0.344386
-1.258757
0.682964
-1.443228
-1.181985
-1.539094
-1.181985
-0.964586
0.993207
-1.181985
-1.462321
-1.539094
-1.181985
0.588160
1.398371
-1.258757
-1.462321
-1.181985
-1.539094
-1.462321
-1.539094
-0.632897
-1.443228
-1.277850
-1.258757
-1.277850
-1.363550
-1.181985
-1.539094
-1.277850
-1.539094
-1.258757
-1.181985
-1.539094
-0.789042
-1.462321
-1.354622
-1.277850
-1.462321
-1.354622
0.074189
-1.181985
-1.366456
-1.181985
-1.179078
-0.964586
0.742472
-1.366456
-1.277850
-1.181985
-1.539094
-1.539094
-0.078855
-1.539094
-1.539094
-0.595095
-1.462321
-1.179078
-1.258757
-1.181985
0.438007
1.400010
0.344976
-1.539094
0.074158
0.061364
-1.354622
-1.103887
-1.181985
-1.277850
-1.181985
-1.181985
-1.354622
-1.181985
-1.354622
-1.366456
0.458679
-1.539094
-1.539094
0.545706
-1.354622
-1.354622
0.777351
-1.354622
-1.462321
-1.354622
-1.539094
-1.539094
0.884621
-1.277850
-1.181985
-0.703343
-1.354622
-1.354622
-1.443228
-1.181985
-1.462321
-1.354622
0.052570
-1.179078
0.973731
-1.443228
-0.964586
-0.817369
-1.443228
-1.539094
-0.789042
-1.277850
-1.539094
0.722492
-1.354622
-1.539094
-1.539094
-1.181985
-0.423360
0.617933
-1.181985
-1.462321
-0.452608
-0.964586
-1.539094
-0.964586
-1.181985
-1.443228
-1.366456
-1.181985
0.052570
-1.179078
-1.539094
1.086650
0.837833
-1.539094
-1.462321
1.089073
-1.539094
-0.964586
-1.277850
0.020493
-1.181985
0.421159
0.543880
-1.354622
0.957441
-1.181985
-0.537032
-1.443228
-1.539094
-1.539094
-1.539094
-1.539094
0.541161
-1.354622
-1.443228
-1.539094
-0.002083
-1.258757
-1.277850
-0.964586
-1.539094
-1.181985
-1.181985
-1.258757
-1.539094
-0.500132
-1.462321
