10666, 99219, 72830, 6779, 108985, 37000, 21018, 4253, 99188, 109336, 73695, 17023, 18032, 78534, 38331
Feature count is 15
Criterion1 result is ObjectIndex = 583, Distance = -0.7798917286505441241828345009, Value = 0.5874589027530204000792236086
Boundary = -0.7636826713593329505281824257
-1.241644
0.957445
0.950824
0.499793
-0.616615
0.499793
-1.033917
-0.056809
-1.211516
1.137895
-1.305977
-1.026204
-1.006019
0.373436
-1.033917
0.760851
-1.504862
0.743454
-1.201722
-1.473783
-1.116784
-1.039719
-0.858399
-0.963249
-1.120775
-1.333065
-1.098636
-0.093347
-1.443655
0.499793
-1.006019
-0.801778
-0.531518
1.140334
-1.241644
-0.329359
-1.033917
1.214802
-1.060472
0.865613
-0.801778
-1.162969
-1.171594
-0.948978
-1.473783
-0.983098
-1.439663
-1.305977
1.034638
0.665625
-1.033917
-1.151745
-0.801778
-1.006019
-1.006019
1.065612
-1.262335
-1.197089
-0.930830
-0.890482
-1.120775
-1.029925
1.156353
-1.611460
-1.439663
-1.069847
-0.999798
-0.329719
0.876863
-1.271858
-0.609796
-0.838214
-1.241644
0.890845
0.710298
-1.305977
-1.379321
-1.098636
-1.033917
1.156353
-0.842996
-1.207524
-0.930830
-1.006019
0.039799
-1.301986
-0.939455
-1.611460
-1.473783
-0.999798
-1.059129
-1.059129
-1.305977
0.635903
0.064469
1.062642
-1.430140
0.617987
-0.930830
0.696167
0.865465
-1.321400
-1.033917
-1.087076
-1.100926
-0.801778
-1.504862
-0.826990
-1.028159
-1.215237
-1.060324
-1.033917
0.499793
1.048660
-1.238158
-1.305977
-1.207524
-1.134181
-1.171594
-1.241644
-1.305977
-1.006019
0.958081
1.153383
-1.098636
1.305233
-0.629981
-0.531518
-1.367184
-1.033917
-1.033917
-1.098636
-1.116784
-1.033917
-1.033917
-1.207524
-1.011887
0.726875
-1.006019
-1.151894
-1.439663
-1.114908
-0.892519
-1.288580
-0.930830
0.767611
-0.531518
-0.801778
-1.033917
-1.258492
-1.305977
-1.379321
0.953394
0.074731
-0.827138
-0.877958
0.099500
-1.039719
-1.043005
-1.215237
1.078194
-1.238158
-1.258492
0.956044
0.191417
-0.586291
-1.288580
-1.439663
-0.252044
-1.241644
-0.747474
-1.033917
-0.874209
-1.033917
-1.270433
-1.171594
-1.430140
-1.611460
-1.258492
-0.801778
0.540181
-1.207524
-0.838214
-0.890482
-1.069847
-1.151894
0.056657
-1.006019
-1.165727
-1.504862
0.865254
-1.090538
0.110148
-1.006019
-1.241644
0.594274
-1.171594
-1.039719
-1.611460
-1.323691
-0.838214
-1.443655
-1.439663
-1.209370
-1.124658
-1.124658
-1.443655
-1.120775
-1.033917
-0.907181
-1.033917
-1.473783
-1.207524
-1.270433
-0.414495
-1.098636
-1.114908
-1.006019
-1.007895
-1.262335
0.205971
-1.033917
-1.292612
0.328669
-1.339400
-1.473783
0.482079
1.339548
0.594274
-0.915279
-1.276444
-0.915279
-0.801778
-1.011887
-1.439663
-1.288580
-0.856362
1.065612
-0.801778
-0.915279
-1.262335
-0.839352
-1.039719
-1.033917
-1.120775
-1.473783
-0.856362
-1.473783
-1.032041
-1.033917
-1.443655
-1.120775
0.006768
1.414121
-1.118899
-1.033917
-1.215237
-1.207524
-0.801778
-1.215237
-1.367184
-1.069847
0.786747
0.695180
-1.134181
-1.301986
-1.120666
-0.745890
0.019408
-1.026353
-0.856362
-0.240886
-1.288580
-1.073838
-1.028159
-1.033917
-1.040820
-0.801778
0.833473
-1.207524
0.116864
-1.124658
-1.081164
-1.028159
-1.207524
-1.116784
-1.083628
-1.211516
-1.033917
-1.334766
-0.256652
-0.939455
-1.124658
1.305233
-1.151410
-1.059129
-1.207524
-0.947103
-1.033917
-1.114908
-0.399642
0.684705
-1.098636
-1.367184
-1.120775
-1.033917
-1.135045
0.616442
-1.033917
0.327996
-1.430140
-1.033917
-1.167603
1.065612
-0.747474
-1.118899
-1.033917
-0.642848
-1.033917
-1.033917
-1.069847
-1.098636
1.334766
-0.273946
-1.133436
1.321505
-0.327069
-1.379321
-1.211516
-1.033917
-1.352914
0.228454
0.205187
-1.033917
-1.395973
-1.039719
-0.984556
0.950389
-1.033917
0.865613
-1.439663
-1.430289
0.790424
-1.028159
1.031445
1.017222
-1.215237
-1.439663
-1.241644
-1.288580
-1.033917
-0.380749
-1.098636
-1.150903
0.393525
-1.102627
0.679050
0.677858
-1.430289
-1.215237
0.937537
1.093397
-1.195964
-1.124658
0.207899
1.048301
-1.241644
-0.781593
-0.237165
-1.305977
-1.120775
-1.207524
-1.334766
-1.120666
-1.151745
-1.504862
-1.151410
-0.840090
-1.207524
-0.801778
-1.114908
-1.439663
-1.241644
-1.124658
0.728411
-1.033917
-0.801778
1.047876
-1.195964
-1.006019
-0.801778
-1.033917
0.188767
-0.531518
-0.838214
0.056657
1.065612
-0.801778
-1.379321
0.099384
-1.016830
-1.033917
-1.033917
-1.305977
-0.948978
-1.262335
-1.024167
-1.305977
-1.124658
-1.098636
-1.351039
-1.124658
-1.241644
-1.333065
-1.088501
1.032018
-1.611460
-1.033917
1.147418
-0.983098
-1.241644
0.002607
-1.117747
1.414121
0.956044
-1.611460
-1.379321
0.697808
1.122186
-1.258492
-0.329719
-1.323542
-1.240034
-0.561534
-1.443655
-1.033917
0.787562
-1.177816
-0.838214
-1.124658
-1.098636
0.453285
-1.262335
-1.060324
0.373436
-1.430289
-0.983098
-1.069847
-1.183575
-0.801778
0.865613
-1.258492
-1.033917
-1.060472
-1.007895
-1.098636
0.206099
0.303357
0.777401
-0.838214
-1.412246
-1.430140
-0.856362
-0.609796
-1.171594
-1.258492
-1.069847
-1.060324
-1.333065
0.503613
-1.611460
0.803600
-1.611460
-1.006019
-1.272723
-1.098636
-1.033917
0.961611
-1.337524
-1.033917
-1.305977
-1.207524
0.067805
1.395973
-1.039719
-1.241644
-0.948978
-1.069847
-1.028159
-1.504862
-0.971383
-1.028159
-1.305977
-1.195388
-1.059129
-1.611460
-1.039719
-1.611460
-1.215237
-0.801778
-1.258343
-1.011887
-1.033917
-0.801778
-0.840090
-1.165260
-0.718685
-1.430140
-1.248969
0.549201
-1.006019
-1.288580
-1.010011
-1.207524
-0.438902
0.802914
-1.028159
-1.039719
-1.007895
-1.430140
-1.611460
0.400330
-1.383042
-1.473783
-0.359948
-0.655851
-0.963249
-1.120775
-1.430140
0.509167
0.981637
0.753380
-1.033917
-0.174403
0.207899
-1.100926
-0.622258
-0.702413
-0.902041
-1.006019
-1.102627
-1.439663
-0.952265
-1.025292
-1.120775
0.346298
-1.262335
-1.611460
0.950389
-1.379321
-1.439663
1.165727
-1.240449
-1.155737
-1.286705
-1.033917
-1.033917
1.104647
-1.439663
-1.211516
-0.478152
-1.347047
-1.473783
-1.272723
-1.006019
-0.109687
-1.060472
0.210740
-1.069847
0.863640
-1.430140
-1.033917
-0.971383
-1.033917
-1.135045
-0.801778
-1.149455
-1.073838
1.140334
-1.303357
-1.033917
-1.611460
-0.948978
-0.779892
1.319215
-1.520720
-1.008310
0.143757
-1.033917
-0.983098
-1.033917
-1.006019
-1.120775
-1.271858
-1.207524
-0.556878
-1.069847
-1.124658
0.956044
1.156353
-1.209370
-1.305977
1.337524
-1.262335
-1.033917
-1.258492
-0.157922
-1.134181
0.865613
-0.196608
-1.207524
0.279759
-1.270433
-0.862495
-1.033917
-1.473783
-1.150903
-1.241644
-1.033917
0.782581
-1.165876
-1.439663
-1.033917
0.680964
-1.011887
-0.702413
-1.033917
-1.033917
-1.207524
-1.347047
-1.011887
-1.033917
-0.445743
-1.215237
