16894, 78330, 31740, 133693, 8047, 137571
Feature count is 6
Criterion1 result is ObjectIndex = 633, Distance = -0.4904657025473972771774848172, Value = 0.5537200335162243940091996878
Boundary = -0.4510862941231133638688098715
-0.490466
0.171733
-0.067128
0.138679
0.059381
0.138679
-0.490466
-0.019378
-0.490466
0.217437
-0.490466
-0.640775
-0.640775
0.332409
-0.490466
0.067128
-0.640775
0.403960
-0.640775
-0.640775
-0.562017
-0.562017
-0.490466
-0.490466
-0.562017
-0.090929
-0.562017
0.138679
-0.640775
-0.011631
-0.562017
-0.490466
-0.490466
0.403960
-0.490466
-0.640775
-0.490466
-0.011631
-0.640775
-0.019378
-0.490466
-0.562017
-0.490466
-0.562017
-0.640775
-0.490466
-0.640775
-0.490466
0.171733
0.138679
-0.490466
-0.411707
-0.490466
-0.562017
-0.562017
-0.019378
-0.490466
-0.490466
-0.490466
-0.490466
-0.640775
-0.640775
0.013676
-0.490466
-0.490466
-0.640775
-0.490466
-0.019378
0.562017
-0.640775
-0.490466
-0.562017
-0.490466
0.562017
0.403960
-0.490466
-0.490466
-0.640775
-0.490466
-0.019378
-0.562017
-0.490466
-0.562017
-0.562017
0.011631
-0.640775
-0.490466
-0.640775
-0.640775
-0.490466
-0.562017
-0.169687
-0.640775
0.322042
0.011631
0.403960
-0.490466
-0.019378
-0.562017
-0.019378
-0.019378
-0.640775
-0.490466
-0.562017
-0.640775
-0.490466
-0.562017
-0.171733
-0.640775
-0.490466
-0.640775
-0.490466
0.138679
0.403960
-0.640775
-0.490466
-0.562017
-0.490466
-0.490466
-0.490466
-0.490466
-0.562017
-0.011631
0.378653
-0.562017
0.490466
-0.169687
-0.490466
-0.490466
-0.490466
-0.490466
-0.562017
-0.490466
-0.490466
-0.490466
-0.562017
-0.562017
-0.250491
-0.562017
-0.640775
-0.562017
-0.562017
-0.490466
-0.490466
-0.562017
0.332409
-0.490466
-0.490466
-0.490466
-0.640775
-0.490466
-0.640775
0.562017
-0.217437
-0.562017
-0.640775
0.482719
-0.562017
-0.640775
-0.490466
0.411707
-0.562017
-0.562017
0.490466
-0.332409
-0.411707
-0.490466
-0.640775
0.138679
-0.640775
-0.562017
-0.490466
-0.490466
-0.490466
-0.640775
-0.640775
-0.640775
-0.490466
-0.640775
-0.490466
0.482719
-0.640775
-0.562017
-0.490466
-0.490466
-0.562017
-0.332409
-0.562017
-0.562017
-0.640775
-0.011631
-0.562017
0.011631
-0.640775
-0.640775
0.138679
-0.490466
-0.640775
-0.640775
-0.640775
-0.411707
-0.640775
-0.640775
-0.640775
-0.490466
-0.640775
-0.640775
-0.562017
-0.490466
-0.640775
-0.490466
-0.640775
-0.640775
-0.640775
-0.019378
-0.562017
-0.562017
-0.562017
-0.562017
-0.640775
0.253650
-0.490466
-0.640775
0.011631
-0.490466
-0.490466
0.220596
0.490466
-0.019378
-0.562017
-0.411707
-0.562017
-0.307102
-0.490466
-0.640775
-0.490466
-0.562017
-0.019378
-0.490466
-0.562017
-0.640775
-0.562017
-0.411707
-0.490466
-0.490466
-0.562017
-0.411707
-0.640775
-0.640775
-0.490466
-0.640775
-0.490466
-0.092435
0.482719
-0.490466
-0.490466
-0.640775
-0.640775
-0.490466
-0.490466
-0.562017
-0.640775
0.011631
0.482719
-0.490466
-0.640775
-0.640775
-0.171733
0.403960
-0.562017
-0.490466
0.011631
-0.490466
-0.490466
-0.490466
-0.490466
-0.562017
-0.490466
0.332409
-0.640775
-0.019378
-0.490466
-0.640775
-0.411707
-0.562017
-0.562017
-0.490466
-0.562017
-0.490466
-0.640775
-0.250491
-0.490466
-0.640775
0.640775
-0.490466
-0.640775
-0.490466
-0.562017
-0.490466
-0.562017
-0.019378
0.562017
-0.562017
-0.640775
-0.562017
-0.490466
-0.490466
0.217437
-0.490466
0.138679
-0.490466
-0.490466
-0.490466
0.092435
-0.411707
-0.411707
-0.490466
-0.228343
-0.490466
-0.490466
-0.490466
-0.562017
0.067128
-0.019378
-0.090929
0.640775
-0.490466
-0.640775
-0.640775
-0.490466
-0.640775
0.138679
0.149046
-0.490466
-0.640775
-0.562017
-0.640775
0.070287
-0.490466
-0.019378
-0.640775
-0.562017
0.378653
-0.562017
0.403960
0.228343
-0.490466
-0.640775
-0.640775
-0.640775
-0.490466
0.253650
-0.562017
-0.640775
0.220596
-0.562017
0.378653
0.011631
-0.562017
-0.490466
-0.019378
0.138679
-0.562017
-0.490466
-0.019378
0.138679
-0.490466
-0.490466
0.011631
-0.640775
-0.490466
-0.562017
-0.640775
-0.490466
-0.640775
-0.562017
-0.562017
-0.490466
-0.562017
0.138679
-0.562017
-0.562017
-0.490466
-0.490466
0.011631
-0.490466
-0.490466
0.640775
-0.562017
-0.562017
-0.490466
-0.490466
0.138679
-0.250491
-0.640775
-0.013676
0.138679
-0.490466
-0.640775
-0.250491
-0.490466
-0.490466
-0.490466
-0.490466
-0.490466
-0.490466
-0.562017
-0.640775
-0.640775
-0.640775
-0.640775
-0.640775
-0.640775
-0.562017
-0.562017
0.163986
-0.640775
-0.490466
0.138679
-0.490466
-0.490466
-0.250491
-0.490466
0.640775
0.482719
-0.640775
-0.640775
0.138679
0.138679
-0.562017
-0.019378
-0.640775
-0.640775
-0.019378
-0.640775
-0.490466
0.228343
-0.562017
-0.562017
-0.640775
-0.640775
0.400801
-0.640775
-0.640775
-0.019378
-0.640775
-0.490466
-0.640775
-0.490466
-0.490466
-0.019378
-0.640775
-0.490466
-0.490466
-0.562017
-0.562017
0.332409
0.220596
0.482719
-0.562017
-0.640775
-0.640775
-0.490466
-0.411707
-0.640775
-0.562017
-0.640775
-0.490466
-0.562017
0.378653
-0.411707
0.482719
-0.490466
-0.562017
-0.640775
-0.640775
-0.490466
0.228343
-0.640775
-0.490466
-0.490466
-0.562017
-0.138679
0.332409
-0.562017
-0.490466
-0.490466
-0.640775
-0.490466
-0.640775
-0.490466
-0.490466
-0.640775
-0.640775
-0.640775
-0.640775
-0.562017
-0.640775
-0.490466
-0.490466
-0.640775
-0.562017
-0.490466
-0.490466
-0.562017
-0.640775
-0.411707
-0.640775
-0.640775
0.299355
-0.562017
-0.411707
-0.562017
-0.640775
-0.490466
0.253650
-0.490466
-0.640775
-0.562017
-0.640775
-0.640775
0.242745
-0.490466
-0.640775
-0.019378
-0.169687
-0.640775
-0.562017
-0.562017
-0.250491
0.322042
0.332409
-0.490466
0.138679
0.059381
-0.640775
-0.019378
-0.411707
-0.411707
-0.640775
-0.490466
-0.562017
-0.640775
-0.640775
-0.490466
-0.322042
-0.490466
-0.640775
0.138679
-0.640775
-0.640775
-0.019378
-0.640775
-0.490466
-0.490466
-0.490466
-0.490466
0.011631
-0.640775
-0.411707
-0.019378
-0.640775
-0.640775
-0.640775
-0.562017
-0.490466
-0.490466
0.299355
-0.640775
0.403960
-0.490466
-0.490466
-0.400801
-0.490466
-0.640775
-0.490466
-0.640775
-0.490466
0.490466
-0.640775
-0.490466
-0.562017
-0.562017
0.217437
0.562017
-0.490466
-0.640775
-0.019378
-0.490466
-0.490466
-0.490466
-0.562017
-0.562017
-0.640775
-0.562017
-0.400801
-0.640775
-0.490466
0.640775
0.171733
-0.640775
-0.640775
0.220596
-0.640775
-0.490466
-0.640775
-0.019378
-0.640775
-0.019378
0.332409
-0.562017
0.482719
-0.640775
-0.217437
-0.411707
-0.490466
-0.490466
-0.490466
-0.490466
0.322042
-0.640775
-0.640775
-0.490466
0.378653
-0.562017
-0.490466
-0.490466
-0.490466
-0.562017
-0.090929
-0.562017
-0.640775
-0.490466
-0.490466
