21005, 71042, 10700, 9545, 38519, 83072, 49870, 49833, 24264, 31813, 20764, 72796, 108776, 16933, 3377, 99153, 49637, 32047
Feature count is 18
Criterion1 result is ObjectIndex = 433, Distance = -0.8893421077189109822365324294, Value = 0.5852280611880404876782313388
Boundary = -0.8723229864110808673344027354
-1.369171
0.940921
0.871400
-0.599716
-0.314679
0.447091
-1.660029
-1.105756
-1.704041
0.012328
-1.369171
-1.847757
-1.476965
1.418419
-0.931696
1.017313
-1.704041
1.034373
-1.463297
-1.900773
-1.333890
-1.400573
-1.172440
-1.369171
-1.400573
-1.824381
-1.463289
-0.666400
-1.900773
1.184326
-1.235355
-1.252607
-1.463297
0.941268
-1.369171
-0.567914
-1.660029
1.135780
-1.369171
0.287898
-0.931696
-1.400573
-1.410281
-1.333890
-1.673697
-1.333890
-1.847757
-1.847757
1.048135
0.842817
-1.463297
-1.900773
-0.931696
-1.673697
-1.476965
0.598121
-1.516022
-1.651025
-1.453589
-1.396323
-1.410281
-1.726713
0.008219
-1.900773
-1.900773
-1.369171
-1.463297
-0.855304
0.685767
-1.900773
-1.462566
-1.400573
-1.900773
0.779059
0.477883
-1.568793
-1.900773
-1.478951
-1.463297
0.712601
-1.400573
-1.369171
-1.453589
-1.400573
-0.810428
-1.847757
-1.463297
-1.568793
-1.407714
-1.530621
-1.474094
-1.218506
-1.492910
-0.081880
0.637626
0.899530
-1.900773
0.753415
-1.175483
0.891810
0.392335
-1.900773
-1.463297
-1.453589
-1.900773
-0.931696
-1.651025
-0.374991
-1.410281
-1.252607
-1.726713
-1.463297
0.888290
0.431492
-1.439894
-1.704041
-1.529981
-1.847757
-1.463297
-1.369171
-1.726713
-1.400573
0.120421
0.065344
-1.425935
1.417312
-0.575860
-1.410281
-1.847757
-1.266275
-1.463297
-1.575491
-1.369171
-1.463297
-1.463297
-1.400573
-1.463297
0.941741
-1.386897
-1.175672
-1.524142
-1.627649
-1.900773
-1.369171
-1.499099
1.207729
-1.475879
-1.199591
-1.463297
-1.628123
-1.704041
-1.900773
1.198635
0.663280
-1.369171
-0.692916
0.586888
-1.400573
-1.529443
-1.900773
1.213571
-1.462566
-1.538824
1.530237
0.287153
-0.687809
-1.369171
-1.900773
-0.031298
-1.172440
-1.386905
-1.463297
-1.162520
-1.463297
-1.704041
-1.673697
-1.476581
-1.900773
-1.900773
-1.463297
1.169320
-1.704041
-1.400573
-1.417696
-1.369171
-1.637349
-0.434498
-1.378759
-1.529981
-1.673313
0.281873
-1.802567
0.910750
-1.673697
-1.900773
0.386002
-1.463297
-1.251875
-1.401298
-1.900773
-1.363943
-1.372062
-1.651025
-1.900773
-1.704041
-1.704041
-1.900773
-1.463297
-0.931696
-1.900773
-1.463297
-1.726713
-1.369171
-1.400573
-0.552484
-1.529981
-1.302367
-1.485808
-1.476965
-1.568793
0.810502
-1.463297
-1.900773
0.984562
-1.900773
-1.704041
0.122457
0.912162
0.122680
-1.400573
-1.704041
-1.400573
-0.818771
-1.386905
-1.900773
-1.369171
-1.333890
0.598505
-1.252607
-1.410273
-1.900773
-0.507846
-1.189442
-1.463297
-1.333890
-1.900773
-1.302367
-1.900773
-1.900773
-1.660029
-1.900773
-1.410281
-0.196738
1.530237
-1.425935
-1.463297
-1.515777
-1.369171
-0.931696
-1.660029
-1.704041
-1.900773
0.984562
1.221688
-1.690083
-1.900773
-1.900773
-1.301435
0.810502
-1.847757
-1.425935
-0.565296
-1.900773
-1.172440
-1.333890
-1.529981
-1.627649
-1.637358
1.494811
-1.900773
-0.298755
-1.824381
-1.900773
-1.476965
-1.847757
-1.386905
-0.805841
-1.476965
-1.463297
-1.650321
-0.196738
-1.463297
-1.802567
1.319547
-1.726713
-1.568793
-1.749551
-1.378759
-1.463297
-1.355383
-0.355138
0.758593
-1.847757
-1.651025
-1.333890
-1.128427
-1.172440
0.186772
-1.463297
-0.599716
-1.704041
-1.463297
-1.726713
1.290245
-1.333890
-1.476965
-1.252607
-0.127603
-0.931696
-1.463297
-1.726713
-1.529981
0.985893
-0.434498
-1.462760
1.401862
-0.855304
-1.847757
-1.636626
-1.463297
-1.704681
-0.998380
-0.491254
-1.463297
-1.476450
-1.476965
-1.316712
0.690233
-0.895066
0.287898
-1.900773
-1.369171
0.857638
-1.410281
1.448801
1.472177
-1.463297
-1.682539
-1.369171
-1.900773
-1.453589
0.865852
-1.400573
-1.369171
0.025880
-1.453589
0.688839
0.984562
-1.802567
-1.199591
-0.679614
0.491710
-1.410281
-1.704041
-0.228409
0.048427
-1.172440
-1.417696
0.863518
-1.900773
-1.333890
-1.364763
-1.726713
-1.568793
-1.568793
-1.847757
-1.333890
-1.386905
-1.311747
-0.031298
-1.734832
-1.302367
-1.369171
-1.704041
1.221688
-1.463297
-0.931696
1.252092
-1.463297
-1.400573
-1.410281
-1.463297
-0.086206
-0.110189
-1.447750
-0.491653
0.639512
-0.931696
-1.900773
0.013952
-1.369171
-1.463297
-1.252607
-1.516022
-1.318850
-1.900773
-1.355383
-1.900773
-1.900773
-1.636626
-1.394195
-1.493351
-1.704041
-1.394195
-1.333890
0.109413
-1.900773
-1.516022
0.530008
-1.199150
-1.529981
-0.164233
-1.100756
1.377993
1.154329
-1.704041
-1.900773
-0.599716
0.499632
-1.726175
-0.687809
-1.900773
-1.463297
-0.889342
-1.771365
-1.266275
1.022426
-0.978752
-1.476965
-1.900773
-1.689642
0.385359
-1.900773
-1.900773
-1.172440
-1.900773
-1.463297
-1.726713
-1.529981
-0.931696
-0.434498
-1.394195
-1.463297
-1.900773
-1.529981
-1.400573
0.995260
0.063266
0.871947
-1.400573
-1.369171
-1.847757
-1.847757
-0.965084
-1.529981
-1.651025
-1.704041
-1.900773
-1.369171
0.112709
-1.900773
0.268274
-1.900773
-1.425935
-1.900773
-1.529981
-0.931696
0.615813
-1.568793
-1.529981
-1.651025
-1.575491
0.783620
1.596921
-1.453589
-1.369171
-1.410281
-1.900773
-1.395882
-1.900773
-1.081026
-1.410281
-1.568793
-1.210983
-1.802567
-1.900773
-1.529981
-1.847757
-1.900773
-0.931696
-1.497470
-1.410281
-1.463297
-0.931696
-1.476965
-1.529597
-0.988460
-1.900773
-1.538824
1.462760
-1.749551
-1.235683
-1.453589
-1.172440
-0.780474
1.032784
-1.333890
-1.400573
-1.288371
-1.900773
-1.476581
0.186772
-1.900773
-1.605858
-1.019184
-0.463201
-1.900773
-1.386905
-1.605835
-0.491653
0.222940
1.288699
-1.529981
-0.389026
-0.287188
-1.582158
-1.303195
-1.364040
-1.175483
-1.636626
-1.650321
-1.802567
-1.628507
-1.824381
-1.410281
0.222114
-1.453589
-1.900773
0.031577
-1.900773
-1.900773
0.649726
-1.560234
-1.704041
-1.369171
-1.660029
-1.463297
1.143666
-1.568793
-1.400573
-0.567810
-1.900773
-1.900773
-1.900773
-1.453589
-1.084380
-1.900773
0.114107
-1.369171
1.017660
-1.463006
-1.319291
-0.960555
-1.900773
-1.651025
-0.931696
-1.628507
-1.172440
1.158200
-1.492401
-1.660029
-1.900773
-1.463297
0.320413
1.186899
-1.802567
-1.369171
0.143146
-1.463297
-1.660029
-1.463297
-1.235355
-1.410281
-1.597953
-1.364040
0.389685
-1.369171
-1.726713
0.958417
0.600488
-1.900773
-1.900773
0.978199
-1.637067
-1.704041
-1.735555
-0.477118
-1.900773
0.547902
0.607930
-1.529981
1.418419
-1.651025
-1.226154
-1.386905
-1.847757
-1.369171
-1.847757
-1.463297
1.031140
-1.900773
-1.847757
-1.463297
0.380407
-1.476965
-1.086666
-1.463297
-1.463297
-1.453589
-1.333592
-1.386905
-1.637358
-0.931696
-1.516022
