51233, 3391, 72763, 16553, 109085, 35471, 108819, 133648
Feature count is 8
Criterion1 result is ObjectIndex = 518, Distance = -0.6169753126172349974943441050, Value = 0.5272756429803178121273687946
Boundary = -0.5922159779200326878842994533
-0.655602
0.508242
0.299906
0.255029
-0.681250
0.147052
-0.681250
-0.247292
-0.769395
0.261280
-0.769395
-0.769395
-0.616975
0.286906
-0.681250
0.488845
-0.769395
0.415037
-0.681250
-0.769395
-0.681250
-0.769395
-0.769395
-0.769395
-0.681250
-0.681250
-0.769395
-0.183017
-0.769395
0.033259
-0.616975
-0.681250
-0.681250
0.014464
-0.769395
-0.681250
-0.681250
0.508242
-0.769395
-0.065136
-0.681250
-0.769395
-0.681250
-0.681250
-0.681250
-0.681250
-0.769395
-0.681250
0.522579
0.070196
-0.681250
-0.769395
-0.681250
-0.769395
-0.769395
0.282014
-0.769395
-0.769395
-0.681250
-0.681250
-0.681250
-0.681250
0.242029
-0.769395
-0.769395
-0.769395
-0.681250
-0.681250
0.413700
-0.769395
-0.769395
-0.769395
-0.769395
0.413700
0.375051
-0.769395
-0.769395
-0.769395
-0.681250
0.370159
-0.681250
-0.769395
-0.769395
-0.769395
0.235632
-0.769395
-0.681250
-0.769395
-0.769395
-0.681250
-0.769395
-0.681250
-0.681250
-0.094872
-0.286472
0.408808
-0.769395
0.153884
-0.769395
0.349425
0.216403
-0.769395
-0.681250
-0.681250
-0.769395
-0.681250
-0.769395
-0.419494
-0.681250
-0.681250
-0.769395
-0.681250
0.522579
0.681250
-0.641264
-0.769395
-0.681250
-0.769395
-0.681250
-0.655602
-0.681250
-0.681250
0.368822
0.216403
-0.769395
0.541831
-0.541831
-0.681250
-0.769395
-0.681250
-0.681250
-0.769395
-0.655602
-0.681250
-0.681250
-0.769395
-0.681250
0.306303
-0.616975
-0.769395
-0.769395
-0.769395
-0.769395
-0.769395
-0.769395
0.553119
-0.331349
-0.681250
-0.681250
-0.769395
-0.769395
-0.655602
0.261280
0.275618
-0.655602
-0.616975
0.415037
-0.681250
-0.769395
-0.769395
0.286472
-0.769395
-0.769395
0.408808
0.102609
-0.681250
-0.769395
-0.769395
-0.567457
-0.769395
-0.681250
-0.681250
-0.681250
-0.681250
-0.769395
-0.681250
-0.769395
-0.769395
-0.769395
-0.681250
0.275618
-0.769395
-0.769395
-0.681250
-0.769395
-0.616975
-0.094872
-0.769395
-0.681250
-0.769395
0.255029
-0.681250
0.235632
-0.769395
-0.769395
0.018921
-0.681250
-0.769395
-0.769395
-0.769395
-0.769395
-0.769395
-0.769395
-0.655602
-0.681250
-0.769395
-0.769395
-0.681250
-0.681250
-0.769395
-0.681250
-0.769395
-0.769395
-0.681250
-0.541831
-0.769395
-0.769395
-0.641264
-0.681250
-0.769395
0.286906
-0.681250
-0.769395
-0.018921
-0.769395
-0.769395
0.147052
0.434434
0.018921
-0.553119
-0.769395
-0.769395
-0.541831
-0.681250
-0.655602
-0.769395
-0.553119
0.153884
-0.681250
-0.553119
-0.769395
-0.769395
-0.681250
-0.681250
-0.681250
-0.641264
-0.681250
-0.769395
-0.769395
-0.681250
-0.769395
-0.681250
-0.681250
0.541831
-0.769395
-0.681250
-0.681250
-0.769395
-0.681250
-0.681250
-0.769395
-0.769395
0.415037
0.286906
-0.769395
-0.769395
-0.769395
0.014464
0.147487
-0.655602
-0.681250
-0.198327
-0.769395
-0.769395
-0.681250
-0.681250
-0.681250
-0.681250
0.286906
-0.769395
-0.769395
-0.681250
-0.769395
-0.681250
-0.769395
-0.553119
-0.769395
-0.681250
-0.681250
-0.769395
-0.681250
-0.681250
-0.769395
0.191930
-0.769395
-0.769395
-0.769395
-0.769395
-0.681250
-0.641264
-0.629976
0.428037
-0.769395
-0.769395
-0.681250
-0.681250
-0.769395
0.261280
-0.681250
0.255029
-0.769395
-0.681250
-0.681250
0.306303
-0.681250
-0.681250
-0.681250
0.153884
-0.681250
-0.681250
-0.769395
-0.769395
0.177570
-0.094872
-0.681250
0.295015
-0.681250
-0.769395
-0.769395
-0.681250
-0.681250
-0.133498
0.282014
-0.681250
-0.769395
-0.769395
-0.641264
0.044547
-0.681250
-0.065136
-0.655602
-0.769395
0.172678
-0.681250
0.147487
0.191930
-0.681250
-0.769395
-0.655602
-0.769395
-0.769395
0.275618
-0.769395
-0.769395
0.286472
-0.769395
-0.247292
-0.018921
-0.769395
-0.681250
-0.528830
0.044547
-0.681250
-0.769395
-0.331349
-0.183017
-0.769395
-0.681250
-0.158341
-0.769395
-0.681250
-0.681250
-0.641264
-0.769395
-0.769395
-0.769395
-0.681250
-0.681250
-0.681250
-0.681250
-0.769395
-0.641264
-0.769395
-0.769395
0.415037
-0.681250
-0.681250
0.275618
-0.681250
-0.769395
-0.681250
-0.681250
-0.065136
-0.331349
-0.769395
-0.198327
0.282014
-0.681250
-0.655602
-0.681250
-0.769395
-0.681250
-0.681250
-0.681250
-0.769395
-0.769395
-0.769395
-0.769395
-0.681250
-0.769395
-0.769395
-0.681250
-0.769395
-0.769395
-0.681250
0.147052
-0.769395
-0.681250
0.261280
-0.681250
-0.769395
-0.629976
-0.769395
0.275618
0.400700
-0.769395
-0.769395
-0.133498
0.018921
-0.769395
-0.331349
-0.769395
-0.681250
-0.629976
-0.769395
-0.681250
0.147052
-0.769395
-0.769395
-0.681250
-0.616975
0.400700
-0.681250
-0.769395
-0.769395
-0.769395
-0.681250
-0.769395
-0.769395
-0.681250
0.018921
-0.769395
-0.681250
-0.769395
-0.769395
-0.769395
0.275618
0.088621
0.261280
-0.769395
-0.655602
-0.769395
-0.681250
-0.681250
-0.681250
-0.681250
-0.769395
-0.769395
-0.655602
0.261280
-0.769395
0.286906
-0.769395
-0.769395
-0.769395
-0.641264
-0.681250
-0.183017
-0.769395
-0.681250
-0.769395
-0.769395
0.147487
0.508242
-0.769395
-0.769395
-0.681250
-0.769395
-0.681250
-0.769395
0.014464
-0.681250
-0.681250
-0.769395
-0.769395
-0.655602
-0.769395
-0.769395
-0.769395
-0.681250
-0.769395
-0.553119
-0.681250
-0.681250
-0.769395
-0.769395
-0.681250
-0.769395
-0.769395
-0.020259
-0.769395
-0.681250
-0.769395
-0.769395
-0.681250
0.370159
-0.681250
-0.681250
-0.616975
-0.769395
-0.769395
0.349425
-0.769395
-0.769395
-0.280075
-0.769395
-0.655602
-0.681250
-0.769395
-0.553119
0.370159
0.428037
-0.681250
0.216403
-0.058907
-0.655602
-0.419494
-0.681250
-0.769395
-0.769395
-0.769395
-0.769395
-0.769395
-0.769395
-0.681250
-0.151944
-0.769395
-0.655602
-0.247292
-0.655602
-0.769395
0.242029
-0.641264
-0.769395
-0.769395
-0.681250
-0.681250
0.147487
-0.655602
-0.769395
-0.335436
-0.769395
-0.769395
-0.769395
-0.769395
-0.541831
-0.769395
0.033259
-0.655602
0.014464
-0.769395
-0.769395
0.014464
-0.769395
-0.655602
-0.681250
-0.641264
-0.769395
0.153884
-0.769395
-0.681250
-0.641264
-0.681250
-0.198327
0.267677
-0.681250
-0.769395
-0.541831
-0.681250
-0.681250
-0.681250
-0.769395
-0.681250
-0.681250
-0.769395
-0.477556
-0.655602
-0.681250
0.400700
0.370159
-0.769395
-0.769395
0.636372
-0.681250
-0.681250
-0.655602
-0.331349
-0.769395
0.286472
0.415037
-0.769395
0.415037
-0.769395
-0.419494
-0.681250
-0.769395
-0.769395
-0.769395
-0.681250
0.102609
-0.769395
-0.769395
-0.681250
0.033259
-0.769395
-0.681250
-0.681250
-0.681250
-0.641264
-0.769395
-0.681250
-0.681250
-0.247292
-0.681250
