35, 31, 42, 15, 46, 19, 22, 11, 4, 10, 40, 26, 18
Feature count is 13
Criterion1 result is ObjectIndex = 82, Distance = 0.0181637651182365640454420167, Value = 0.3975498372790418173731657089
0.134982
0.106726
0.050114
-0.005629
0.181835
0.269171
0.299920
0.015094
0.000683
0.147651
0.073509
0.024908
0.264409
0.007536
0.023111
-0.097626
0.016428
0.128114
-0.121497
-0.108415
-0.031292
-0.159554
0.005081
-0.025607
-0.117776
-0.068344
-0.041014
-0.085423
0.252654
0.090209
0.267006
-0.213124
0.026243
0.219437
-0.189236
-0.200102
-0.121497
-0.016788
-0.291986
-0.052361
-0.286132
-0.068611
-0.021870
0.270026
-0.297888
-0.155681
-0.230790
-0.286402
-0.173347
-0.230790
-0.257535
0.074634
-0.036326
-0.161592
0.034095
-0.030369
-0.230790
-0.235552
0.026243
-0.261606
-0.075038
0.269171
0.056992
-0.023348
0.101964
-0.083886
0.229101
-0.057532
0.099003
0.334104
-0.090773
-0.234285
0.090209
-0.206641
-0.050972
0.261472
-0.096660
-0.155681
0.114737
0.068747
0.137190
-0.100976
0.018164
0.157241
0.087362
-0.074231
-0.213124
0.181835
0.071706
0.304210
-0.115964
-0.263704
0.024078
-0.008794
-0.145082
-0.040855
0.056137
0.029404
-0.071294
-0.169308
0.064148
-0.032534
-0.088648
-0.228689
-0.037118
-0.123663
-0.036326
-0.206261
-0.286132
-0.158701
-0.050468
-0.138392
0.146429
-0.206127
-0.120726
-0.146091
-0.016788
-0.246038
-0.134293
0.011273
-0.055432
-0.101258
0.155464
-0.147471
-0.241471
0.219446
-0.225581
-0.130541
-0.145082
0.031905
-0.184859
-0.136468
-0.163757
-0.036287
0.100807
-0.196606
-0.146091
-0.130541
-0.102210
-0.022556
-0.246038
-0.044624
0.029013
-0.008166
-0.219035
-0.093730
0.066918
-0.213826
-0.058521
