37, 27, 6
Feature count is 3
Criterion1 result is ObjectIndex = 144, Distance = 0.0565498065444086675222333235, Value = 0.2786392549759941473098872961
0.056550
-0.040601
-0.056550
0.040601
0.062022
0.077971
-0.040601
-0.062022
0.062022
-0.040601
-0.040601
0.077971
0.077971
0.077971
-0.040601
0.062022
0.062022
0.077971
0.077971
0.062022
0.062022
0.062022
0.040601
0.062022
-0.056550
0.077971
0.062022
-0.056550
-0.040601
-0.056550
0.077971
-0.040601
-0.040601
0.077971
-0.077971
-0.077971
0.077971
0.040601
-0.040601
-0.056550
-0.077971
-0.040601
0.062022
-0.056550
-0.062022
-0.040601
0.077971
-0.040601
-0.077971
0.062022
0.062022
-0.040601
0.040601
0.062022
-0.040601
-0.040601
-0.040601
0.056550
-0.062022
0.056550
-0.062022
0.056550
0.077971
0.077971
-0.040601
-0.062022
0.077971
0.062022
-0.056550
0.077971
-0.056550
-0.077971
0.077971
-0.056550
0.077971
0.077971
0.062022
0.077971
0.077971
-0.040601
0.077971
-0.077971
0.040601
0.077971
-0.056550
-0.077971
0.077971
-0.040601
-0.040601
-0.056550
-0.056550
0.062022
0.077971
0.077971
0.040601
0.056550
-0.040601
0.077971
0.077971
-0.062022
0.077971
-0.040601
-0.056550
-0.040601
-0.040601
-0.056550
0.077971
-0.040601
0.056550
-0.062022
-0.062022
-0.056550
0.077971
-0.040601
0.077971
-0.040601
-0.040601
-0.040601
-0.040601
-0.062022
0.077971
-0.040601
-0.062022
-0.040601
-0.056550
0.077971
-0.040601
0.077971
-0.040601
-0.040601
-0.040601
0.056550
-0.056550
-0.056550
0.077971
-0.077971
0.077971
-0.040601
-0.077971
-0.056550
-0.040601
-0.056550
0.077971
-0.040601
0.056550
-0.040601
-0.040601
-0.056550
-0.040601
