Stability: 13.531040268456375838926174497
Active features: 0, 1, 2
Noisy objects (22): 11, 22, 28, 37, 45, 46, 48, 49, 53, 62, 65, 83, 95, 96, 101, 104, 105, 107, 116, 132, 136, 146
Standart objects (8): 3, 43, 57, 89, 97, 109, 124, 139
{109, 0.6342203132194049183174242204M}
{139, 0.7125770919591434257610159854M}
{57, 0.7681496193007024503681519450M}
{3, 0.3281813320683775956803045176M}
{97, 0.7687429123370063528113913452M}
{89, 0.1844014171193613151886422094M}
{43, 0.1600740681499851007405380808M}
{124, 0.1148610752079690440667275678M}
Groups (5): {0, 1, 2, 3, 97, 54, 122, 55, 58, 64, 112, 42, 92, 80, 143, 72, 4, 52, 5, 100, 102, 30, 125, 12, 33, 14, 61, 36, 66, 67, 69, 75}
{24, 25, 120, 144, 26, 98, 145, 27, 123, 8, 15, 57, 16, 106, 108, 59, 127, 18, 13, 109, 60, 128, 19, 110, 20, 23, 63, 111, 130, 21, 39, 131, 41, 114, 74, 90, 91, 70, 76, 137, 118, 93, 138, 94, 141, 81, 142, 85, 86, 50, 51, 121, 99, 147, 7, 29, 148, 56, 103, 9, 31, 10, 32, 126, 17, 34, 129, 35, 40, 38, 113, 133, 73, 68, 134, 115, 135, 117, 44, 71, 47, 77, 119, 78, 139, 79, 140, 82, 84, 88}
{6, 89}
{124}
{43, 87}
