13, 47, 39, 1, 41, 44, 21, 43, 2, 14, 38, 17, 32, 7, 45, 16, 0, 33, 23, 36, 8, 24, 5, 20, 25, 29, 34, 28, 9, 3, 12
Feature count is 31
Criterion1 result is ObjectIndex = 107, Distance = 0.0141261386881198885455465509, Value = 0.5778493195515072278063564969
0.311396
0.334623
0.212243
0.167012
0.170616
0.464773
-0.103806
-0.458093
-0.400708
-0.195306
-0.219525
-0.105333
0.305525
-0.293538
0.039382
-0.259901
-0.427723
-0.306232
-0.325064
-0.141060
-0.555850
-0.481031
-0.118176
-0.630105
-0.549066
-0.341255
-0.333967
-0.561358
-0.106126
-0.479060
0.636008
-0.119642
-0.359541
0.549597
-0.370566
-0.525487
0.152464
-0.466953
-0.486074
-0.294662
-0.185200
-0.275954
0.181275
0.010425
-0.362040
-0.191023
-0.304055
-0.296380
-0.167194
-0.342392
-0.076635
-0.301402
-0.087460
-0.160224
0.061795
0.138436
-0.463006
-0.640435
0.403730
-0.547002
-0.392148
0.318440
-0.129135
-0.169793
0.112934
0.247137
0.537157
0.233885
-0.325166
0.536433
-0.437234
-0.313773
0.010028
-0.366145
-0.139178
0.538546
-0.424998
0.004883
-0.287230
-0.085534
0.286234
-0.469184
-0.316612
0.183097
-0.461080
-0.577547
-0.638012
0.048957
-0.651411
-0.139793
-0.410966
-0.303272
0.190651
-0.390794
-0.407990
0.578480
-0.142055
0.588542
-0.521981
0.105133
-0.069588
-0.180450
0.137188
-0.126411
0.115125
0.054596
-0.190507
0.014126
-0.241454
-0.496683
-0.255133
-0.315166
0.249952
-0.498690
-0.569532
-0.100979
-0.007161
-0.532384
-0.513495
-0.299146
-0.313303
0.006765
0.576389
-0.522996
0.067907
0.265164
-0.461986
-0.191416
-0.219375
-0.066806
-0.422626
-0.116112
0.052994
-0.548298
-0.604517
-0.578229
-0.162015
-0.443362
-0.368293
-0.689116
-0.259390
-0.283441
-0.397406
0.311862
-0.476761
-0.296713
-0.156029
-0.494010
-0.078000
