Stability: 19.195749440715883668903803131
Active features: 0, 1, 2
Noisy objects (18): 6, 11, 28, 37, 48, 49, 52, 53, 62, 65, 83, 95, 100, 101, 104, 116, 132, 146
Standart objects (6): 24, 43, 86, 89, 97, 124
{24, 0.7153819084023256894273051404M}
{86, 0.8687869316144572494215410564M}
{97, 0.7684105745365466254111093258M}
{43, 0.1844014171193613151886422094M}
{124, 0.1049392667560258476389442168M}
{89, 0.1844014171193613151886422094M}
Groups (5): {0, 1, 2, 3, 72, 97, 54, 122, 55, 58, 80, 64, 112, 42, 92, 143, 4, 5, 75, 102, 30, 125, 12, 33, 14, 61, 36, 66, 67, 69}
{24, 121, 27, 99, 123, 105, 60, 128, 81, 109, 130, 110, 131, 111, 85, 39, 41, 115, 70, 137, 90, 138, 118, 45, 145, 94, 50, 96, 25, 120, 51, 73, 26, 74, 98, 7, 8, 29, 56, 76, 9, 103, 77, 57, 10, 31, 78, 126, 106, 79, 32, 59, 127, 13, 107, 108, 34, 129, 15, 63, 82, 35, 16, 84, 17, 38, 133, 18, 134, 19, 86, 68, 113, 40, 135, 20, 114, 88, 136, 21, 22, 71, 117, 44, 23, 144, 91, 139, 119, 140, 46, 147, 93, 141, 47, 148, 142}
{124}
{87, 43}
{89}
